0.000368 450 1.011250 0.076836 1.158750 0.013896 
0.101071 450 1.011250 0.095034 1.158750 0.013896 
0.201750 450 1.011250 0.095034 1.158750 0.013896 
0.302397 450 1.011250 0.095034 1.158750 0.013896 
0.403106 450 1.011250 0.093012 1.158750 0.013896 
0.503732 450 1.011250 0.093012 1.158750 0.013896 
0.604375 450 1.011250 0.094023 1.158750 0.015054 
0.705033 450 1.011250 0.094023 1.158750 0.015054 
0.805752 450 1.011250 0.094023 1.158750 0.015054 
0.906474 450 1.011250 0.093012 1.158750 0.013896 
1.007186 450 1.011250 0.093012 1.158750 0.013896 
1.107918 450 1.011250 0.094023 1.158750 0.013896 
1.208665 450 1.011250 0.094023 1.158750 0.013896 
1.309394 450 1.011250 0.094023 1.158750 0.013896 
1.410112 450 1.011250 0.078858 1.158750 0.013896 
1.510837 450 1.011250 0.078858 1.158750 0.013896 
1.611557 450 1.011250 0.078858 1.158750 0.013896 
1.712282 450 1.011250 0.074814 1.158750 0.013896 
1.813072 450 1.011250 0.074814 1.158750 0.013896 
1.913799 450 1.011250 0.074814 1.158750 0.013896 
2.014524 450 1.011250 0.074814 1.158750 0.013896 
2.115287 450 1.011250 0.074814 1.158750 0.013896 
2.215998 450 1.011250 0.074814 1.158750 0.013896 
2.316728 450 1.011250 0.074814 1.158750 0.013896 
2.417446 450 1.011250 0.074814 1.158750 0.013896 
2.518235 450 1.011250 0.074814 1.158750 0.013896 
2.618945 450 1.011250 0.074814 1.158750 0.013896 
2.719668 450 1.011250 0.074814 1.158750 0.013896 
2.820396 450 1.011250 0.074814 1.158750 0.013896 
2.921127 450 1.011250 0.074814 1.158750 0.013896 
3.021856 450 1.011250 0.073803 1.158750 0.015054 
3.122575 450 1.011250 0.073803 1.158750 0.015054 
3.223337 450 1.011250 0.081891 1.158750 0.013896 
3.324057 450 1.011250 0.081891 1.158750 0.013896 
3.424779 450 1.011250 0.081891 1.158750 0.013896 
3.525501 450 1.011250 0.074814 1.158750 0.013896 
3.626220 450 1.011250 0.074814 1.158750 0.013896 
3.726942 450 1.011250 0.074814 1.158750 0.013896 
3.827670 450 1.011250 0.074814 1.158750 0.013896 
3.928579 450 1.011250 0.074814 1.158750 0.013896 
4.029309 450 1.011250 0.074814 1.158750 0.013896 
4.130027 450 1.011250 0.074814 1.158750 0.013896 
4.230748 450 1.011250 0.074814 1.158750 0.013896 
4.331469 450 1.011250 0.074814 1.158750 0.013896 
4.432193 450 1.011250 0.074814 1.158750 0.013896 
4.533120 450 1.011250 0.074814 1.158750 0.013896 
4.633842 450 1.011250 0.074814 1.158750 0.013896 
4.734555 450 1.011250 0.074814 1.158750 0.013896 
4.835276 450 1.011250 0.073803 1.158750 0.013896 
4.935991 450 1.011250 0.073803 1.158750 0.013896 
5.036730 450 1.011250 0.073803 1.158750 0.013896 
5.137439 450 1.011250 0.074814 1.158750 0.015054 
5.238204 450 1.011250 0.074814 1.158750 0.015054 
5.338918 450 1.011250 0.074814 1.158750 0.013896 
5.439624 450 1.011250 0.074814 1.158750 0.013896 
5.540335 450 1.011250 0.074814 1.158750 0.013896 
5.641056 450 1.011250 0.074814 1.158750 0.013896 
5.741773 450 1.011250 0.074814 1.158750 0.013896 
5.842487 450 1.011250 0.074814 1.158750 0.013896 
5.943253 450 1.011250 0.074814 1.158750 0.013896 
6.043966 450 1.011250 0.074814 1.158750 0.013896 
6.144677 450 1.011250 0.074814 1.158750 0.013896 
6.245390 450 1.011250 0.074814 1.158750 0.013896 
6.346106 450 1.011250 0.074814 1.158750 0.013896 
6.446817 450 1.011250 0.074814 1.158750 0.013896 
6.547539 450 1.011250 0.074814 1.158750 0.013896 
6.648314 450 1.011250 0.074814 1.158750 0.015054 
6.749029 450 1.011250 0.074814 1.158750 0.015054 
6.849774 450 1.011250 0.074814 1.158750 0.015054 
6.950488 450 1.011250 0.074814 1.158750 0.013896 
7.051205 450 1.011250 0.074814 1.158750 0.013896 
7.151937 450 1.011250 0.074814 1.158750 0.013896 
7.252654 450 1.011250 0.074814 1.158750 0.013896 
7.353423 450 1.011250 0.074814 1.158750 0.013896 
7.454144 450 1.011250 0.074814 1.158750 0.013896 
7.554856 450 1.011250 0.074814 1.158750 0.013896 
7.655576 450 1.011250 0.074814 1.158750 0.013896 
7.756294 450 1.011250 0.074814 1.158750 0.013896 
7.857011 450 1.011250 0.074814 1.158750 0.013896 
7.957886 450 1.011250 0.074814 1.158750 0.013896 
8.058602 450 1.011250 0.074814 1.158750 0.013896 
8.159320 450 1.011250 0.074814 1.158750 0.013896 
8.260186 450 1.011250 0.074814 1.158750 0.013896 
8.360915 450 1.011250 0.074814 1.158750 0.013896 
8.461643 450 1.011250 0.074814 1.158750 0.013896 
8.562368 450 1.011250 0.074814 1.158750 0.013896 
8.663154 450 1.011250 0.074814 1.158750 0.013896 
8.763873 450 1.011250 0.074814 1.158750 0.013896 
8.864600 450 1.011250 0.074814 1.158750 0.013896 
8.965320 450 1.011250 0.074814 1.158750 0.013896 
9.066044 450 1.011250 0.074814 1.158750 0.013896 
9.166767 450 1.011250 0.074814 1.158750 0.013896 
9.267511 450 1.011250 0.074814 1.158750 0.013896 
9.368297 450 1.011250 0.076836 1.158750 0.013896 
9.469027 450 1.011250 0.076836 1.158750 0.013896 
9.569748 450 1.011250 0.077847 1.158750 0.013896 
9.670476 450 1.011250 0.077847 1.158750 0.013896 
9.771203 450 1.011250 0.077847 1.158750 0.013896 
9.871927 450 1.011250 0.075825 1.158750 0.013896 
9.972653 450 1.011250 0.075825 1.158750 0.013896 
10.073430 450 1.011250 0.074814 1.158750 0.013896 
10.174157 450 1.011250 0.074814 1.158750 0.013896 
10.274887 450 1.011250 0.074814 1.158750 0.013896 
10.375618 450 1.011250 0.074814 1.158750 0.013896 
10.476352 450 1.011250 0.074814 1.158750 0.013896 
10.577084 450 1.011250 0.074814 1.158750 0.013896 
10.677801 450 1.011250 0.074814 1.158750 0.013896 
10.778526 450 1.011250 0.074814 1.158750 0.013896 
10.879245 450 1.011250 0.074814 1.158750 0.013896 
10.979979 450 1.011250 0.074814 1.158750 0.013896 
11.080718 450 1.011250 0.074814 1.158750 0.013896 
11.181458 450 1.011250 0.074814 1.158750 0.013896 
11.282179 450 1.011250 0.074814 1.158750 0.013896 
11.383125 450 1.011250 0.074814 1.158750 0.013896 
11.483860 450 1.011250 0.074814 1.158750 0.013896 
11.584589 450 1.011250 0.074814 1.158750 0.013896 
11.685336 450 1.011250 0.080880 1.158750 0.013896 
11.786068 450 1.011250 0.080880 1.158750 0.013896 
11.886794 450 1.011250 0.080880 1.158750 0.013896 
11.987529 450 1.011250 0.074814 1.158750 0.013896 
12.088328 450 1.011250 0.074814 1.158750 0.013896 
12.189051 450 1.011250 0.074814 1.158750 0.013896 
12.289791 450 1.011250 0.074814 1.158750 0.013896 
12.390519 450 1.011250 0.074814 1.158750 0.013896 
12.491251 450 1.011250 0.074814 1.158750 0.013896 
12.591987 450 1.011250 0.074814 1.158750 0.013896 
12.692728 450 1.011250 0.074814 1.158750 0.013896 
12.793495 450 1.011250 0.074814 1.158750 0.013896 
12.894223 450 1.011250 0.074814 1.158750 0.013896 
12.994960 450 1.011250 0.075825 1.158750 0.013896 
13.095685 450 1.011250 0.075825 1.158750 0.013896 
13.196451 450 1.011250 0.075825 1.158750 0.013896 
13.297216 450 1.011250 0.074814 1.158750 0.013896 
13.398034 450 1.011250 0.074814 1.158750 0.013896 
13.498761 450 1.011250 0.074814 1.158750 0.013896 
13.599519 450 1.011250 0.074814 1.158750 0.013896 
13.700261 450 1.011250 0.074814 1.158750 0.013896 
13.800997 450 1.011250 0.074814 1.158750 0.013896 
13.901748 450 1.011250 0.074814 1.158750 0.013896 
14.002484 450 1.011250 0.074814 1.158750 0.013896 
14.103275 450 1.011250 0.074814 1.158750 0.013896 
14.204009 450 1.011250 0.074814 1.158750 0.013896 
14.304747 450 1.011250 0.074814 1.158750 0.013896 
