0.000343 500 1.075000 0.094600 1.158750 0.013896 
0.100990 500 1.073750 0.111592 1.158750 0.013896 
0.201613 500 1.073750 0.111592 1.158750 0.013896 
0.302217 500 1.073750 0.111592 1.158750 0.013896 
0.402812 500 1.073750 0.115884 1.158750 0.015054 
0.503441 500 1.073750 0.115884 1.158750 0.015054 
0.604051 500 1.073750 0.115884 1.158750 0.015054 
0.704657 500 1.073750 0.119103 1.158750 0.013896 
0.805283 500 1.073750 0.119103 1.158750 0.013896 
0.905926 500 1.073750 0.119103 1.158750 0.015054 
1.006576 500 1.073750 0.119103 1.158750 0.015054 
1.107276 500 1.073750 0.119103 1.158750 0.015054 
1.208010 500 1.073750 0.116957 1.158750 0.013896 
1.308681 500 1.073750 0.116957 1.158750 0.013896 
1.409354 500 1.073750 0.116957 1.158750 0.013896 
1.510027 500 1.075000 0.097825 1.158750 0.013896 
1.610700 500 1.075000 0.097825 1.158750 0.013896 
1.711374 500 1.073750 0.094424 1.158750 0.015054 
1.812049 500 1.073750 0.094424 1.158750 0.015054 
1.912725 500 1.073750 0.094424 1.158750 0.015054 
2.013597 500 1.073750 0.094424 1.158750 0.013896 
2.114260 500 1.073750 0.094424 1.158750 0.013896 
2.214925 500 1.075000 0.094600 1.158750 0.013896 
2.315599 500 1.075000 0.094600 1.158750 0.013896 
2.416271 500 1.075000 0.094600 1.158750 0.013896 
2.516949 500 1.073750 0.094424 1.158750 0.013896 
2.617628 500 1.073750 0.094424 1.158750 0.013896 
2.718369 500 1.073750 0.094424 1.158750 0.013896 
2.819058 500 1.073750 0.094424 1.158750 0.013896 
2.919733 500 1.073750 0.094424 1.158750 0.013896 
3.020409 500 1.073750 0.097643 1.158750 0.013896 
3.121096 500 1.073750 0.097643 1.158750 0.013896 
3.221775 500 1.073750 0.097643 1.158750 0.013896 
3.322450 500 1.073750 0.094424 1.158750 0.013896 
3.423186 500 1.073750 0.094424 1.158750 0.013896 
3.523870 500 1.073750 0.094424 1.158750 0.013896 
3.624550 500 1.073750 0.095497 1.158750 0.013896 
3.725232 500 1.073750 0.095497 1.158750 0.013896 
3.825909 500 1.075000 0.094600 1.158750 0.015054 
3.926586 500 1.075000 0.094600 1.158750 0.015054 
4.027266 500 1.075000 0.094600 1.158750 0.015054 
4.127919 500 1.073750 0.095497 1.158750 0.013896 
4.228595 500 1.073750 0.095497 1.158750 0.013896 
4.329275 500 1.075000 0.094600 1.158750 0.013896 
4.429958 500 1.075000 0.094600 1.158750 0.013896 
4.530644 500 1.075000 0.094600 1.158750 0.013896 
4.631327 500 1.073750 0.095497 1.158750 0.013896 
4.732009 500 1.073750 0.095497 1.158750 0.013896 
4.832699 500 1.073750 0.095497 1.158750 0.013896 
4.933435 500 1.073750 0.094424 1.158750 0.013896 
5.034116 500 1.073750 0.094424 1.158750 0.013896 
5.134797 500 1.073750 0.094424 1.158750 0.015054 
5.235474 500 1.073750 0.094424 1.158750 0.015054 
5.336160 500 1.073750 0.094424 1.158750 0.015054 
5.436842 500 1.073750 0.094424 1.158750 0.015054 
5.537527 500 1.073750 0.094424 1.158750 0.015054 
5.638417 500 1.073750 0.094424 1.158750 0.015054 
5.739099 500 1.075000 0.095675 1.158750 0.013896 
5.839784 500 1.075000 0.095675 1.158750 0.013896 
5.940488 500 1.073750 0.094424 1.158750 0.013896 
6.041186 500 1.073750 0.094424 1.158750 0.013896 
6.141871 500 1.073750 0.094424 1.158750 0.013896 
6.242546 500 1.073750 0.094424 1.158750 0.013896 
6.343295 500 1.073750 0.094424 1.158750 0.013896 
6.443956 500 1.075000 0.094600 1.158750 0.013896 
6.544638 500 1.075000 0.094600 1.158750 0.013896 
6.645325 500 1.075000 0.094600 1.158750 0.013896 
6.746000 500 1.075000 0.094600 1.158750 0.013896 
6.846665 500 1.075000 0.094600 1.158750 0.013896 
6.947345 500 1.075000 0.094600 1.158750 0.013896 
7.048096 500 1.073750 0.095497 1.158750 0.015054 
7.148786 500 1.073750 0.095497 1.158750 0.015054 
7.249468 500 1.073750 0.094424 1.158750 0.015054 
7.350148 500 1.073750 0.094424 1.158750 0.015054 
7.450833 500 1.073750 0.094424 1.158750 0.015054 
7.551513 500 1.075000 0.094600 1.158750 0.015054 
7.652198 500 1.075000 0.094600 1.158750 0.015054 
7.752907 500 1.075000 0.095675 1.158750 0.015054 
7.853579 500 1.075000 0.095675 1.158750 0.015054 
7.954257 500 1.075000 0.095675 1.158750 0.015054 
8.054939 500 1.075000 0.094600 1.158750 0.013896 
8.155625 500 1.075000 0.094600 1.158750 0.013896 
8.256452 500 1.075000 0.094600 1.158750 0.013896 
8.357147 500 1.073750 0.094424 1.158750 0.013896 
8.457836 500 1.073750 0.094424 1.158750 0.013896 
8.558554 500 1.073750 0.095497 1.158750 0.013896 
8.659239 500 1.073750 0.095497 1.158750 0.013896 
8.759919 500 1.073750 0.095497 1.158750 0.013896 
8.860595 500 1.075000 0.094600 1.158750 0.015054 
8.961277 500 1.075000 0.094600 1.158750 0.015054 
9.061961 500 1.075000 0.094600 1.158750 0.015054 
9.162642 500 1.073750 0.095497 1.158750 0.015054 
9.263368 500 1.073750 0.095497 1.158750 0.015054 
9.364057 500 1.073750 0.094424 1.158750 0.013896 
9.464740 500 1.073750 0.094424 1.158750 0.013896 
9.565419 500 1.073750 0.094424 1.158750 0.013896 
9.666101 500 1.073750 0.099789 1.158750 0.013896 
9.766786 500 1.073750 0.099789 1.158750 0.013896 
9.867460 500 1.075000 0.095675 1.158750 0.013896 
9.968198 500 1.075000 0.095675 1.158750 0.013896 
10.068883 500 1.075000 0.095675 1.158750 0.013896 
10.169572 500 1.075000 0.094600 1.158750 0.013896 
10.270268 500 1.075000 0.094600 1.158750 0.013896 
10.370959 500 1.075000 0.094600 1.158750 0.013896 
10.471651 500 1.073750 0.094424 1.158750 0.015054 
10.572344 500 1.073750 0.094424 1.158750 0.015054 
10.673100 500 1.073750 0.094424 1.158750 0.013896 
10.773786 500 1.073750 0.094424 1.158750 0.013896 
10.874456 500 1.073750 0.094424 1.158750 0.013896 
10.975134 500 1.073750 0.094424 1.158750 0.013896 
11.075821 500 1.073750 0.094424 1.158750 0.013896 
11.176510 500 1.073750 0.094424 1.158750 0.013896 
11.277192 500 1.075000 0.094600 1.158750 0.015054 
11.377929 500 1.075000 0.094600 1.158750 0.015054 
11.478599 500 1.075000 0.103200 1.158750 0.015054 
11.579277 500 1.075000 0.103200 1.158750 0.015054 
11.679970 500 1.075000 0.103200 1.158750 0.015054 
11.780667 500 1.073750 0.094424 1.158750 0.013896 
11.881322 500 1.073750 0.094424 1.158750 0.013896 
11.982008 500 1.073750 0.094424 1.158750 0.013896 
12.082698 500 1.073750 0.094424 1.158750 0.013896 
12.183443 500 1.073750 0.094424 1.158750 0.013896 
12.284128 500 1.075000 0.094600 1.158750 0.013896 
12.384819 500 1.075000 0.094600 1.158750 0.013896 
12.485505 500 1.075000 0.094600 1.158750 0.013896 
12.586188 500 1.075000 0.094600 1.158750 0.013896 
