0.000449 350 0.948750 0.061620 1.158750 0.013896 
0.101289 350 0.948750 0.061620 1.158750 0.013896 
0.202056 350 0.948750 0.065412 1.158750 0.013896 
0.302829 350 0.948750 0.065412 1.158750 0.013896 
0.403574 350 0.948750 0.065412 1.158750 0.013896 
0.504322 350 0.948750 0.066360 1.158750 0.013896 
0.605061 350 0.948750 0.066360 1.158750 0.013896 
0.705875 350 0.948750 0.064464 1.158750 0.015054 
0.806721 350 0.948750 0.064464 1.158750 0.015054 
0.907649 350 0.948750 0.064464 1.158750 0.015054 
1.008446 350 0.948750 0.062568 1.158750 0.013896 
1.109203 350 0.948750 0.062568 1.158750 0.013896 
1.209954 350 0.948750 0.062568 1.158750 0.013896 
1.310703 350 0.948750 0.066360 1.158750 0.013896 
1.411503 350 0.948750 0.066360 1.158750 0.013896 
1.512435 350 0.948750 0.065412 1.158750 0.013896 
1.613278 350 0.948750 0.065412 1.158750 0.013896 
1.714113 350 0.948750 0.065412 1.158750 0.013896 
1.814954 350 0.950000 0.055100 1.158750 0.013896 
1.915804 350 0.950000 0.055100 1.158750 0.013896 
2.016632 350 0.948750 0.052140 1.158750 0.013896 
2.117538 350 0.948750 0.052140 1.158750 0.013896 
2.218368 350 0.948750 0.052140 1.158750 0.013896 
2.319209 350 0.950000 0.052250 1.158750 0.013896 
2.420041 350 0.950000 0.052250 1.158750 0.013896 
2.520883 350 0.950000 0.052250 1.158750 0.013896 
2.621721 350 0.950000 0.052250 1.158750 0.013896 
2.723314 350 0.950000 0.052250 1.158750 0.013896 
2.824315 350 0.948750 0.055932 1.158750 0.013896 
2.925156 350 0.948750 0.055932 1.158750 0.013896 
3.025979 350 0.948750 0.055932 1.158750 0.013896 
3.126822 350 0.950000 0.054150 1.158750 0.013896 
3.227739 350 0.950000 0.054150 1.158750 0.013896 
3.328577 350 0.948750 0.052140 1.158750 0.013896 
3.429412 350 0.948750 0.052140 1.158750 0.013896 
3.530259 350 0.948750 0.052140 1.158750 0.013896 
3.631098 350 0.948750 0.052140 1.158750 0.013896 
3.731945 350 0.948750 0.052140 1.158750 0.013896 
3.832884 350 0.948750 0.052140 1.158750 0.013896 
3.933729 350 0.948750 0.052140 1.158750 0.013896 
4.034564 350 0.948750 0.052140 1.158750 0.013896 
4.135403 350 0.948750 0.052140 1.158750 0.013896 
4.236241 350 0.948750 0.052140 1.158750 0.013896 
4.337089 350 0.948750 0.052140 1.158750 0.013896 
4.437977 350 0.948750 0.052140 1.158750 0.013896 
4.538820 350 0.948750 0.052140 1.158750 0.013896 
4.639656 350 0.948750 0.052140 1.158750 0.013896 
4.740562 350 0.948750 0.052140 1.158750 0.013896 
4.841402 350 0.948750 0.052140 1.158750 0.013896 
4.942213 350 0.948750 0.052140 1.158750 0.013896 
5.043046 350 0.948750 0.052140 1.158750 0.013896 
5.144189 350 0.948750 0.052140 1.158750 0.013896 
5.245026 350 0.948750 0.052140 1.158750 0.013896 
5.345864 350 0.948750 0.052140 1.158750 0.013896 
5.446691 350 0.948750 0.052140 1.158750 0.013896 
5.547588 350 0.948750 0.052140 1.158750 0.013896 
5.648415 350 0.948750 0.052140 1.158750 0.013896 
5.749249 350 0.950000 0.052250 1.158750 0.013896 
5.850087 350 0.950000 0.052250 1.158750 0.013896 
5.950925 350 0.950000 0.052250 1.158750 0.013896 
6.051763 350 0.948750 0.052140 1.158750 0.013896 
6.152658 350 0.948750 0.052140 1.158750 0.013896 
6.253495 350 0.948750 0.052140 1.158750 0.013896 
6.354331 350 0.948750 0.052140 1.158750 0.013896 
6.455170 350 0.948750 0.052140 1.158750 0.013896 
6.556005 350 0.948750 0.052140 1.158750 0.013896 
6.656844 350 0.948750 0.052140 1.158750 0.013896 
6.757746 350 0.948750 0.052140 1.158750 0.013896 
6.858700 350 0.948750 0.052140 1.158750 0.013896 
6.959537 350 0.948750 0.052140 1.158750 0.013896 
7.060372 350 0.948750 0.052140 1.158750 0.013896 
7.161261 350 0.948750 0.052140 1.158750 0.013896 
7.262098 350 0.948750 0.052140 1.158750 0.013896 
7.362972 350 0.950000 0.052250 1.158750 0.013896 
7.463816 350 0.950000 0.052250 1.158750 0.013896 
7.564655 350 0.948750 0.052140 1.158750 0.013896 
7.665495 350 0.948750 0.052140 1.158750 0.013896 
7.766336 350 0.948750 0.052140 1.158750 0.013896 
7.867196 350 0.948750 0.052140 1.158750 0.013896 
7.968035 350 0.948750 0.052140 1.158750 0.013896 
8.068861 350 0.948750 0.052140 1.158750 0.013896 
8.169700 350 0.948750 0.052140 1.158750 0.015054 
8.270714 350 0.948750 0.052140 1.158750 0.015054 
8.371565 350 0.948750 0.053088 1.158750 0.013896 
8.472480 350 0.948750 0.053088 1.158750 0.013896 
8.573331 350 0.948750 0.053088 1.158750 0.013896 
8.674180 350 0.950000 0.052250 1.158750 0.013896 
8.775025 350 0.950000 0.052250 1.158750 0.013896 
8.875865 350 0.948750 0.052140 1.158750 0.013896 
8.976711 350 0.948750 0.052140 1.158750 0.013896 
9.077634 350 0.948750 0.052140 1.158750 0.013896 
9.178483 350 0.948750 0.052140 1.158750 0.013896 
9.279358 350 0.948750 0.052140 1.158750 0.013896 
9.380216 350 0.948750 0.052140 1.158750 0.013896 
9.481076 350 0.948750 0.054036 1.158750 0.013896 
9.581938 350 0.948750 0.054036 1.158750 0.013896 
9.682842 350 0.948750 0.056880 1.158750 0.013896 
9.783687 350 0.948750 0.056880 1.158750 0.013896 
9.884533 350 0.948750 0.056880 1.158750 0.013896 
9.985380 350 0.948750 0.052140 1.158750 0.013896 
10.086231 350 0.948750 0.052140 1.158750 0.013896 
10.187081 350 0.948750 0.052140 1.158750 0.013896 
10.287981 350 0.948750 0.052140 1.158750 0.013896 
10.388831 350 0.948750 0.052140 1.158750 0.013896 
10.489689 350 0.948750 0.052140 1.158750 0.013896 
10.590544 350 0.948750 0.052140 1.158750 0.013896 
10.691399 350 0.948750 0.052140 1.158750 0.013896 
10.792325 350 0.950000 0.052250 1.158750 0.013896 
10.893176 350 0.950000 0.052250 1.158750 0.013896 
10.994033 350 0.948750 0.052140 1.158750 0.013896 
11.094903 350 0.948750 0.052140 1.158750 0.013896 
11.195754 350 0.948750 0.052140 1.158750 0.013896 
11.296618 350 0.948750 0.052140 1.158750 0.013896 
11.397509 350 0.948750 0.052140 1.158750 0.013896 
11.498365 350 0.948750 0.052140 1.158750 0.013896 
11.599222 350 0.948750 0.056880 1.158750 0.013896 
11.700077 350 0.948750 0.056880 1.158750 0.013896 
11.800928 350 0.948750 0.052140 1.158750 0.013896 
11.901785 350 0.948750 0.052140 1.158750 0.013896 
12.002716 350 0.948750 0.052140 1.158750 0.013896 
12.103569 350 0.948750 0.052140 1.158750 0.013896 
12.204425 350 0.948750 0.052140 1.158750 0.013896 
12.305271 350 0.950000 0.052250 1.158750 0.013896 
12.406130 350 0.950000 0.052250 1.158750 0.013896 
12.506985 350 0.950000 0.052250 1.158750 0.013896 
12.607907 350 0.948750 0.052140 1.158750 0.013896 
12.708765 350 0.948750 0.052140 1.158750 0.013896 
12.809620 350 0.948750 0.052140 1.158750 0.013896 
12.910469 350 0.948750 0.052140 1.158750 0.013896 
13.011334 350 0.948750 0.052140 1.158750 0.013896 
13.112207 350 0.950000 0.052250 1.158750 0.013896 
13.213104 350 0.950000 0.052250 1.158750 0.013896 
13.313957 350 0.950000 0.052250 1.158750 0.013896 
13.414805 350 0.948750 0.052140 1.158750 0.013896 
13.515665 350 0.948750 0.052140 1.158750 0.013896 
13.616517 350 0.948750 0.052140 1.158750 0.013896 
13.717464 350 0.948750 0.052140 1.158750 0.013896 
13.818334 350 0.948750 0.052140 1.158750 0.013896 
13.919193 350 0.948750 0.052140 1.158750 0.013896 
14.020048 350 0.948750 0.052140 1.158750 0.013896 
14.120907 350 0.948750 0.052140 1.158750 0.013896 
14.221773 350 0.950000 0.052250 1.158750 0.013896 
14.322696 350 0.950000 0.052250 1.158750 0.013896 
14.423553 350 0.948750 0.052140 1.158750 0.013896 
14.524407 350 0.948750 0.052140 1.158750 0.013896 
14.625265 350 0.948750 0.052140 1.158750 0.013896 
14.726113 350 0.948750 0.052140 1.158750 0.013896 
14.826981 350 0.948750 0.052140 1.158750 0.013896 
14.927910 350 0.948750 0.052140 1.158750 0.013896 
15.028759 350 0.950000 0.052250 1.158750 0.013896 
15.129618 350 0.950000 0.052250 1.158750 0.013896 
15.230472 350 0.948750 0.052140 1.158750 0.013896 
15.331327 350 0.948750 0.052140 1.158750 0.013896 
15.432224 350 0.948750 0.052140 1.158750 0.013896 
15.533087 350 0.950000 0.052250 1.158750 0.013896 
15.633947 350 0.950000 0.052250 1.158750 0.013896 
15.734800 350 0.948750 0.052140 1.158750 0.013896 
15.835696 350 0.948750 0.052140 1.158750 0.013896 
15.936554 350 0.948750 0.052140 1.158750 0.013896 
16.037470 350 0.948750 0.052140 1.158750 0.013896 
16.138300 350 0.948750 0.052140 1.158750 0.013896 
16.239156 350 0.948750 0.052140 1.158750 0.013896 
16.340013 350 0.950000 0.052250 1.158750 0.013896 
16.441020 350 0.950000 0.052250 1.158750 0.013896 
16.541884 350 0.950000 0.052250 1.158750 0.013896 
16.642813 350 0.950000 0.052250 1.158750 0.013896 
16.743658 350 0.950000 0.052250 1.158750 0.013896 
16.844519 350 0.950000 0.052250 1.158750 0.013896 
16.945369 350 0.950000 0.052250 1.158750 0.013896 
17.046216 350 0.948750 0.052140 1.158750 0.013896 
17.147067 350 0.948750 0.052140 1.158750 0.013896 
17.247977 350 0.948750 0.052140 1.158750 0.013896 
17.348822 350 0.948750 0.052140 1.158750 0.013896 
17.449706 350 0.948750 0.052140 1.158750 0.013896 
17.550572 350 0.948750 0.052140 1.158750 0.013896 
17.651433 350 0.948750 0.054984 1.158750 0.013896 
17.752524 350 0.948750 0.054984 1.158750 0.013896 
17.853373 350 0.948750 0.054984 1.158750 0.013896 
17.954222 350 0.948750 0.054984 1.158750 0.013896 
18.055043 350 0.948750 0.054984 1.158750 0.013896 
18.155924 350 0.948750 0.052140 1.158750 0.013896 
