0.000274 900 1.200000 0.018000 0.927500 0.621090 
0.100914 900 1.200000 0.018000 0.928750 0.542880 
0.201484 900 1.200000 0.018000 0.928750 0.542880 
0.302055 900 1.200000 0.018000 0.928750 0.542880 
0.402617 900 1.200000 0.018000 0.930000 0.555210 
0.503189 900 1.200000 0.018000 0.930000 0.555210 
0.603757 900 1.200000 0.018000 0.930000 0.566370 
0.704396 900 1.200000 0.018000 0.930000 0.566370 
0.804988 900 1.200000 0.018000 0.930000 0.566370 
0.905616 900 1.200000 0.018000 0.928750 0.593920 
1.006243 900 1.200000 0.018000 0.928750 0.593920 
1.106881 900 1.200000 0.018000 0.928750 0.565152 
1.207435 900 1.200000 0.018000 0.928750 0.565152 
1.307986 900 1.200000 0.018000 0.928750 0.565152 
1.408555 900 1.200000 0.018000 0.928750 0.620832 
1.509083 900 1.200000 0.018000 0.928750 0.620832 
1.609627 900 1.200000 0.018000 0.928750 0.620832 
1.710146 900 1.200000 0.018000 0.928750 0.623616 
1.810664 900 1.200000 0.018000 0.928750 0.623616 
1.911190 900 1.200000 0.018000 0.928750 0.623616 
2.011710 900 1.200000 0.018000 0.928750 0.623616 
2.112237 900 1.200000 0.018000 0.928750 0.623616 
2.212751 900 1.200000 0.018000 0.928750 0.618048 
2.313310 900 1.200000 0.018000 0.928750 0.618048 
2.413834 900 1.200000 0.018000 0.928750 0.618048 
2.514371 900 1.200000 0.018000 0.928750 0.621760 
2.614911 900 1.200000 0.018000 0.928750 0.621760 
2.715432 900 1.200000 0.018000 0.928750 0.622688 
2.815964 900 1.200000 0.018000 0.928750 0.622688 
2.916565 900 1.200000 0.018000 0.928750 0.622688 
3.017195 900 1.200000 0.018000 0.928750 0.620832 
3.117751 900 1.200000 0.018000 0.928750 0.620832 
3.218343 900 1.200000 0.018000 0.928750 0.591136 
3.318893 900 1.200000 0.018000 0.928750 0.591136 
3.419420 900 1.200000 0.018000 0.928750 0.591136 
3.519946 900 1.200000 0.018000 0.928750 0.623616 
3.620527 900 1.200000 0.018000 0.928750 0.623616 
3.721059 900 1.200000 0.018000 0.928750 0.623616 
3.821580 900 1.200000 0.018000 0.928750 0.616192 
3.922110 900 1.200000 0.018000 0.928750 0.616192 
4.022649 900 1.200000 0.018000 0.928750 0.623616 
4.123190 900 1.200000 0.018000 0.928750 0.623616 
4.223730 900 1.200000 0.018000 0.928750 0.623616 
4.324272 900 1.200000 0.018000 0.928750 0.618048 
4.424802 900 1.200000 0.018000 0.928750 0.618048 
4.525320 900 1.200000 0.018000 0.928750 0.618048 
4.625867 900 1.200000 0.018000 0.928750 0.623616 
4.726391 900 1.200000 0.018000 0.928750 0.623616 
4.826910 900 1.200000 0.018000 0.928750 0.620832 
