0.000324 550 1.136250 0.118144 1.158750 0.015054 
0.100940 550 1.136250 0.118144 1.158750 0.015054 
0.201531 550 1.136250 0.146544 1.158750 0.015054 
0.302135 550 1.136250 0.146544 1.158750 0.015054 
0.402724 550 1.136250 0.145408 1.158750 0.015054 
0.503409 550 1.136250 0.145408 1.158750 0.015054 
0.604075 550 1.136250 0.145408 1.158750 0.015054 
0.704704 550 1.136250 0.135184 1.158750 0.013896 
0.805362 550 1.136250 0.135184 1.158750 0.013896 
0.906003 550 1.136250 0.135184 1.158750 0.013896 
1.006643 550 1.136250 0.131776 1.158750 0.015054 
1.107254 550 1.136250 0.131776 1.158750 0.015054 
1.207902 550 1.136250 0.144272 1.158750 0.015054 
1.308588 550 1.136250 0.144272 1.158750 0.015054 
1.409220 550 1.136250 0.144272 1.158750 0.015054 
1.509853 550 1.136250 0.126096 1.158750 0.015054 
1.610529 550 1.136250 0.126096 1.158750 0.015054 
1.711168 550 1.136250 0.126096 1.158750 0.015054 
1.811800 550 1.136250 0.118144 1.158750 0.015054 
1.912477 550 1.136250 0.118144 1.158750 0.015054 
2.013139 550 1.136250 0.118144 1.158750 0.015054 
2.113775 550 1.136250 0.118144 1.158750 0.015054 
2.214415 550 1.136250 0.118144 1.158750 0.015054 
2.315051 550 1.136250 0.118144 1.158750 0.015054 
2.415694 550 1.136250 0.118144 1.158750 0.015054 
2.516329 550 1.136250 0.118144 1.158750 0.015054 
2.616968 550 1.136250 0.118144 1.158750 0.015054 
2.717614 550 1.136250 0.118144 1.158750 0.015054 
2.818330 550 1.136250 0.118144 1.158750 0.015054 
2.918983 550 1.136250 0.118144 1.158750 0.015054 
3.019621 550 1.136250 0.118144 1.158750 0.015054 
3.120260 550 1.136250 0.126096 1.158750 0.013896 
3.220906 550 1.136250 0.126096 1.158750 0.013896 
3.321551 550 1.136250 0.118144 1.158750 0.015054 
3.422194 550 1.136250 0.118144 1.158750 0.015054 
3.522834 550 1.136250 0.118144 1.158750 0.015054 
3.623529 550 1.136250 0.118144 1.158750 0.015054 
3.724174 550 1.136250 0.118144 1.158750 0.015054 
3.824814 550 1.136250 0.118144 1.158750 0.015054 
3.925446 550 1.136250 0.118144 1.158750 0.013896 
4.026090 550 1.136250 0.118144 1.158750 0.013896 
4.126736 550 1.136250 0.118144 1.158750 0.015054 
4.227385 550 1.136250 0.118144 1.158750 0.015054 
4.328033 550 1.136250 0.118144 1.158750 0.015054 
4.428740 550 1.136250 0.118144 1.158750 0.015054 
4.529382 550 1.136250 0.118144 1.158750 0.015054 
4.630023 550 1.136250 0.118144 1.158750 0.015054 
4.730664 550 1.136250 0.118144 1.158750 0.015054 
4.831305 550 1.136250 0.118144 1.158750 0.015054 
4.931954 550 1.136250 0.118144 1.158750 0.015054 
5.032598 550 1.136250 0.118144 1.158750 0.015054 
5.133302 550 1.136250 0.118144 1.158750 0.015054 
5.233951 550 1.136250 0.118144 1.158750 0.015054 
5.334598 550 1.136250 0.118144 1.158750 0.015054 
5.435273 550 1.136250 0.118144 1.158750 0.013896 
5.535914 550 1.136250 0.118144 1.158750 0.013896 
5.636561 550 1.136250 0.118144 1.158750 0.013896 
5.737209 550 1.136250 0.118144 1.158750 0.013896 
5.837857 550 1.136250 0.118144 1.158750 0.013896 
5.938562 550 1.136250 0.118144 1.158750 0.013896 
6.039256 550 1.136250 0.118144 1.158750 0.015054 
6.139899 550 1.136250 0.118144 1.158750 0.015054 
6.240544 550 1.136250 0.118144 1.158750 0.015054 
6.341194 550 1.136250 0.118144 1.158750 0.015054 
6.441839 550 1.136250 0.118144 1.158750 0.015054 
6.542480 550 1.136250 0.118144 1.158750 0.015054 
6.643144 550 1.136250 0.118144 1.158750 0.015054 
6.743787 550 1.136250 0.118144 1.158750 0.013896 
6.844433 550 1.136250 0.118144 1.158750 0.013896 
6.945073 550 1.136250 0.118144 1.158750 0.013896 
7.045727 550 1.136250 0.118144 1.158750 0.013896 
7.146369 550 1.136250 0.118144 1.158750 0.013896 
7.247018 550 1.136250 0.118144 1.158750 0.013896 
7.347670 550 1.136250 0.118144 1.158750 0.013896 
7.448378 550 1.136250 0.118144 1.158750 0.013896 
7.549022 550 1.136250 0.118144 1.158750 0.015054 
7.649665 550 1.136250 0.118144 1.158750 0.015054 
7.750311 550 1.136250 0.118144 1.158750 0.015054 
7.850959 550 1.136250 0.118144 1.158750 0.015054 
7.951605 550 1.136250 0.118144 1.158750 0.015054 
8.052247 550 1.136250 0.118144 1.158750 0.013896 
8.152896 550 1.136250 0.118144 1.158750 0.013896 
8.253728 550 1.136250 0.118144 1.158750 0.013896 
8.354410 550 1.136250 0.118144 1.158750 0.015054 
8.455052 550 1.136250 0.118144 1.158750 0.015054 
8.555699 550 1.136250 0.118144 1.158750 0.015054 
8.656353 550 1.136250 0.118144 1.158750 0.015054 
8.757003 550 1.136250 0.118144 1.158750 0.015054 
8.857652 550 1.136250 0.118144 1.158750 0.015054 
8.958354 550 1.136250 0.118144 1.158750 0.015054 
9.059002 550 1.136250 0.118144 1.158750 0.015054 
9.159649 550 1.136250 0.118144 1.158750 0.015054 
9.260323 550 1.136250 0.118144 1.158750 0.015054 
9.360975 550 1.136250 0.118144 1.158750 0.015054 
9.461615 550 1.136250 0.123824 1.158750 0.015054 
9.562263 550 1.136250 0.123824 1.158750 0.015054 
9.662909 550 1.136250 0.121552 1.158750 0.015054 
9.763614 550 1.136250 0.121552 1.158750 0.015054 
9.864266 550 1.136250 0.121552 1.158750 0.015054 
9.964905 550 1.136250 0.118144 1.158750 0.013896 
10.065557 550 1.136250 0.118144 1.158750 0.013896 
10.166200 550 1.136250 0.118144 1.158750 0.015054 
10.266850 550 1.136250 0.118144 1.158750 0.015054 
10.367512 550 1.136250 0.118144 1.158750 0.015054 
10.468144 550 1.136250 0.118144 1.158750 0.015054 
10.568792 550 1.136250 0.118144 1.158750 0.015054 
10.669432 550 1.136250 0.118144 1.158750 0.015054 
10.770081 550 1.136250 0.118144 1.158750 0.013896 
10.870725 550 1.136250 0.118144 1.158750 0.013896 
10.971367 550 1.136250 0.118144 1.158750 0.015054 
11.072027 550 1.136250 0.118144 1.158750 0.015054 
11.172696 550 1.136250 0.118144 1.158750 0.015054 
11.273411 550 1.136250 0.118144 1.158750 0.015054 
11.374098 550 1.136250 0.118144 1.158750 0.015054 
11.474751 550 1.136250 0.118144 1.158750 0.015054 
11.575397 550 1.136250 0.123824 1.158750 0.015054 
11.676053 550 1.136250 0.123824 1.158750 0.015054 
11.776702 550 1.136250 0.118144 1.158750 0.013896 
11.877350 550 1.136250 0.118144 1.158750 0.013896 
11.977998 550 1.136250 0.118144 1.158750 0.013896 
