0.000308 800 1.200000 0.018000 0.917500 0.545615 
0.101011 800 1.200000 0.018000 0.917500 0.486010 
0.201631 800 1.200000 0.018000 0.917500 0.486010 
0.302240 800 1.200000 0.018000 0.917500 0.486010 
0.402859 800 1.200000 0.018000 0.917500 0.470421 
0.503520 800 1.200000 0.018000 0.917500 0.470421 
0.604227 800 1.200000 0.018000 0.917500 0.470421 
0.704926 800 1.200000 0.018000 0.917500 0.491512 
0.805631 800 1.200000 0.018000 0.917500 0.491512 
0.906315 800 1.200000 0.018000 0.917500 0.407148 
1.007035 800 1.200000 0.018000 0.917500 0.407148 
1.107727 800 1.200000 0.018000 0.917500 0.407148 
1.208382 800 1.200000 0.018000 0.917500 0.421820 
1.308980 800 1.200000 0.018000 0.917500 0.421820 
1.409579 800 1.200000 0.018000 0.917500 0.543781 
1.510157 800 1.200000 0.018000 0.917500 0.543781 
1.610747 800 1.200000 0.018000 0.917500 0.543781 
1.711319 800 1.200000 0.018000 0.917500 0.541030 
1.811920 800 1.200000 0.018000 0.917500 0.541030 
1.912489 800 1.200000 0.018000 0.917500 0.541030 
2.013116 800 1.200000 0.018000 0.917500 0.542864 
2.113702 800 1.200000 0.018000 0.917500 0.542864 
2.214276 800 1.200000 0.018000 0.917500 0.541030 
2.314849 800 1.200000 0.018000 0.917500 0.541030 
2.415445 800 1.200000 0.018000 0.917500 0.541030 
2.516035 800 1.200000 0.018000 0.917500 0.542864 
2.616612 800 1.200000 0.018000 0.917500 0.542864 
2.717178 800 1.200000 0.018000 0.917500 0.542864 
2.817786 800 1.200000 0.018000 0.917500 0.542864 
2.918519 800 1.200000 0.018000 0.917500 0.542864 
3.019220 800 1.200000 0.018000 0.917500 0.513520 
3.119826 800 1.200000 0.018000 0.917500 0.513520 
3.220407 800 1.200000 0.018000 0.917500 0.513520 
3.321006 800 1.200000 0.018000 0.917500 0.544698 
3.421640 800 1.200000 0.018000 0.917500 0.544698 
3.522219 800 1.200000 0.018000 0.917500 0.540113 
3.622797 800 1.200000 0.018000 0.917500 0.540113 
3.723409 800 1.200000 0.018000 0.917500 0.540113 
3.823989 800 1.200000 0.018000 0.917500 0.542864 
3.924547 800 1.200000 0.018000 0.917500 0.542864 
4.025150 800 1.200000 0.018000 0.917500 0.542864 
4.125752 800 1.200000 0.018000 0.917500 0.543781 
4.226330 800 1.200000 0.018000 0.917500 0.543781 
4.326924 800 1.200000 0.018000 0.917500 0.540113 
4.427529 800 1.200000 0.018000 0.917500 0.540113 
4.528175 800 1.200000 0.018000 0.917500 0.540113 
4.628768 800 1.200000 0.018000 0.917500 0.530026 
4.729345 800 1.200000 0.018000 0.917500 0.530026 
4.829927 800 1.200000 0.018000 0.917500 0.530026 
4.930498 800 1.200000 0.018000 0.917500 0.530026 
5.031078 800 1.200000 0.018000 0.917500 0.530026 
5.131657 800 1.200000 0.018000 0.917500 0.543781 
5.232234 800 1.200000 0.018000 0.917500 0.543781 
