0.000304 600 1.198750 0.146156 1.158750 0.015054 
0.100869 600 1.198750 0.160532 1.158750 0.015054 
0.201425 600 1.198750 0.160532 1.158750 0.015054 
0.301964 600 1.198750 0.160532 1.158750 0.015054 
0.402500 600 1.198750 0.176106 1.158750 0.015054 
0.503045 600 1.198750 0.176106 1.158750 0.015054 
0.603625 600 1.198750 0.183294 1.158750 0.015054 
0.704168 600 1.198750 0.183294 1.158750 0.015054 
0.804804 600 1.198750 0.183294 1.158750 0.015054 
0.905415 600 1.198750 0.184492 1.158750 0.015054 
1.006061 600 1.198750 0.184492 1.158750 0.015054 
1.106662 600 1.198750 0.166522 1.158750 0.015054 
1.207273 600 1.198750 0.166522 1.158750 0.015054 
1.307878 600 1.198750 0.166522 1.158750 0.015054 
1.408529 600 1.198750 0.146156 1.158750 0.015054 
1.509128 600 1.198750 0.146156 1.158750 0.015054 
1.609730 600 1.198750 0.146156 1.158750 0.015054 
1.710337 600 1.198750 0.146156 1.158750 0.015054 
1.810944 600 1.198750 0.146156 1.158750 0.015054 
1.911551 600 1.198750 0.146156 1.158750 0.015054 
2.012157 600 1.198750 0.146156 1.158750 0.015054 
2.112765 600 1.198750 0.146156 1.158750 0.015054 
2.213429 600 1.198750 0.146156 1.158750 0.015054 
2.314020 600 1.198750 0.146156 1.158750 0.015054 
2.414616 600 1.198750 0.146156 1.158750 0.015054 
2.515226 600 1.198750 0.146156 1.158750 0.015054 
2.615830 600 1.198750 0.146156 1.158750 0.015054 
2.716436 600 1.198750 0.144958 1.158750 0.013896 
2.817066 600 1.198750 0.144958 1.158750 0.013896 
2.917656 600 1.198750 0.144958 1.158750 0.013896 
3.018330 600 1.198750 0.148552 1.158750 0.015054 
3.118938 600 1.198750 0.148552 1.158750 0.015054 
3.219547 600 1.198750 0.146156 1.158750 0.015054 
3.320148 600 1.198750 0.146156 1.158750 0.015054 
3.420751 600 1.198750 0.146156 1.158750 0.015054 
3.521364 600 1.198750 0.146156 1.158750 0.015054 
3.621975 600 1.198750 0.146156 1.158750 0.015054 
3.722585 600 1.198750 0.146156 1.158750 0.015054 
3.823172 600 1.198750 0.146156 1.158750 0.015054 
3.923795 600 1.198750 0.146156 1.158750 0.015054 
4.024403 600 1.198750 0.146156 1.158750 0.015054 
4.125013 600 1.198750 0.146156 1.158750 0.015054 
4.225627 600 1.198750 0.146156 1.158750 0.015054 
4.326246 600 1.198750 0.146156 1.158750 0.015054 
4.426855 600 1.198750 0.146156 1.158750 0.015054 
4.527467 600 1.198750 0.146156 1.158750 0.015054 
4.628074 600 1.198750 0.144958 1.158750 0.015054 
4.728730 600 1.198750 0.144958 1.158750 0.015054 
4.829346 600 1.198750 0.146156 1.158750 0.015054 
4.929957 600 1.198750 0.146156 1.158750 0.015054 
5.030572 600 1.198750 0.146156 1.158750 0.015054 
5.131184 600 1.198750 0.146156 1.158750 0.015054 
5.231801 600 1.198750 0.146156 1.158750 0.015054 
5.332407 600 1.198750 0.146156 1.158750 0.015054 
5.433020 600 1.198750 0.146156 1.158750 0.015054 
5.533686 600 1.198750 0.146156 1.158750 0.015054 
5.634297 600 1.198750 0.146156 1.158750 0.015054 
5.734907 600 1.198750 0.146156 1.158750 0.015054 
5.835525 600 1.198750 0.146156 1.158750 0.015054 
5.936136 600 1.198750 0.146156 1.158750 0.015054 
6.036753 600 1.198750 0.146156 1.158750 0.015054 
6.137372 600 1.198750 0.146156 1.158750 0.015054 
6.238026 600 1.198750 0.146156 1.158750 0.015054 
6.338824 600 1.198750 0.146156 1.158750 0.015054 
6.439438 600 1.198750 0.146156 1.158750 0.015054 
6.540053 600 1.198750 0.146156 1.158750 0.015054 
6.640674 600 1.198750 0.146156 1.158750 0.015054 
6.741289 600 1.198750 0.146156 1.158750 0.015054 
6.841901 600 1.198750 0.146156 1.158750 0.015054 
6.942517 600 1.198750 0.146156 1.158750 0.015054 
7.043295 600 1.198750 0.146156 1.158750 0.015054 
7.143881 600 1.198750 0.146156 1.158750 0.015054 
7.244501 600 1.198750 0.146156 1.158750 0.015054 
7.345113 600 1.198750 0.146156 1.158750 0.015054 
7.445728 600 1.198750 0.146156 1.158750 0.015054 
7.546342 600 1.198750 0.146156 1.158750 0.015054 
7.646956 600 1.198750 0.146156 1.158750 0.015054 
7.747555 600 1.198750 0.146156 1.158750 0.015054 
7.848180 600 1.198750 0.146156 1.158750 0.015054 
7.948789 600 1.198750 0.146156 1.158750 0.015054 
8.049395 600 1.198750 0.147354 1.158750 0.015054 
8.150011 600 1.198750 0.147354 1.158750 0.015054 
8.250750 600 1.198750 0.146156 1.158750 0.015054 
8.351362 600 1.198750 0.146156 1.158750 0.015054 
8.451982 600 1.198750 0.146156 1.158750 0.015054 
8.552603 600 1.198750 0.146156 1.158750 0.015054 
8.653287 600 1.198750 0.146156 1.158750 0.015054 
8.753900 600 1.198750 0.146156 1.158750 0.015054 
8.854555 600 1.198750 0.146156 1.158750 0.015054 
8.955160 600 1.198750 0.146156 1.158750 0.015054 
9.055782 600 1.198750 0.144958 1.158750 0.015054 
9.156399 600 1.198750 0.144958 1.158750 0.015054 
9.257049 600 1.198750 0.144958 1.158750 0.015054 
9.357676 600 1.198750 0.146156 1.158750 0.015054 
9.458369 600 1.198750 0.146156 1.158750 0.015054 
9.558983 600 1.198750 0.152146 1.158750 0.015054 
9.659600 600 1.198750 0.152146 1.158750 0.015054 
9.760215 600 1.198750 0.152146 1.158750 0.015054 
9.860827 600 1.198750 0.146156 1.158750 0.015054 
9.961439 600 1.198750 0.146156 1.158750 0.015054 
10.062058 600 1.198750 0.146156 1.158750 0.015054 
10.162682 600 1.198750 0.146156 1.158750 0.015054 
10.263358 600 1.198750 0.146156 1.158750 0.015054 
10.363971 600 1.198750 0.146156 1.158750 0.015054 
10.464596 600 1.198750 0.146156 1.158750 0.015054 
10.565219 600 1.198750 0.146156 1.158750 0.015054 
