0.000579 250 0.950000 0.046550 1.158750 0.013896 
0.101798 250 0.948750 0.049296 1.158750 0.013896 
0.202786 250 0.948750 0.049296 1.158750 0.013896 
0.303731 250 0.948750 0.049296 1.158750 0.013896 
0.404675 250 0.948750 0.048348 1.158750 0.013896 
0.505620 250 0.948750 0.048348 1.158750 0.013896 
0.606714 250 0.948750 0.048348 1.158750 0.013896 
0.707781 250 0.950000 0.048450 1.158750 0.013896 
0.808820 250 0.950000 0.048450 1.158750 0.013896 
0.909772 250 0.948750 0.049296 1.158750 0.013896 
1.011102 250 0.948750 0.049296 1.158750 0.013896 
1.112135 250 0.948750 0.049296 1.158750 0.013896 
1.213061 250 0.950000 0.048450 1.158750 0.013896 
1.313994 250 0.950000 0.048450 1.158750 0.013896 
1.414916 250 0.948750 0.049296 1.158750 0.013896 
1.515850 250 0.948750 0.049296 1.158750 0.013896 
1.616853 250 0.948750 0.049296 1.158750 0.013896 
1.717778 250 0.948750 0.048348 1.158750 0.013896 
1.818732 250 0.948750 0.048348 1.158750 0.013896 
1.919781 250 0.948750 0.048348 1.158750 0.013896 
2.020848 250 0.948750 0.048348 1.158750 0.013896 
2.122017 250 0.948750 0.048348 1.158750 0.013896 
2.223067 250 0.950000 0.044650 1.158750 0.013896 
2.324111 250 0.950000 0.044650 1.158750 0.013896 
2.425252 250 0.950000 0.044650 1.158750 0.013896 
2.526327 250 0.950000 0.039900 1.158750 0.013896 
2.627410 250 0.950000 0.039900 1.158750 0.013896 
2.728457 250 0.950000 0.042750 1.158750 0.013896 
2.829515 250 0.950000 0.042750 1.158750 0.013896 
2.930568 250 0.950000 0.042750 1.158750 0.013896 
3.031694 250 0.950000 0.040850 1.158750 0.013896 
3.132733 250 0.950000 0.040850 1.158750 0.013896 
3.233787 250 0.950000 0.040850 1.158750 0.013896 
3.334839 250 0.950000 0.038950 1.158750 0.013896 
3.435894 250 0.950000 0.038950 1.158750 0.013896 
3.536994 250 0.950000 0.039900 1.158750 0.013896 
3.638044 250 0.950000 0.039900 1.158750 0.013896 
3.739085 250 0.950000 0.039900 1.158750 0.013896 
3.840125 250 0.950000 0.039900 1.158750 0.013896 
3.941168 250 0.950000 0.039900 1.158750 0.013896 
4.042302 250 0.950000 0.039900 1.158750 0.013896 
4.143348 250 0.950000 0.039900 1.158750 0.013896 
4.244400 250 0.950000 0.039900 1.158750 0.013896 
4.345442 250 0.950000 0.038950 1.158750 0.013896 
4.446567 250 0.950000 0.038950 1.158750 0.013896 
4.547615 250 0.950000 0.038950 1.158750 0.013896 
4.648670 250 0.950000 0.038950 1.158750 0.013896 
4.749714 250 0.950000 0.038950 1.158750 0.013896 
4.850755 250 0.950000 0.039900 1.158750 0.013896 
4.951870 250 0.950000 0.039900 1.158750 0.013896 
5.052914 250 0.950000 0.039900 1.158750 0.013896 
5.153961 250 0.950000 0.039900 1.158750 0.013896 
5.255013 250 0.950000 0.039900 1.158750 0.013896 
5.356069 250 0.950000 0.039900 1.158750 0.013896 
5.457204 250 0.950000 0.039900 1.158750 0.013896 
5.558242 250 0.950000 0.039900 1.158750 0.013896 
5.659282 250 0.950000 0.039900 1.158750 0.013896 
5.760324 250 0.950000 0.039900 1.158750 0.013896 
5.861503 250 0.950000 0.039900 1.158750 0.013896 
5.962543 250 0.950000 0.038950 1.158750 0.013896 
6.063591 250 0.950000 0.038950 1.158750 0.013896 
6.164601 250 0.950000 0.038950 1.158750 0.013896 
6.265652 250 0.950000 0.038950 1.158750 0.013896 
6.366762 250 0.950000 0.038950 1.158750 0.013896 
6.467789 250 0.950000 0.039900 1.158750 0.013896 
6.568839 250 0.950000 0.039900 1.158750 0.013896 
6.669893 250 0.950000 0.039900 1.158750 0.013896 
6.770939 250 0.950000 0.038950 1.158750 0.013896 
6.872058 250 0.950000 0.038950 1.158750 0.013896 
6.973104 250 0.950000 0.039900 1.158750 0.013896 
7.074162 250 0.950000 0.039900 1.158750 0.013896 
7.175236 250 0.950000 0.039900 1.158750 0.013896 
7.276315 250 0.950000 0.039900 1.158750 0.013896 
7.377355 250 0.950000 0.039900 1.158750 0.013896 
7.478398 250 0.950000 0.039900 1.158750 0.013896 
7.579452 250 0.950000 0.039900 1.158750 0.013896 
7.680514 250 0.950000 0.039900 1.158750 0.013896 
7.781634 250 0.950000 0.038950 1.158750 0.013896 
7.882680 250 0.950000 0.038950 1.158750 0.013896 
7.983731 250 0.950000 0.038950 1.158750 0.013896 
8.084785 250 0.950000 0.039900 1.158750 0.013896 
8.185840 250 0.950000 0.039900 1.158750 0.013896 
8.287188 250 0.950000 0.039900 1.158750 0.013896 
8.388266 250 0.950000 0.039900 1.158750 0.013896 
8.489336 250 0.950000 0.039900 1.158750 0.013896 
8.590406 250 0.950000 0.040850 1.158750 0.013896 
8.691587 250 0.950000 0.040850 1.158750 0.013896 
8.792704 250 0.950000 0.040850 1.158750 0.013896 
8.893782 250 0.950000 0.042750 1.158750 0.013896 
8.994850 250 0.950000 0.042750 1.158750 0.013896 
9.095918 250 0.950000 0.041800 1.158750 0.013896 
9.197034 250 0.950000 0.041800 1.158750 0.013896 
9.298106 250 0.950000 0.041800 1.158750 0.013896 
9.399187 250 0.950000 0.039900 1.158750 0.013896 
9.500271 250 0.950000 0.039900 1.158750 0.013896 
9.601347 250 0.950000 0.043700 1.158750 0.013896 
9.702414 250 0.950000 0.043700 1.158750 0.013896 
9.803476 250 0.950000 0.043700 1.158750 0.013896 
9.904542 250 0.950000 0.040850 1.158750 0.013896 
10.005602 250 0.950000 0.040850 1.158750 0.013896 
10.106751 250 0.950000 0.040850 1.158750 0.013896 
10.207830 250 0.950000 0.039900 1.158750 0.013896 
10.308915 250 0.950000 0.039900 1.158750 0.013896 
10.409977 250 0.950000 0.038950 1.158750 0.013896 
10.511041 250 0.950000 0.038950 1.158750 0.013896 
10.612190 250 0.950000 0.038950 1.158750 0.013896 
10.713267 250 0.950000 0.039900 1.158750 0.015054 
10.814336 250 0.950000 0.039900 1.158750 0.015054 
10.915397 250 0.950000 0.039900 1.158750 0.013896 
11.016535 250 0.950000 0.039900 1.158750 0.013896 
11.117586 250 0.950000 0.039900 1.158750 0.013896 
11.218665 250 0.950000 0.039900 1.158750 0.013896 
11.319756 250 0.950000 0.039900 1.158750 0.013896 
11.420844 250 0.950000 0.039900 1.158750 0.013896 
11.522095 250 0.950000 0.041800 1.158750 0.013896 
11.623190 250 0.950000 0.041800 1.158750 0.013896 
11.724259 250 0.950000 0.041800 1.158750 0.013896 
11.825356 250 0.950000 0.041800 1.158750 0.013896 
11.926596 250 0.950000 0.041800 1.158750 0.013896 
12.027669 250 0.950000 0.040850 1.158750 0.013896 
12.128731 250 0.950000 0.040850 1.158750 0.013896 
12.229830 250 0.950000 0.039900 1.158750 0.013896 
12.330902 250 0.950000 0.039900 1.158750 0.013896 
12.432044 250 0.950000 0.039900 1.158750 0.013896 
12.533109 250 0.950000 0.039900 1.158750 0.013896 
12.634181 250 0.950000 0.039900 1.158750 0.013896 
12.735257 250 0.950000 0.039900 1.158750 0.013896 
12.836354 250 0.950000 0.038950 1.158750 0.013896 
12.937421 250 0.950000 0.038950 1.158750 0.013896 
13.038486 250 0.950000 0.039900 1.158750 0.013896 
13.139551 250 0.950000 0.039900 1.158750 0.013896 
13.240621 250 0.950000 0.039900 1.158750 0.013896 
13.341795 250 0.950000 0.039900 1.158750 0.013896 
13.442863 250 0.950000 0.039900 1.158750 0.013896 
13.543931 250 0.950000 0.039900 1.158750 0.013896 
13.645001 250 0.950000 0.039900 1.158750 0.013896 
13.746072 250 0.950000 0.039900 1.158750 0.013896 
13.847222 250 0.950000 0.039900 1.158750 0.013896 
13.948297 250 0.950000 0.039900 1.158750 0.013896 
14.049374 250 0.950000 0.039900 1.158750 0.013896 
14.150446 250 0.950000 0.039900 1.158750 0.013896 
14.251607 250 0.950000 0.039900 1.158750 0.013896 
14.352665 250 0.950000 0.039900 1.158750 0.013896 
14.453730 250 0.950000 0.039900 1.158750 0.013896 
14.554799 250 0.950000 0.039900 1.158750 0.013896 
14.655868 250 0.950000 0.038950 1.158750 0.013896 
14.757030 250 0.950000 0.038950 1.158750 0.013896 
14.858081 250 0.950000 0.038950 1.158750 0.013896 
14.959153 250 0.950000 0.038950 1.158750 0.013896 
15.060209 250 0.950000 0.038950 1.158750 0.013896 
15.161317 250 0.950000 0.039900 1.158750 0.013896 
15.262370 250 0.950000 0.039900 1.158750 0.013896 
15.363440 250 0.950000 0.039900 1.158750 0.013896 
15.464490 250 0.950000 0.039900 1.158750 0.013896 
15.565552 250 0.950000 0.039900 1.158750 0.013896 
15.666690 250 0.950000 0.039900 1.158750 0.013896 
15.767748 250 0.950000 0.039900 1.158750 0.013896 
15.868805 250 0.950000 0.039900 1.158750 0.013896 
15.969860 250 0.950000 0.039900 1.158750 0.013896 
16.070925 250 0.950000 0.039900 1.158750 0.013896 
16.172060 250 0.950000 0.039900 1.158750 0.013896 
16.273117 250 0.950000 0.039900 1.158750 0.013896 
16.374179 250 0.950000 0.039900 1.158750 0.013896 
16.475419 250 0.950000 0.039900 1.158750 0.013896 
16.576558 250 0.950000 0.039900 1.158750 0.013896 
16.677621 250 0.950000 0.039900 1.158750 0.013896 
16.778682 250 0.950000 0.038950 1.158750 0.013896 
16.879748 250 0.950000 0.038950 1.158750 0.013896 
16.980809 250 0.950000 0.038950 1.158750 0.013896 
17.081938 250 0.950000 0.038950 1.158750 0.013896 
17.183000 250 0.950000 0.038950 1.158750 0.013896 
17.284066 250 0.950000 0.039900 1.158750 0.013896 
17.385127 250 0.950000 0.039900 1.158750 0.013896 
17.486182 250 0.950000 0.039900 1.158750 0.013896 
17.587306 250 0.950000 0.038950 1.158750 0.013896 
17.688388 250 0.950000 0.038950 1.158750 0.013896 
17.789462 250 0.950000 0.042750 1.158750 0.013896 
17.890528 250 0.950000 0.042750 1.158750 0.013896 
17.991666 250 0.950000 0.042750 1.158750 0.013896 
18.092731 250 0.950000 0.041800 1.158750 0.013896 
18.193795 250 0.950000 0.041800 1.158750 0.013896 
18.295038 250 0.950000 0.039900 1.158750 0.013896 
18.396098 250 0.950000 0.039900 1.158750 0.013896 
18.497210 250 0.950000 0.039900 1.158750 0.013896 
18.598270 250 0.950000 0.038950 1.158750 0.013896 
18.699338 250 0.950000 0.038950 1.158750 0.013896 
18.800411 250 0.950000 0.038950 1.158750 0.013896 
18.901560 250 0.950000 0.039900 1.158750 0.013896 
19.002619 250 0.950000 0.039900 1.158750 0.013896 
19.103676 250 0.950000 0.038950 1.158750 0.013896 
19.204750 250 0.950000 0.038950 1.158750 0.013896 
19.305823 250 0.950000 0.038950 1.158750 0.013896 
19.406964 250 0.950000 0.039900 1.158750 0.013896 
19.508085 250 0.950000 0.039900 1.158750 0.013896 
19.609170 250 0.950000 0.039900 1.158750 0.013896 
19.710254 250 0.950000 0.041800 1.158750 0.013896 
19.811358 250 0.950000 0.041800 1.158750 0.013896 
19.912421 250 0.950000 0.043700 1.158750 0.013896 
20.013492 250 0.950000 0.043700 1.158750 0.013896 
20.114619 250 0.950000 0.043700 1.158750 0.013896 
20.215693 250 0.950000 0.039900 1.158750 0.013896 
20.316843 250 0.950000 0.039900 1.158750 0.013896 
20.417908 250 0.950000 0.039900 1.158750 0.013896 
20.518980 250 0.950000 0.039900 1.158750 0.013896 
20.620052 250 0.950000 0.039900 1.158750 0.013896 
20.721127 250 0.950000 0.039900 1.158750 0.013896 
20.822268 250 0.950000 0.039900 1.158750 0.013896 
20.923341 250 0.950000 0.039900 1.158750 0.013896 
21.024402 250 0.950000 0.039900 1.158750 0.013896 
21.125480 250 0.950000 0.039900 1.158750 0.013896 
21.226639 250 0.950000 0.038950 1.158750 0.013896 
21.327707 250 0.950000 0.038950 1.158750 0.013896 
21.428768 250 0.950000 0.038950 1.158750 0.013896 
21.529810 250 0.950000 0.039900 1.158750 0.013896 
21.630889 250 0.950000 0.039900 1.158750 0.013896 
21.732060 250 0.950000 0.039900 1.158750 0.013896 
21.833127 250 0.950000 0.039900 1.158750 0.013896 
21.934193 250 0.950000 0.039900 1.158750 0.013896 
22.035253 250 0.950000 0.039900 1.158750 0.013896 
22.136350 250 0.950000 0.039900 1.158750 0.013896 
22.237416 250 0.950000 0.039900 1.158750 0.013896 
22.338481 250 0.950000 0.039900 1.158750 0.013896 
22.439535 250 0.950000 0.039900 1.158750 0.013896 
22.540586 250 0.950000 0.039900 1.158750 0.013896 
22.641750 250 0.950000 0.039900 1.158750 0.013896 
22.742815 250 0.950000 0.039900 1.158750 0.013896 
22.843882 250 0.950000 0.039900 1.158750 0.013896 
22.944944 250 0.950000 0.039900 1.158750 0.013896 
23.045997 250 0.950000 0.039900 1.158750 0.013896 
23.147143 250 0.950000 0.039900 1.158750 0.013896 
23.248205 250 0.950000 0.039900 1.158750 0.013896 
23.349275 250 0.950000 0.039900 1.158750 0.013896 
23.450339 250 0.950000 0.039900 1.158750 0.013896 
23.551504 250 0.950000 0.039900 1.158750 0.013896 
23.652560 250 0.950000 0.039900 1.158750 0.013896 
23.753625 250 0.950000 0.039900 1.158750 0.013896 
23.854686 250 0.950000 0.039900 1.158750 0.013896 
23.955765 250 0.950000 0.039900 1.158750 0.013896 
24.056905 250 0.950000 0.039900 1.158750 0.013896 
24.157960 250 0.950000 0.039900 1.158750 0.013896 
24.259043 250 0.950000 0.039900 1.158750 0.013896 
24.360096 250 0.950000 0.039900 1.158750 0.013896 
24.461148 250 0.950000 0.038950 1.158750 0.013896 
24.562635 250 0.950000 0.038950 1.158750 0.013896 
24.663698 250 0.950000 0.038950 1.158750 0.013896 
24.764755 250 0.950000 0.038950 1.158750 0.013896 
24.865810 250 0.950000 0.038950 1.158750 0.013896 
24.966937 250 0.950000 0.039900 1.158750 0.013896 
25.067999 250 0.950000 0.039900 1.158750 0.013896 
25.169063 250 0.950000 0.039900 1.158750 0.013896 
25.270127 250 0.950000 0.039900 1.158750 0.013896 
25.371187 250 0.950000 0.039900 1.158750 0.013896 
