0.000405 400 0.961250 0.070153 1.158750 0.013896 
0.101170 400 0.961250 0.070153 1.158750 0.013896 
0.201887 400 0.961250 0.074958 1.158750 0.013896 
0.302634 400 0.961250 0.074958 1.158750 0.013896 
0.403327 400 0.961250 0.075919 1.158750 0.013896 
0.504006 400 0.961250 0.075919 1.158750 0.013896 
0.604690 400 0.961250 0.075919 1.158750 0.013896 
0.705391 400 0.961250 0.075919 1.158750 0.013896 
0.806136 400 0.961250 0.075919 1.158750 0.013896 
0.906869 400 0.961250 0.075919 1.158750 0.013896 
1.007668 400 0.961250 0.074958 1.158750 0.013896 
1.108359 400 0.961250 0.074958 1.158750 0.013896 
1.209059 400 0.961250 0.074958 1.158750 0.013896 
1.309854 400 0.961250 0.074958 1.158750 0.013896 
1.410635 400 0.961250 0.074958 1.158750 0.013896 
1.511407 400 0.961250 0.063426 1.158750 0.013896 
1.612178 400 0.961250 0.063426 1.158750 0.013896 
1.713013 400 0.961250 0.063426 1.158750 0.013896 
1.813783 400 0.961250 0.063426 1.158750 0.013896 
1.914561 400 0.961250 0.063426 1.158750 0.013896 
2.015331 400 0.961250 0.060543 1.158750 0.013896 
2.116100 400 0.961250 0.060543 1.158750 0.013896 
2.216891 400 0.961250 0.060543 1.158750 0.013896 
2.317722 400 0.961250 0.060543 1.158750 0.013896 
2.418503 400 0.961250 0.060543 1.158750 0.013896 
2.519277 400 0.961250 0.060543 1.158750 0.013896 
2.620053 400 0.961250 0.060543 1.158750 0.013896 
2.720848 400 0.961250 0.060543 1.158750 0.013896 
2.821642 400 0.961250 0.060543 1.158750 0.013896 
2.922411 400 0.961250 0.060543 1.158750 0.013896 
3.023236 400 0.961250 0.060543 1.158750 0.013896 
3.124013 400 0.961250 0.063426 1.158750 0.013896 
3.224791 400 0.961250 0.063426 1.158750 0.013896 
3.325559 400 0.961250 0.060543 1.158750 0.013896 
3.426335 400 0.961250 0.060543 1.158750 0.013896 
3.527116 400 0.961250 0.060543 1.158750 0.013896 
3.627950 400 0.961250 0.060543 1.158750 0.013896 
3.728725 400 0.961250 0.060543 1.158750 0.013896 
3.829504 400 0.961250 0.060543 1.158750 0.013896 
3.930274 400 0.961250 0.060543 1.158750 0.013896 
4.031049 400 0.961250 0.060543 1.158750 0.013896 
4.131834 400 0.961250 0.060543 1.158750 0.013896 
4.232684 400 0.961250 0.060543 1.158750 0.013896 
4.333489 400 0.961250 0.060543 1.158750 0.013896 
4.434269 400 0.961250 0.060543 1.158750 0.013896 
4.535075 400 0.961250 0.060543 1.158750 0.013896 
4.635849 400 0.961250 0.060543 1.158750 0.013896 
4.736634 400 0.961250 0.060543 1.158750 0.013896 
4.837332 400 0.961250 0.060543 1.158750 0.013896 
4.938167 400 0.961250 0.061504 1.158750 0.013896 
5.038942 400 0.961250 0.061504 1.158750 0.013896 
5.139719 400 0.961250 0.061504 1.158750 0.013896 
5.240493 400 0.961250 0.060543 1.158750 0.013896 
5.341270 400 0.961250 0.060543 1.158750 0.013896 
5.442041 400 0.961250 0.060543 1.158750 0.013896 
5.542883 400 0.961250 0.060543 1.158750 0.013896 
5.643658 400 0.961250 0.060543 1.158750 0.013896 
5.744484 400 0.961250 0.060543 1.158750 0.013896 
5.845272 400 0.961250 0.060543 1.158750 0.013896 
5.946038 400 0.961250 0.060543 1.158750 0.013896 
6.046826 400 0.961250 0.060543 1.158750 0.013896 
6.147676 400 0.961250 0.060543 1.158750 0.013896 
6.248458 400 0.961250 0.060543 1.158750 0.013896 
6.349240 400 0.961250 0.060543 1.158750 0.013896 
6.450077 400 0.961250 0.060543 1.158750 0.013896 
6.550841 400 0.961250 0.060543 1.158750 0.013896 
6.651634 400 0.961250 0.060543 1.158750 0.013896 
6.752412 400 0.961250 0.060543 1.158750 0.013896 
6.853242 400 0.961250 0.060543 1.158750 0.013896 
6.954023 400 0.961250 0.060543 1.158750 0.013896 
7.054808 400 0.961250 0.060543 1.158750 0.015054 
7.155582 400 0.961250 0.060543 1.158750 0.015054 
7.256372 400 0.961250 0.060543 1.158750 0.015054 
7.357154 400 0.961250 0.060543 1.158750 0.013896 
7.457996 400 0.961250 0.060543 1.158750 0.013896 
7.558751 400 0.961250 0.060543 1.158750 0.013896 
7.659528 400 0.961250 0.060543 1.158750 0.013896 
7.760318 400 0.961250 0.060543 1.158750 0.013896 
7.861105 400 0.961250 0.060543 1.158750 0.013896 
7.961889 400 0.961250 0.060543 1.158750 0.013896 
8.062731 400 0.961250 0.060543 1.158750 0.013896 
8.163499 400 0.961250 0.060543 1.158750 0.013896 
8.264445 400 0.961250 0.060543 1.158750 0.013896 
8.365231 400 0.961250 0.060543 1.158750 0.013896 
8.466009 400 0.961250 0.060543 1.158750 0.013896 
8.566804 400 0.961250 0.060543 1.158750 0.013896 
8.667670 400 0.961250 0.060543 1.158750 0.013896 
8.768452 400 0.961250 0.060543 1.158750 0.013896 
8.869236 400 0.961250 0.060543 1.158750 0.013896 
8.970017 400 0.961250 0.060543 1.158750 0.013896 
9.070802 400 0.961250 0.060543 1.158750 0.013896 
9.171590 400 0.961250 0.060543 1.158750 0.013896 
9.272396 400 0.961250 0.060543 1.158750 0.013896 
9.373190 400 0.961250 0.065348 1.158750 0.013896 
9.473957 400 0.961250 0.065348 1.158750 0.013896 
9.574737 400 0.961250 0.065348 1.158750 0.013896 
9.675522 400 0.961250 0.065348 1.158750 0.013896 
9.776315 400 0.961250 0.065348 1.158750 0.013896 
9.877102 400 0.961250 0.065348 1.158750 0.013896 
9.977951 400 0.961250 0.060543 1.158750 0.013896 
10.078731 400 0.961250 0.060543 1.158750 0.013896 
10.179490 400 0.961250 0.060543 1.158750 0.013896 
10.280278 400 0.961250 0.060543 1.158750 0.013896 
10.381080 400 0.961250 0.060543 1.158750 0.013896 
10.481865 400 0.961250 0.060543 1.158750 0.013896 
10.582728 400 0.961250 0.060543 1.158750 0.013896 
10.683537 400 0.961250 0.060543 1.158750 0.013896 
10.784320 400 0.961250 0.060543 1.158750 0.013896 
10.885109 400 0.961250 0.060543 1.158750 0.013896 
10.985905 400 0.961250 0.060543 1.158750 0.013896 
11.086695 400 0.961250 0.060543 1.158750 0.013896 
11.187530 400 0.961250 0.060543 1.158750 0.013896 
11.288323 400 0.961250 0.060543 1.158750 0.013896 
11.389129 400 0.961250 0.060543 1.158750 0.013896 
11.489915 400 0.961250 0.062465 1.158750 0.013896 
11.590707 400 0.961250 0.062465 1.158750 0.013896 
11.691504 400 0.961250 0.062465 1.158750 0.013896 
11.792298 400 0.961250 0.061504 1.158750 0.013896 
11.893151 400 0.961250 0.061504 1.158750 0.013896 
11.993949 400 0.961250 0.061504 1.158750 0.013896 
12.094740 400 0.961250 0.060543 1.158750 0.013896 
12.195532 400 0.961250 0.060543 1.158750 0.013896 
12.296316 400 0.961250 0.060543 1.158750 0.013896 
12.397151 400 0.961250 0.060543 1.158750 0.013896 
12.498006 400 0.961250 0.060543 1.158750 0.013896 
12.598781 400 0.961250 0.060543 1.158750 0.013896 
12.699554 400 0.961250 0.060543 1.158750 0.013896 
12.800322 400 0.961250 0.060543 1.158750 0.013896 
12.901104 400 0.961250 0.060543 1.158750 0.013896 
13.001878 400 0.961250 0.060543 1.158750 0.013896 
13.102736 400 0.961250 0.060543 1.158750 0.013896 
13.203511 400 0.961250 0.060543 1.158750 0.013896 
13.304293 400 0.961250 0.060543 1.158750 0.013896 
13.405074 400 0.961250 0.060543 1.158750 0.015054 
13.505858 400 0.961250 0.060543 1.158750 0.015054 
13.606619 400 0.961250 0.060543 1.158750 0.013896 
13.707396 400 0.961250 0.060543 1.158750 0.013896 
13.808224 400 0.961250 0.060543 1.158750 0.013896 
13.909003 400 0.961250 0.060543 1.158750 0.013896 
14.009784 400 0.961250 0.060543 1.158750 0.013896 
14.110567 400 0.961250 0.060543 1.158750 0.013896 
14.211345 400 0.961250 0.060543 1.160000 0.013920 
14.312132 400 0.961250 0.060543 1.160000 0.013920 
14.412986 400 0.961250 0.060543 1.158750 0.013896 
14.513764 400 0.961250 0.060543 1.158750 0.013896 
14.614550 400 0.961250 0.060543 1.158750 0.013896 
14.715332 400 0.961250 0.060543 1.158750 0.013896 
14.816116 400 0.961250 0.060543 1.158750 0.013896 
14.916904 400 0.961250 0.060543 1.158750 0.013896 
15.017762 400 0.961250 0.060543 1.158750 0.013896 
15.118544 400 0.961250 0.060543 1.158750 0.013896 
15.219325 400 0.961250 0.060543 1.158750 0.013896 
15.320110 400 0.961250 0.060543 1.158750 0.013896 
15.420898 400 0.961250 0.060543 1.158750 0.013896 
15.521682 400 0.961250 0.060543 1.158750 0.013896 
15.622511 400 0.961250 0.060543 1.158750 0.013896 
15.723298 400 0.961250 0.060543 1.158750 0.013896 
15.824087 400 0.961250 0.060543 1.158750 0.013896 
15.924869 400 0.961250 0.060543 1.158750 0.013896 
