0.000188 1400 1.200000 0.018000 1.091250 1.376842 
0.100675 1400 1.200000 0.018000 1.091250 1.373569 
0.201098 1400 1.200000 0.018000 1.091250 1.373569 
0.301511 1400 1.200000 0.018000 1.091250 1.373569 
0.401945 1400 1.200000 0.018000 1.088750 1.180480 
0.502448 1400 1.200000 0.018000 1.088750 1.180480 
0.602843 1400 1.200000 0.018000 1.088750 1.180480 
0.703231 1400 1.200000 0.018000 1.088750 1.171776 
0.803611 1400 1.200000 0.018000 1.088750 1.171776 
0.903992 1400 1.200000 0.018000 1.090000 1.354870 
1.004449 1400 1.200000 0.018000 1.090000 1.354870 
1.104922 1400 1.200000 0.018000 1.090000 1.354870 
1.205314 1400 1.200000 0.018000 1.090000 1.325440 
1.305700 1400 1.200000 0.018000 1.090000 1.325440 
1.406092 1400 1.200000 0.018000 1.091250 1.352840 
1.506486 1400 1.200000 0.018000 1.091250 1.352840 
1.606859 1400 1.200000 0.018000 1.091250 1.352840 
1.707226 1400 1.200000 0.019200 1.091250 1.365932 
1.807631 1400 1.200000 0.019200 1.091250 1.365932 
1.908001 1400 1.200000 0.019200 1.091250 1.365932 
2.008369 1400 1.200000 0.018000 1.091250 1.373569 
2.108765 1400 1.200000 0.018000 1.091250 1.373569 
2.209135 1400 1.200000 0.018000 1.091250 1.373569 
2.309509 1400 1.200000 0.018000 1.091250 1.373569 
2.409883 1400 1.200000 0.018000 1.091250 1.373569 
2.510271 1400 1.200000 0.018000 1.091250 1.376842 
2.610687 1400 1.200000 0.018000 1.091250 1.376842 
2.711060 1400 1.200000 0.018000 1.091250 1.376842 
