0.000231 1100 1.200000 0.018000 0.990000 0.869220 
0.100773 1100 1.200000 0.018000 0.990000 0.869220 
0.201266 1100 1.200000 0.018000 0.990000 0.869220 
0.301764 1100 1.200000 0.018000 0.990000 0.752400 
0.402269 1100 1.200000 0.018000 0.990000 0.752400 
0.502775 1100 1.200000 0.018000 0.990000 0.752400 
0.603334 1100 1.200000 0.018000 0.990000 0.779130 
0.703871 1100 1.200000 0.018000 0.990000 0.779130 
0.804325 1100 1.200000 0.018000 0.990000 0.783090 
0.904793 1100 1.200000 0.018000 0.990000 0.783090 
1.005487 1100 1.200000 0.018000 0.990000 0.783090 
1.106037 1100 1.200000 0.018000 0.990000 0.855360 
1.206512 1100 1.200000 0.018000 0.990000 0.855360 
1.306987 1100 1.200000 0.018000 0.990000 0.826650 
1.407456 1100 1.200000 0.018000 0.990000 0.826650 
1.507930 1100 1.200000 0.018000 0.990000 0.826650 
1.608378 1100 1.200000 0.018000 0.990000 0.863280 
1.708874 1100 1.200000 0.018000 0.990000 0.863280 
1.809323 1100 1.200000 0.018000 0.990000 0.863280 
1.909765 1100 1.200000 0.018000 0.990000 0.866250 
2.010236 1100 1.200000 0.018000 0.990000 0.866250 
2.110693 1100 1.200000 0.018000 0.990000 0.865260 
2.211142 1100 1.200000 0.018000 0.990000 0.865260 
2.311604 1100 1.200000 0.018000 0.990000 0.865260 
2.412063 1100 1.200000 0.018000 0.990000 0.867240 
2.512515 1100 1.200000 0.018000 0.990000 0.867240 
2.612983 1100 1.200000 0.018000 0.990000 0.867240 
2.713451 1100 1.200000 0.018000 0.990000 0.863280 
2.813930 1100 1.200000 0.018000 0.990000 0.863280 
2.914383 1100 1.200000 0.018000 0.990000 0.866250 
3.014951 1100 1.200000 0.018000 0.990000 0.866250 
3.115475 1100 1.200000 0.018000 0.990000 0.866250 
3.215929 1100 1.200000 0.018000 0.990000 0.829620 
3.316402 1100 1.200000 0.018000 0.990000 0.829620 
3.416856 1100 1.200000 0.018000 0.990000 0.868230 
3.517306 1100 1.200000 0.018000 0.990000 0.868230 
3.617752 1100 1.200000 0.018000 0.990000 0.868230 
3.718213 1100 1.200000 0.018000 0.990000 0.865260 
3.818697 1100 1.200000 0.018000 0.990000 0.865260 
3.919147 1100 1.200000 0.018000 0.990000 0.865260 
4.019588 1100 1.200000 0.018000 0.990000 0.864270 
4.120043 1100 1.200000 0.018000 0.990000 0.864270 
4.220589 1100 1.200000 0.018000 0.990000 0.842490 
