0.000214 1200 1.200000 0.018000 1.013750 0.992740 
0.100773 1200 1.200000 0.018000 1.013750 0.978558 
0.201256 1200 1.200000 0.018000 1.013750 0.978558 
0.301725 1200 1.200000 0.018000 1.013750 0.978558 
0.402189 1200 1.200000 0.018000 1.015000 0.846510 
0.502648 1200 1.200000 0.018000 1.015000 0.846510 
0.603167 1200 1.200000 0.018000 1.015000 0.846510 
0.703605 1200 1.200000 0.018000 1.015000 0.904365 
0.804025 1200 1.200000 0.018000 1.015000 0.904365 
0.904461 1200 1.200000 0.018000 1.013750 0.954246 
1.004971 1200 1.200000 0.018000 1.013750 0.954246 
1.105511 1200 1.200000 0.018000 1.013750 0.954246 
1.205957 1200 1.200000 0.018000 1.013750 0.952220 
1.306404 1200 1.200000 0.018000 1.013750 0.952220 
1.406823 1200 1.200000 0.018000 1.013750 0.952220 
1.507238 1200 1.200000 0.018000 1.013750 0.986662 
1.607673 1200 1.200000 0.018000 1.013750 0.986662 
1.708110 1200 1.200000 0.018000 1.013750 0.994766 
1.808534 1200 1.200000 0.018000 1.013750 0.994766 
1.908974 1200 1.200000 0.018000 1.013750 0.994766 
2.009397 1200 1.200000 0.018000 1.013750 0.990714 
2.109834 1200 1.200000 0.018000 1.013750 0.990714 
2.210256 1200 1.200000 0.018000 1.013750 0.994766 
2.310772 1200 1.200000 0.018000 1.013750 0.994766 
2.411192 1200 1.200000 0.018000 1.013750 0.994766 
2.511885 1200 1.200000 0.018000 1.013750 0.993753 
2.612369 1200 1.200000 0.018000 1.013750 0.993753 
2.712850 1200 1.200000 0.018000 1.013750 0.993753 
2.813286 1200 1.200000 0.018000 1.013750 0.986662 
2.913741 1200 1.200000 0.018000 1.013750 0.986662 
3.014283 1200 1.200000 0.018000 1.013750 0.986662 
3.114810 1200 1.200000 0.018000 1.013750 0.986662 
