0.000167 1600 1.200000 0.018000 1.156250 1.795268 
0.100573 1600 1.200000 0.019200 1.156250 1.758276 
0.200972 1600 1.200000 0.019200 1.156250 1.758276 
0.301365 1600 1.200000 0.019200 1.153750 1.525419 
0.401756 1600 1.200000 0.019200 1.153750 1.525419 
0.502193 1600 1.200000 0.019200 1.153750 1.525419 
0.602548 1600 1.200000 0.019200 1.155000 1.659735 
0.702894 1600 1.200000 0.019200 1.155000 1.659735 
0.803256 1600 1.200000 0.019200 1.155000 1.659735 
0.903618 1600 1.200000 0.019200 1.156250 1.809140 
1.004062 1600 1.200000 0.019200 1.156250 1.809140 
1.104505 1600 1.200000 0.019200 1.156250 1.723596 
1.204862 1600 1.200000 0.019200 1.156250 1.723596 
1.305207 1600 1.200000 0.019200 1.156250 1.723596 
1.405554 1600 1.200000 0.019200 1.156250 1.810296 
1.505894 1600 1.200000 0.019200 1.156250 1.810296 
1.606231 1600 1.200000 0.019200 1.156250 1.814920 
1.706578 1600 1.200000 0.019200 1.156250 1.814920 
1.806917 1600 1.200000 0.019200 1.156250 1.814920 
1.907254 1600 1.200000 0.018000 1.156250 1.802204 
2.007613 1600 1.200000 0.018000 1.156250 1.802204 
2.107956 1600 1.200000 0.018000 1.156250 1.802204 
2.208297 1600 1.200000 0.019200 1.156250 1.814920 
2.308640 1600 1.200000 0.019200 1.156250 1.814920 
2.409048 1600 1.200000 0.019200 1.156250 1.803360 
2.509405 1600 1.200000 0.019200 1.156250 1.803360 
2.609766 1600 1.200000 0.019200 1.156250 1.803360 
2.710282 1600 1.200000 0.019200 1.156250 1.770992 
