0.000175 1500 1.200000 0.018000 1.130000 1.606860 
0.100571 1500 1.200000 0.018000 1.130000 1.606860 
0.201000 1500 1.200000 0.018000 1.127500 1.320844 
0.301409 1500 1.200000 0.018000 1.127500 1.320844 
0.401808 1500 1.200000 0.018000 1.127500 1.320844 
0.502256 1500 1.200000 0.019200 1.127500 1.406496 
0.602634 1500 1.200000 0.019200 1.127500 1.406496 
0.703226 1500 1.200000 0.019200 1.130000 1.596690 
0.803588 1500 1.200000 0.019200 1.130000 1.596690 
0.903972 1500 1.200000 0.019200 1.130000 1.596690 
1.004403 1500 1.200000 0.018000 1.130000 1.526630 
1.104865 1500 1.200000 0.018000 1.130000 1.526630 
1.205256 1500 1.200000 0.018000 1.130000 1.526630 
1.305618 1500 1.200000 0.019200 1.130000 1.526630 
1.405973 1500 1.200000 0.019200 1.130000 1.526630 
1.506327 1500 1.200000 0.019200 1.130000 1.586520 
1.606705 1500 1.200000 0.019200 1.130000 1.586520 
1.707082 1500 1.200000 0.019200 1.130000 1.586520 
1.807441 1500 1.200000 0.018000 1.130000 1.594430 
1.907836 1500 1.200000 0.018000 1.130000 1.594430 
2.008183 1500 1.200000 0.018000 1.130000 1.594430 
2.108536 1500 1.200000 0.019200 1.130000 1.604600 
2.208903 1500 1.200000 0.019200 1.130000 1.604600 
2.309269 1500 1.200000 0.019200 1.130000 1.603470 
2.409735 1500 1.200000 0.019200 1.130000 1.603470 
2.510195 1500 1.200000 0.019200 1.130000 1.603470 
2.610658 1500 1.200000 0.019200 1.128750 1.477680 
2.711082 1500 1.200000 0.019200 1.128750 1.477680 
