0.000510 300 0.948750 0.055932 1.158750 0.013896 
0.101509 300 0.948750 0.055932 1.158750 0.013896 
0.202443 300 0.948750 0.055932 1.158750 0.013896 
0.303476 300 0.948750 0.056880 1.158750 0.013896 
0.404421 300 0.948750 0.056880 1.158750 0.013896 
0.505372 300 0.948750 0.053088 1.158750 0.013896 
0.606340 300 0.948750 0.053088 1.158750 0.013896 
0.707297 300 0.948750 0.053088 1.158750 0.013896 
0.808307 300 0.948750 0.053088 1.158750 0.013896 
0.909232 300 0.948750 0.053088 1.158750 0.013896 
1.010125 300 0.948750 0.056880 1.158750 0.013896 
1.110949 300 0.948750 0.056880 1.158750 0.013896 
1.211757 300 0.948750 0.056880 1.158750 0.013896 
1.312585 300 0.948750 0.056880 1.158750 0.013896 
1.413476 300 0.948750 0.056880 1.158750 0.013896 
1.514287 300 0.948750 0.056880 1.158750 0.013896 
1.615388 300 0.948750 0.056880 1.158750 0.013896 
1.716218 300 0.948750 0.056880 1.158750 0.013896 
1.817058 300 0.948750 0.057828 1.158750 0.013896 
1.917981 300 0.948750 0.057828 1.158750 0.013896 
2.019003 300 0.948750 0.057828 1.158750 0.013896 
2.119953 300 0.950000 0.055100 1.158750 0.013896 
2.220899 300 0.950000 0.055100 1.158750 0.013896 
2.321829 300 0.948750 0.047400 1.158750 0.013896 
2.422765 300 0.948750 0.047400 1.158750 0.013896 
2.528348 300 0.948750 0.047400 1.158750 0.013896 
2.629308 300 0.950000 0.045600 1.158750 0.013896 
2.730261 300 0.950000 0.045600 1.158750 0.013896 
2.831220 300 0.950000 0.045600 1.158750 0.013896 
2.932161 300 0.948750 0.050244 1.158750 0.013896 
3.033102 300 0.948750 0.050244 1.158750 0.013896 
3.134102 300 0.950000 0.046550 1.158750 0.013896 
3.235038 300 0.950000 0.046550 1.158750 0.013896 
3.335993 300 0.950000 0.046550 1.158750 0.013896 
3.436932 300 0.950000 0.045600 1.158750 0.013896 
3.537878 300 0.950000 0.045600 1.158750 0.013896 
3.638887 300 0.950000 0.045600 1.158750 0.013896 
3.739898 300 0.950000 0.045600 1.158750 0.013896 
3.840892 300 0.950000 0.045600 1.158750 0.013896 
3.941840 300 0.950000 0.045600 1.158750 0.013896 
4.042799 300 0.950000 0.045600 1.158750 0.013896 
4.143816 300 0.950000 0.045600 1.158750 0.013896 
4.244765 300 0.950000 0.046550 1.158750 0.013896 
4.345738 300 0.950000 0.046550 1.158750 0.013896 
4.446688 300 0.950000 0.045600 1.158750 0.013896 
4.547636 300 0.950000 0.045600 1.158750 0.013896 
4.648666 300 0.950000 0.045600 1.158750 0.013896 
4.749618 300 0.950000 0.045600 1.158750 0.013896 
4.850560 300 0.950000 0.045600 1.158750 0.013896 
4.951517 300 0.950000 0.045600 1.158750 0.013896 
5.052477 300 0.950000 0.045600 1.158750 0.013896 
5.153513 300 0.950000 0.045600 1.158750 0.013896 
5.254459 300 0.948750 0.046452 1.158750 0.013896 
5.355399 300 0.948750 0.046452 1.158750 0.013896 
5.456347 300 0.948750 0.046452 1.158750 0.013896 
5.557302 300 0.950000 0.045600 1.158750 0.013896 
5.658303 300 0.950000 0.045600 1.158750 0.013896 
5.759241 300 0.950000 0.045600 1.158750 0.015054 
5.860181 300 0.950000 0.045600 1.158750 0.015054 
5.961115 300 0.950000 0.045600 1.158750 0.015054 
6.062082 300 0.950000 0.045600 1.158750 0.013896 
6.163036 300 0.950000 0.045600 1.158750 0.013896 
6.264119 300 0.950000 0.045600 1.158750 0.013896 
6.365056 300 0.948750 0.045504 1.158750 0.013896 
6.466002 300 0.948750 0.045504 1.158750 0.013896 
6.566947 300 0.948750 0.045504 1.158750 0.013896 
6.667903 300 0.948750 0.045504 1.158750 0.013896 
6.768926 300 0.948750 0.045504 1.158750 0.013896 
6.869873 300 0.950000 0.045600 1.158750 0.013896 
6.970813 300 0.950000 0.045600 1.158750 0.013896 
7.071747 300 0.950000 0.045600 1.158750 0.013896 
7.172693 300 0.950000 0.045600 1.158750 0.013896 
7.273708 300 0.950000 0.045600 1.158750 0.013896 
7.374654 300 0.950000 0.045600 1.158750 0.013896 
7.475644 300 0.950000 0.045600 1.158750 0.013896 
7.576581 300 0.950000 0.045600 1.158750 0.013896 
7.677521 300 0.950000 0.046550 1.158750 0.013896 
7.778561 300 0.950000 0.046550 1.158750 0.013896 
7.879516 300 0.950000 0.046550 1.158750 0.013896 
7.980457 300 0.950000 0.046550 1.158750 0.013896 
8.081407 300 0.950000 0.046550 1.158750 0.013896 
8.182363 300 0.950000 0.046550 1.158750 0.013896 
8.283575 300 0.950000 0.046550 1.158750 0.013896 
8.384525 300 0.950000 0.046550 1.158750 0.013896 
8.485468 300 0.950000 0.045600 1.158750 0.013896 
8.586409 300 0.950000 0.045600 1.158750 0.013896 
8.687369 300 0.950000 0.045600 1.158750 0.013896 
8.788309 300 0.950000 0.045600 1.158750 0.013896 
8.889294 300 0.950000 0.045600 1.158750 0.013896 
8.990242 300 0.950000 0.045600 1.158750 0.013896 
9.091198 300 0.950000 0.045600 1.158750 0.013896 
9.192150 300 0.950000 0.045600 1.158750 0.013896 
9.293129 300 0.950000 0.045600 1.158750 0.013896 
9.394183 300 0.950000 0.045600 1.158750 0.013896 
9.495144 300 0.950000 0.047500 1.158750 0.013896 
9.596104 300 0.950000 0.047500 1.158750 0.013896 
9.697042 300 0.950000 0.047500 1.158750 0.013896 
9.797983 300 0.948750 0.048348 1.158750 0.013896 
9.898993 300 0.948750 0.048348 1.158750 0.013896 
9.999930 300 0.950000 0.045600 1.158750 0.013896 
10.100872 300 0.950000 0.045600 1.158750 0.013896 
10.201812 300 0.950000 0.045600 1.158750 0.013896 
10.302758 300 0.950000 0.046550 1.158750 0.013896 
10.403772 300 0.950000 0.046550 1.158750 0.013896 
10.504708 300 0.950000 0.045600 1.158750 0.013896 
10.605659 300 0.950000 0.045600 1.158750 0.013896 
10.706610 300 0.950000 0.045600 1.158750 0.013896 
10.807567 300 0.950000 0.047500 1.158750 0.013896 
10.908573 300 0.950000 0.047500 1.158750 0.013896 
11.009525 300 0.950000 0.047500 1.158750 0.013896 
11.110474 300 0.950000 0.045600 1.158750 0.013896 
11.211434 300 0.950000 0.045600 1.158750 0.013896 
11.312399 300 0.948750 0.045504 1.158750 0.013896 
11.413432 300 0.948750 0.045504 1.158750 0.013896 
11.514403 300 0.948750 0.045504 1.158750 0.013896 
11.615365 300 0.950000 0.052250 1.158750 0.013896 
11.716320 300 0.950000 0.052250 1.158750 0.013896 
11.817277 300 0.950000 0.052250 1.158750 0.013896 
11.918230 300 0.950000 0.046550 1.158750 0.013896 
12.019241 300 0.950000 0.046550 1.158750 0.013896 
12.120194 300 0.950000 0.045600 1.158750 0.013896 
12.221152 300 0.950000 0.045600 1.158750 0.013896 
12.322108 300 0.950000 0.045600 1.158750 0.013896 
12.423074 300 0.950000 0.045600 1.158750 0.013896 
12.524100 300 0.950000 0.045600 1.158750 0.013896 
12.625052 300 0.950000 0.045600 1.158750 0.013896 
12.726003 300 0.950000 0.045600 1.158750 0.013896 
12.826970 300 0.950000 0.045600 1.158750 0.013896 
12.927928 300 0.950000 0.045600 1.158750 0.013896 
13.028974 300 0.950000 0.045600 1.158750 0.013896 
13.129929 300 0.950000 0.045600 1.158750 0.013896 
13.230884 300 0.950000 0.046550 1.158750 0.013896 
13.331839 300 0.950000 0.046550 1.158750 0.013896 
13.432795 300 0.950000 0.045600 1.158750 0.013896 
13.533826 300 0.950000 0.045600 1.158750 0.013896 
13.634785 300 0.950000 0.045600 1.158750 0.013896 
13.735743 300 0.950000 0.046550 1.158750 0.013896 
13.836698 300 0.950000 0.046550 1.158750 0.013896 
13.937652 300 0.950000 0.046550 1.158750 0.013896 
14.038680 300 0.950000 0.046550 1.158750 0.013896 
14.139638 300 0.950000 0.046550 1.158750 0.013896 
14.240603 300 0.950000 0.045600 1.158750 0.013896 
14.341563 300 0.950000 0.045600 1.158750 0.013896 
14.442526 300 0.950000 0.045600 1.158750 0.013896 
14.543565 300 0.950000 0.045600 1.158750 0.013896 
14.644526 300 0.950000 0.045600 1.158750 0.013896 
14.745503 300 0.950000 0.045600 1.158750 0.013896 
14.846463 300 0.950000 0.045600 1.158750 0.013896 
14.947423 300 0.950000 0.045600 1.158750 0.013896 
15.048477 300 0.950000 0.046550 1.158750 0.013896 
15.149434 300 0.950000 0.046550 1.158750 0.013896 
15.250383 300 0.950000 0.046550 1.158750 0.013896 
15.351343 300 0.950000 0.046550 1.158750 0.013896 
15.452310 300 0.950000 0.046550 1.158750 0.013896 
15.553298 300 0.948750 0.046452 1.158750 0.013896 
15.654257 300 0.948750 0.046452 1.158750 0.013896 
15.755218 300 0.948750 0.046452 1.158750 0.013896 
15.856179 300 0.950000 0.045600 1.158750 0.013896 
15.957124 300 0.950000 0.045600 1.158750 0.013896 
16.058086 300 0.950000 0.045600 1.158750 0.013896 
16.159106 300 0.950000 0.045600 1.158750 0.013896 
16.260063 300 0.950000 0.045600 1.158750 0.013896 
16.361025 300 0.948750 0.045504 1.158750 0.013896 
16.462171 300 0.948750 0.045504 1.158750 0.013896 
16.563140 300 0.948750 0.045504 1.158750 0.013896 
16.664169 300 0.950000 0.045600 1.158750 0.013896 
16.765139 300 0.950000 0.045600 1.158750 0.013896 
16.866101 300 0.948750 0.045504 1.158750 0.013896 
16.967050 300 0.948750 0.045504 1.158750 0.013896 
17.068021 300 0.948750 0.045504 1.158750 0.013896 
17.169054 300 0.950000 0.045600 1.158750 0.013896 
17.270012 300 0.950000 0.045600 1.158750 0.013896 
17.370956 300 0.950000 0.046550 1.158750 0.013896 
17.471931 300 0.950000 0.046550 1.158750 0.013896 
17.572898 300 0.950000 0.046550 1.158750 0.013896 
17.673971 300 0.950000 0.047500 1.158750 0.013896 
17.774953 300 0.950000 0.047500 1.158750 0.013896 
17.875915 300 0.950000 0.047500 1.158750 0.013896 
17.976874 300 0.950000 0.049400 1.158750 0.013896 
18.077877 300 0.950000 0.049400 1.158750 0.013896 
18.178911 300 0.950000 0.045600 1.158750 0.013896 
18.279867 300 0.950000 0.045600 1.158750 0.013896 
18.380828 300 0.950000 0.045600 1.158750 0.013896 
18.481798 300 0.950000 0.045600 1.158750 0.013896 
18.582762 300 0.950000 0.045600 1.158750 0.013896 
18.683770 300 0.950000 0.045600 1.158750 0.013896 
18.784735 300 0.950000 0.045600 1.158750 0.013896 
18.885696 300 0.950000 0.045600 1.158750 0.013896 
18.986646 300 0.948750 0.046452 1.158750 0.013896 
19.087611 300 0.948750 0.046452 1.158750 0.013896 
19.188657 300 0.948750 0.046452 1.158750 0.013896 
19.289615 300 0.950000 0.046550 1.158750 0.013896 
19.390572 300 0.950000 0.046550 1.158750 0.013896 
19.491539 300 0.948750 0.046452 1.158750 0.013896 
19.592545 300 0.948750 0.046452 1.158750 0.013896 
19.693602 300 0.948750 0.046452 1.158750 0.013896 
19.794560 300 0.950000 0.053200 1.158750 0.013896 
19.895530 300 0.950000 0.053200 1.158750 0.013896 
19.996479 300 0.950000 0.053200 1.158750 0.013896 
20.097464 300 0.950000 0.045600 1.158750 0.013896 
20.198566 300 0.950000 0.045600 1.158750 0.013896 
20.299526 300 0.950000 0.047500 1.158750 0.013896 
20.400512 300 0.950000 0.047500 1.158750 0.013896 
20.501475 300 0.950000 0.047500 1.158750 0.013896 
20.602446 300 0.950000 0.048450 1.158750 0.013896 
20.703426 300 0.950000 0.048450 1.158750 0.013896 
20.804372 300 0.950000 0.046550 1.158750 0.013896 
20.905317 300 0.950000 0.046550 1.158750 0.013896 
21.006268 300 0.950000 0.046550 1.158750 0.013896 
21.107220 300 0.950000 0.046550 1.158750 0.013896 
21.208176 300 0.950000 0.046550 1.158750 0.013896 
21.309178 300 0.950000 0.046550 1.158750 0.013896 
21.410130 300 0.950000 0.045600 1.158750 0.013896 
21.511084 300 0.950000 0.045600 1.158750 0.013896 
21.612050 300 0.950000 0.046550 1.158750 0.013896 
21.713011 300 0.950000 0.046550 1.158750 0.013896 
21.814046 300 0.950000 0.046550 1.158750 0.013896 
21.915004 300 0.950000 0.046550 1.158750 0.013896 
22.015953 300 0.950000 0.046550 1.158750 0.013896 
22.116961 300 0.950000 0.045600 1.158750 0.015054 
