0.000248 1000 1.200000 0.018000 0.952500 0.729232 
0.100838 1000 1.200000 0.018000 0.953750 0.606108 
0.201387 1000 1.200000 0.018000 0.953750 0.606108 
0.301999 1000 1.200000 0.018000 0.953750 0.606108 
0.402585 1000 1.200000 0.018000 0.953750 0.606108 
0.503178 1000 1.200000 0.018000 0.953750 0.606108 
0.603812 1000 1.200000 0.018000 0.953750 0.606108 
0.704363 1000 1.200000 0.018000 0.953750 0.560364 
0.804964 1000 1.200000 0.018000 0.953750 0.560364 
0.905556 1000 1.200000 0.018000 0.953750 0.576565 
1.006148 1000 1.200000 0.018000 0.953750 0.576565 
1.106733 1000 1.200000 0.018000 0.953750 0.576565 
1.207255 1000 1.200000 0.018000 0.953750 0.651852 
1.307740 1000 1.200000 0.018000 0.953750 0.651852 
1.408236 1000 1.200000 0.018000 0.952500 0.711144 
1.508728 1000 1.200000 0.018000 0.952500 0.711144 
1.609235 1000 1.200000 0.018000 0.952500 0.711144 
1.709726 1000 1.200000 0.018000 0.952500 0.726376 
1.810219 1000 1.200000 0.018000 0.952500 0.726376 
1.910707 1000 1.200000 0.018000 0.952500 0.726376 
2.011187 1000 1.200000 0.018000 0.952500 0.727328 
2.111726 1000 1.200000 0.018000 0.952500 0.727328 
2.212221 1000 1.200000 0.018000 0.952500 0.727328 
2.312703 1000 1.200000 0.018000 0.952500 0.727328 
2.413179 1000 1.200000 0.018000 0.952500 0.727328 
2.513695 1000 1.200000 0.018000 0.952500 0.725424 
2.614188 1000 1.200000 0.018000 0.952500 0.725424 
2.714665 1000 1.200000 0.018000 0.952500 0.725424 
2.815158 1000 1.200000 0.018000 0.952500 0.726376 
2.922847 1000 1.200000 0.018000 0.952500 0.726376 
3.023499 1000 1.200000 0.018000 0.952500 0.726376 
3.124055 1000 1.200000 0.018000 0.952500 0.726376 
3.224611 1000 1.200000 0.018000 0.952500 0.726376 
3.325113 1000 1.200000 0.018000 0.952500 0.698768 
3.425596 1000 1.200000 0.018000 0.952500 0.698768 
3.526083 1000 1.200000 0.018000 0.952500 0.718760 
3.626648 1000 1.200000 0.018000 0.952500 0.718760 
3.727206 1000 1.200000 0.018000 0.952500 0.718760 
3.827715 1000 1.200000 0.018000 0.952500 0.716856 
