0.000199 1300 1.200000 0.018000 1.052500 1.170876 
0.100642 1300 1.200000 0.018000 1.051250 1.158202 
0.201110 1300 1.200000 0.018000 1.051250 1.158202 
0.301554 1300 1.200000 0.018000 1.051250 1.158202 
0.402008 1300 1.200000 0.018000 1.051250 0.980583 
0.502511 1300 1.200000 0.018000 1.051250 0.980583 
0.602985 1300 1.200000 0.018000 1.050000 1.004850 
0.703393 1300 1.200000 0.018000 1.050000 1.004850 
0.803824 1300 1.200000 0.018000 1.050000 1.004850 
0.904229 1300 1.200000 0.018000 1.051250 1.148743 
1.004724 1300 1.200000 0.018000 1.051250 1.148743 
1.105230 1300 1.200000 0.018000 1.051250 1.148743 
1.205647 1300 1.200000 0.018000 1.051250 1.131927 
1.306051 1300 1.200000 0.018000 1.051250 1.131927 
1.406451 1300 1.200000 0.018000 1.052500 1.164564 
1.506849 1300 1.200000 0.018000 1.052500 1.164564 
1.607269 1300 1.200000 0.018000 1.052500 1.164564 
1.707680 1300 1.200000 0.018000 1.052500 1.174032 
1.808097 1300 1.200000 0.018000 1.052500 1.174032 
1.908538 1300 1.200000 0.018000 1.052500 1.174032 
2.008985 1300 1.200000 0.018000 1.051250 1.171865 
2.109408 1300 1.200000 0.018000 1.051250 1.171865 
2.209829 1300 1.200000 0.018000 1.051250 1.116162 
2.310251 1300 1.200000 0.018000 1.051250 1.116162 
2.410653 1300 1.200000 0.018000 1.051250 1.116162 
2.511047 1300 1.200000 0.018000 1.052500 1.171928 
2.611471 1300 1.200000 0.018000 1.052500 1.171928 
2.711869 1300 1.200000 0.018000 1.052500 1.175084 
2.812267 1300 1.200000 0.018000 1.052500 1.175084 
2.912676 1300 1.200000 0.018000 1.052500 1.175084 
3.013170 1300 1.200000 0.018000 1.052500 1.171928 
3.113670 1300 1.200000 0.018000 1.052500 1.171928 
3.214187 1300 1.200000 0.018000 1.052500 1.171928 
3.314592 1300 1.200000 0.018000 1.051250 1.129825 
3.414991 1300 1.200000 0.018000 1.051250 1.129825 
3.515386 1300 1.200000 0.018000 1.052500 1.172980 
3.615937 1300 1.200000 0.018000 1.052500 1.172980 
3.716504 1300 1.200000 0.018000 1.052500 1.172980 
