0.000548 300 0.948750 0.057828 1.158750 0.013896 
0.101626 300 0.948750 0.057828 1.158750 0.013896 
0.202510 300 0.948750 0.057828 1.158750 0.013896 
0.303459 300 0.948750 0.055932 1.158750 0.013896 
0.404377 300 0.948750 0.055932 1.158750 0.013896 
0.505290 300 0.948750 0.055932 1.158750 0.013896 
0.606182 300 0.948750 0.055932 1.158750 0.013896 
0.706988 300 0.948750 0.055932 1.158750 0.013896 
0.807790 300 0.948750 0.056880 1.158750 0.013896 
0.908649 300 0.948750 0.056880 1.158750 0.013896 
1.009495 300 0.948750 0.056880 1.158750 0.013896 
1.110306 300 0.948750 0.056880 1.158750 0.013896 
1.211179 300 0.948750 0.056880 1.158750 0.013896 
1.312039 300 0.948750 0.056880 1.158750 0.013896 
1.412867 300 0.948750 0.056880 1.158750 0.013896 
1.513702 300 0.948750 0.056880 1.158750 0.013896 
1.614519 300 0.948750 0.056880 1.158750 0.013896 
1.715333 300 0.948750 0.056880 1.158750 0.013896 
1.816224 300 0.948750 0.056880 1.158750 0.013896 
1.917044 300 0.948750 0.056880 1.158750 0.013896 
2.017882 300 0.948750 0.056880 1.158750 0.013896 
2.118690 300 0.948750 0.056880 1.158750 0.013896 
2.219523 300 0.948750 0.056880 1.158750 0.013896 
2.320460 300 0.948750 0.056880 1.158750 0.013896 
2.421501 300 0.948750 0.056880 1.158750 0.013896 
2.522396 300 0.948750 0.056880 1.158750 0.013896 
2.623219 300 0.948750 0.056880 1.158750 0.013896 
2.724036 300 0.948750 0.057828 1.158750 0.013896 
2.824979 300 0.948750 0.057828 1.158750 0.013896 
2.926008 300 0.948750 0.056880 1.158750 0.013896 
3.026960 300 0.948750 0.056880 1.158750 0.013896 
3.127922 300 0.948750 0.056880 1.158750 0.013896 
3.228859 300 0.950000 0.053200 1.158750 0.013896 
3.329797 300 0.950000 0.053200 1.158750 0.013896 
3.430726 300 0.950000 0.046550 1.158750 0.013896 
3.531716 300 0.950000 0.046550 1.158750 0.013896 
3.632651 300 0.950000 0.046550 1.158750 0.013896 
3.733593 300 0.948750 0.046452 1.158750 0.013896 
3.834528 300 0.948750 0.046452 1.158750 0.013896 
3.935471 300 0.948750 0.046452 1.158750 0.013896 
4.036684 300 0.950000 0.046550 1.158750 0.015054 
4.137630 300 0.950000 0.046550 1.158750 0.015054 
4.238584 300 0.948750 0.046452 1.158750 0.013896 
4.339527 300 0.948750 0.046452 1.158750 0.013896 
4.440460 300 0.948750 0.046452 1.158750 0.013896 
4.541476 300 0.948750 0.046452 1.158750 0.013896 
4.642415 300 0.948750 0.046452 1.158750 0.013896 
4.743356 300 0.948750 0.046452 1.158750 0.013896 
4.844297 300 0.950000 0.046550 1.158750 0.013896 
4.945242 300 0.950000 0.046550 1.158750 0.013896 
5.046262 300 0.950000 0.046550 1.158750 0.013896 
5.147203 300 0.950000 0.046550 1.158750 0.013896 
5.248139 300 0.950000 0.046550 1.158750 0.013896 
5.349074 300 0.950000 0.046550 1.158750 0.013896 
5.450020 300 0.950000 0.046550 1.158750 0.013896 
5.551040 300 0.950000 0.046550 1.158750 0.013896 
5.651978 300 0.950000 0.046550 1.158750 0.013896 
5.752910 300 0.950000 0.046550 1.158750 0.013896 
5.853855 300 0.950000 0.046550 1.158750 0.013896 
5.954812 300 0.950000 0.046550 1.158750 0.013896 
6.055747 300 0.950000 0.046550 1.158750 0.013896 
6.156740 300 0.950000 0.046550 1.158750 0.013896 
6.257963 300 0.950000 0.046550 1.158750 0.013896 
6.358876 300 0.950000 0.047500 1.158750 0.013896 
6.459807 300 0.950000 0.047500 1.158750 0.013896 
6.560744 300 0.950000 0.047500 1.158750 0.013896 
6.661749 300 0.950000 0.046550 1.158750 0.013896 
6.762693 300 0.950000 0.046550 1.158750 0.013896 
6.863622 300 0.950000 0.046550 1.158750 0.013896 
6.964556 300 0.950000 0.046550 1.158750 0.013896 
7.065505 300 0.950000 0.046550 1.158750 0.013896 
7.166514 300 0.950000 0.047500 1.158750 0.013896 
7.267455 300 0.950000 0.047500 1.158750 0.013896 
7.368405 300 0.950000 0.047500 1.158750 0.013896 
7.469350 300 0.950000 0.046550 1.158750 0.015054 
7.570298 300 0.950000 0.046550 1.158750 0.015054 
7.671321 300 0.950000 0.046550 1.158750 0.013896 
7.772261 300 0.950000 0.046550 1.158750 0.013896 
7.873199 300 0.950000 0.046550 1.158750 0.013896 
7.974138 300 0.950000 0.046550 1.158750 0.013896 
8.075085 300 0.950000 0.046550 1.158750 0.013896 
8.176302 300 0.950000 0.046550 1.158750 0.013896 
8.277427 300 0.950000 0.046550 1.158750 0.013896 
8.378376 300 0.950000 0.046550 1.158750 0.013896 
8.479327 300 0.950000 0.046550 1.158750 0.013896 
8.580273 300 0.950000 0.046550 1.158750 0.013896 
8.681305 300 0.950000 0.046550 1.158750 0.013896 
8.782255 300 0.950000 0.046550 1.158750 0.013896 
8.883193 300 0.950000 0.046550 1.158750 0.013896 
8.984115 300 0.950000 0.046550 1.158750 0.013896 
9.085064 300 0.950000 0.046550 1.158750 0.013896 
9.186278 300 0.950000 0.046550 1.158750 0.013896 
9.287198 300 0.950000 0.046550 1.158750 0.013896 
9.388119 300 0.950000 0.046550 1.158750 0.013896 
9.489045 300 0.950000 0.046550 1.158750 0.013896 
9.589973 300 0.950000 0.048450 1.158750 0.013896 
9.690880 300 0.950000 0.048450 1.158750 0.013896 
9.791836 300 0.950000 0.048450 1.158750 0.013896 
9.892764 300 0.950000 0.048450 1.158750 0.013896 
9.993681 300 0.950000 0.048450 1.158750 0.013896 
10.094615 300 0.950000 0.046550 1.158750 0.013896 
10.195560 300 0.950000 0.046550 1.158750 0.013896 
10.296577 300 0.950000 0.046550 1.158750 0.013896 
10.397517 300 0.950000 0.046550 1.158750 0.013896 
10.498448 300 0.950000 0.046550 1.158750 0.013896 
10.599389 300 0.948750 0.046452 1.158750 0.013896 
10.700334 300 0.948750 0.046452 1.158750 0.013896 
10.801338 300 0.948750 0.046452 1.158750 0.013896 
10.902315 300 0.950000 0.046550 1.158750 0.013896 
11.003247 300 0.950000 0.046550 1.158750 0.013896 
11.104188 300 0.950000 0.046550 1.158750 0.013896 
11.205143 300 0.950000 0.046550 1.158750 0.013896 
11.306163 300 0.950000 0.046550 1.158750 0.013896 
11.407110 300 0.948750 0.046452 1.158750 0.013896 
11.508058 300 0.948750 0.046452 1.158750 0.013896 
11.608996 300 0.950000 0.049400 1.158750 0.013896 
11.709941 300 0.950000 0.049400 1.158750 0.013896 
11.810886 300 0.950000 0.049400 1.158750 0.013896 
11.911827 300 0.950000 0.046550 1.158750 0.013896 
12.012774 300 0.950000 0.046550 1.158750 0.013896 
12.113725 300 0.950000 0.046550 1.158750 0.013896 
12.214668 300 0.950000 0.046550 1.158750 0.013896 
12.315609 300 0.950000 0.046550 1.158750 0.013896 
12.416625 300 0.948750 0.046452 1.158750 0.013896 
12.517561 300 0.948750 0.046452 1.158750 0.013896 
12.618510 300 0.948750 0.046452 1.158750 0.013896 
12.719457 300 0.950000 0.046550 1.158750 0.013896 
12.820401 300 0.950000 0.046550 1.158750 0.013896 
12.921431 300 0.950000 0.046550 1.158750 0.013896 
13.022372 300 0.948750 0.046452 1.158750 0.013896 
13.123314 300 0.948750 0.046452 1.158750 0.013896 
13.224261 300 0.950000 0.046550 1.158750 0.013896 
13.325204 300 0.950000 0.046550 1.158750 0.013896 
13.426406 300 0.950000 0.046550 1.158750 0.013896 
13.527348 300 0.948750 0.046452 1.158750 0.013896 
13.628294 300 0.948750 0.046452 1.158750 0.013896 
13.729246 300 0.950000 0.046550 1.158750 0.013896 
13.830208 300 0.950000 0.046550 1.158750 0.013896 
13.931233 300 0.950000 0.046550 1.158750 0.013896 
14.032186 300 0.948750 0.046452 1.158750 0.013896 
14.133133 300 0.948750 0.046452 1.158750 0.013896 
14.234082 300 0.948750 0.046452 1.158750 0.013896 
14.335031 300 0.950000 0.046550 1.158750 0.013896 
14.436062 300 0.950000 0.046550 1.158750 0.013896 
14.537016 300 0.948750 0.046452 1.158750 0.013896 
14.637976 300 0.948750 0.046452 1.158750 0.013896 
14.738928 300 0.948750 0.046452 1.158750 0.013896 
14.839873 300 0.950000 0.046550 1.158750 0.013896 
14.940871 300 0.950000 0.046550 1.158750 0.013896 
15.041812 300 0.950000 0.046550 1.158750 0.013896 
15.142764 300 0.950000 0.046550 1.158750 0.013896 
15.243717 300 0.950000 0.046550 1.158750 0.013896 
15.344672 300 0.950000 0.046550 1.158750 0.013896 
15.445630 300 0.950000 0.046550 1.158750 0.013896 
15.546645 300 0.950000 0.046550 1.158750 0.013896 
15.647582 300 0.950000 0.046550 1.158750 0.013896 
15.748531 300 0.950000 0.046550 1.158750 0.013896 
15.849479 300 0.950000 0.046550 1.158750 0.013896 
15.950429 300 0.950000 0.046550 1.158750 0.013896 
16.051454 300 0.950000 0.046550 1.158750 0.013896 
16.152398 300 0.950000 0.046550 1.158750 0.013896 
16.253340 300 0.950000 0.046550 1.158750 0.013896 
16.354287 300 0.950000 0.046550 1.158750 0.013896 
16.455479 300 0.948750 0.046452 1.158750 0.013896 
16.556508 300 0.948750 0.046452 1.158750 0.013896 
16.657456 300 0.950000 0.046550 1.158750 0.013896 
16.758410 300 0.950000 0.046550 1.158750 0.013896 
16.859360 300 0.950000 0.046550 1.158750 0.013896 
16.960321 300 0.948750 0.046452 1.158750 0.013896 
17.061339 300 0.948750 0.046452 1.158750 0.013896 
17.162288 300 0.950000 0.046550 1.158750 0.013896 
17.263236 300 0.950000 0.046550 1.158750 0.013896 
17.364190 300 0.950000 0.046550 1.158750 0.013896 
17.465152 300 0.950000 0.046550 1.158750 0.013896 
17.566167 300 0.950000 0.046550 1.158750 0.013896 
17.667113 300 0.950000 0.046550 1.158750 0.013896 
17.768069 300 0.950000 0.048450 1.158750 0.013896 
17.869010 300 0.950000 0.048450 1.158750 0.013896 
17.969966 300 0.948750 0.051192 1.158750 0.013896 
18.070888 300 0.948750 0.051192 1.158750 0.013896 
18.171891 300 0.948750 0.051192 1.158750 0.013896 
18.272833 300 0.950000 0.046550 1.158750 0.013896 
18.373789 300 0.950000 0.046550 1.158750 0.013896 
18.474728 300 0.950000 0.046550 1.158750 0.013896 
18.575680 300 0.950000 0.046550 1.158750 0.013896 
18.676704 300 0.950000 0.046550 1.158750 0.013896 
18.777655 300 0.948750 0.046452 1.158750 0.013896 
18.878614 300 0.948750 0.046452 1.158750 0.013896 
18.979555 300 0.948750 0.046452 1.158750 0.013896 
19.080503 300 0.950000 0.046550 1.158750 0.013896 
19.181529 300 0.950000 0.046550 1.158750 0.013896 
19.282477 300 0.950000 0.046550 1.158750 0.013896 
19.383431 300 0.950000 0.046550 1.158750 0.013896 
19.484373 300 0.950000 0.046550 1.158750 0.013896 
19.585372 300 0.948750 0.046452 1.158750 0.013896 
19.686397 300 0.948750 0.046452 1.158750 0.013896 
19.787331 300 0.948750 0.052140 1.158750 0.013896 
19.888283 300 0.948750 0.052140 1.158750 0.013896 
19.989209 300 0.948750 0.052140 1.158750 0.013896 
20.090146 300 0.950000 0.046550 1.158750 0.013896 
20.191148 300 0.950000 0.046550 1.158750 0.013896 
20.292082 300 0.950000 0.046550 1.158750 0.013896 
20.393026 300 0.948750 0.046452 1.158750 0.013896 
20.493966 300 0.948750 0.046452 1.158750 0.013896 
20.594907 300 0.950000 0.046550 1.158750 0.013896 
20.695875 300 0.950000 0.046550 1.158750 0.013896 
20.796816 300 0.950000 0.046550 1.158750 0.013896 
20.897749 300 0.950000 0.046550 1.158750 0.013896 
20.998677 300 0.950000 0.046550 1.158750 0.013896 
21.099616 300 0.950000 0.046550 1.158750 0.013896 
21.200558 300 0.950000 0.046550 1.158750 0.013896 
21.301611 300 0.950000 0.046550 1.158750 0.013896 
21.402586 300 0.950000 0.046550 1.158750 0.013896 
21.503519 300 0.950000 0.046550 1.158750 0.013896 
21.604514 300 0.950000 0.046550 1.158750 0.013896 
21.705461 300 0.950000 0.046550 1.158750 0.013896 
21.806486 300 0.950000 0.046550 1.158750 0.013896 
21.907423 300 0.950000 0.046550 1.158750 0.013896 
22.008364 300 0.950000 0.046550 1.158750 0.013896 
22.109310 300 0.950000 0.046550 1.158750 0.013896 
22.210247 300 0.950000 0.046550 1.158750 0.013896 
22.311261 300 0.950000 0.046550 1.158750 0.013896 
22.412203 300 0.950000 0.046550 1.158750 0.013896 
22.513139 300 0.948750 0.046452 1.158750 0.013896 
22.614359 300 0.948750 0.046452 1.158750 0.013896 
22.715273 300 0.950000 0.047500 1.158750 0.013896 
22.816294 300 0.950000 0.047500 1.158750 0.013896 
22.917243 300 0.950000 0.047500 1.158750 0.013896 
23.018193 300 0.950000 0.046550 1.158750 0.013896 
23.119141 300 0.950000 0.046550 1.158750 0.013896 
23.220081 300 0.948750 0.046452 1.158750 0.013896 
23.321112 300 0.948750 0.046452 1.158750 0.013896 
23.422065 300 0.948750 0.046452 1.158750 0.013896 
23.523017 300 0.948750 0.046452 1.158750 0.013896 
23.623950 300 0.948750 0.046452 1.158750 0.013896 
23.724897 300 0.948750 0.046452 1.158750 0.013896 
23.826052 300 0.948750 0.046452 1.158750 0.013896 
23.926998 300 0.948750 0.046452 1.158750 0.013896 
24.027947 300 0.950000 0.046550 1.158750 0.013896 
24.128899 300 0.950000 0.046550 1.158750 0.013896 
24.229852 300 0.950000 0.046550 1.158750 0.013896 
24.330796 300 0.948750 0.046452 1.158750 0.013896 
24.431784 300 0.948750 0.046452 1.158750 0.013896 
24.532879 300 0.948750 0.046452 1.158750 0.013896 
24.633833 300 0.948750 0.046452 1.158750 0.013896 
24.734780 300 0.948750 0.046452 1.158750 0.013896 
24.835727 300 0.950000 0.046550 1.158750 0.013896 
24.936738 300 0.950000 0.046550 1.158750 0.013896 
25.037688 300 0.950000 0.046550 1.158750 0.013896 
25.138649 300 0.950000 0.046550 1.158750 0.013896 
25.239598 300 0.950000 0.046550 1.158750 0.013896 
25.340541 300 0.950000 0.046550 1.158750 0.013896 
25.441554 300 0.950000 0.046550 1.158750 0.013896 
25.542515 300 0.950000 0.046550 1.158750 0.013896 
25.643452 300 0.948750 0.046452 1.158750 0.013896 
25.744404 300 0.948750 0.046452 1.158750 0.013896 
25.845353 300 0.948750 0.046452 1.158750 0.013896 
25.946374 300 0.950000 0.050350 1.158750 0.013896 
26.047327 300 0.950000 0.050350 1.158750 0.013896 
26.148272 300 0.950000 0.046550 1.158750 0.013896 
26.249227 300 0.950000 0.046550 1.158750 0.013896 
26.350179 300 0.950000 0.046550 1.158750 0.013896 
26.451212 300 0.950000 0.046550 1.158750 0.013896 
26.552164 300 0.950000 0.046550 1.158750 0.013896 
26.653096 300 0.948750 0.046452 1.158750 0.013896 
26.754046 300 0.948750 0.046452 1.158750 0.013896 
26.855014 300 0.948750 0.046452 1.158750 0.013896 
26.956045 300 0.950000 0.046550 1.158750 0.013896 
27.056984 300 0.950000 0.046550 1.158750 0.013896 
27.157922 300 0.950000 0.046550 1.158750 0.013896 
27.258869 300 0.948750 0.047400 1.158750 0.013896 
27.359830 300 0.948750 0.047400 1.158750 0.013896 
27.460782 300 0.950000 0.046550 1.158750 0.013896 
27.561783 300 0.950000 0.046550 1.158750 0.013896 
27.662745 300 0.950000 0.046550 1.158750 0.013896 
27.763701 300 0.948750 0.048348 1.158750 0.013896 
27.864651 300 0.948750 0.048348 1.158750 0.013896 
27.965590 300 0.948750 0.047400 1.158750 0.013896 
28.066615 300 0.948750 0.047400 1.158750 0.013896 
28.167561 300 0.948750 0.047400 1.158750 0.013896 
28.268504 300 0.950000 0.046550 1.158750 0.013896 
28.369453 300 0.950000 0.046550 1.158750 0.013896 
28.470406 300 0.950000 0.046550 1.158750 0.013896 
28.571622 300 0.950000 0.046550 1.158750 0.013896 
28.672576 300 0.950000 0.046550 1.158750 0.013896 
28.773520 300 0.950000 0.046550 1.158750 0.013896 
28.874469 300 0.950000 0.046550 1.158750 0.013896 
28.975427 300 0.950000 0.046550 1.158750 0.013896 
29.076452 300 0.950000 0.046550 1.158750 0.013896 
29.177397 300 0.950000 0.046550 1.158750 0.013896 
29.278338 300 0.950000 0.046550 1.158750 0.013896 
29.379289 300 0.950000 0.046550 1.158750 0.013896 
29.480249 300 0.950000 0.046550 1.158750 0.013896 
29.581274 300 0.950000 0.046550 1.158750 0.013896 
29.682212 300 0.950000 0.046550 1.158750 0.013896 
29.783157 300 0.950000 0.046550 1.158750 0.013896 
29.884105 300 0.950000 0.046550 1.158750 0.013896 
29.985036 300 0.950000 0.046550 1.158750 0.013896 
30.086071 300 0.950000 0.046550 1.158750 0.013896 
30.187010 300 0.950000 0.046550 1.158750 0.013896 
30.287966 300 0.950000 0.046550 1.158750 0.013896 
30.388901 300 0.950000 0.046550 1.158750 0.013896 
30.489838 300 0.950000 0.046550 1.158750 0.013896 
30.590769 300 0.950000 0.046550 1.158750 0.013896 
30.691769 300 0.950000 0.046550 1.158750 0.013896 
30.792709 300 0.950000 0.046550 1.158750 0.013896 
30.893648 300 0.948750 0.046452 1.158750 0.013896 
30.994574 300 0.948750 0.046452 1.158750 0.013896 
31.095517 300 0.948750 0.046452 1.158750 0.013896 
31.196531 300 0.950000 0.046550 1.158750 0.013896 
31.297477 300 0.950000 0.046550 1.158750 0.013896 
31.398410 300 0.950000 0.046550 1.158750 0.013896 
31.499354 300 0.950000 0.046550 1.158750 0.013896 
31.600304 300 0.950000 0.046550 1.158750 0.013896 
31.701318 300 0.950000 0.046550 1.158750 0.013896 
31.802270 300 0.950000 0.046550 1.158750 0.013896 
31.903207 300 0.950000 0.046550 1.158750 0.013896 
32.004142 300 0.950000 0.046550 1.158750 0.013896 
32.105104 300 0.950000 0.046550 1.158750 0.013896 
32.206115 300 0.950000 0.046550 1.158750 0.013896 
32.307075 300 0.950000 0.046550 1.158750 0.013896 
32.408024 300 0.950000 0.046550 1.158750 0.013896 
32.508960 300 0.948750 0.046452 1.158750 0.013896 
32.609899 300 0.948750 0.046452 1.158750 0.013896 
32.711088 300 0.948750 0.046452 1.158750 0.013896 
32.812033 300 0.950000 0.046550 1.158750 0.013896 
32.912980 300 0.950000 0.046550 1.158750 0.013896 
33.013925 300 0.950000 0.046550 1.158750 0.013896 
33.115079 300 0.950000 0.046550 1.158750 0.013896 
33.216067 300 0.950000 0.046550 1.158750 0.013896 
33.316998 300 0.950000 0.046550 1.158750 0.013896 
33.417941 300 0.950000 0.046550 1.158750 0.013896 
33.518884 300 0.950000 0.046550 1.158750 0.013896 
33.619823 300 0.950000 0.046550 1.158750 0.013896 
33.720793 300 0.950000 0.046550 1.158750 0.013896 
33.821790 300 0.950000 0.046550 1.158750 0.013896 
33.922736 300 0.950000 0.046550 1.158750 0.013896 
34.023680 300 0.950000 0.046550 1.158750 0.013896 
34.124630 300 0.948750 0.049296 1.158750 0.013896 
34.225582 300 0.948750 0.049296 1.158750 0.013896 
34.326589 300 0.950000 0.046550 1.158750 0.013896 
34.427542 300 0.950000 0.046550 1.158750 0.013896 
34.528488 300 0.950000 0.046550 1.158750 0.013896 
34.629429 300 0.950000 0.046550 1.158750 0.013896 
34.730380 300 0.950000 0.046550 1.158750 0.013896 
34.831382 300 0.950000 0.046550 1.158750 0.013896 
34.932320 300 0.950000 0.046550 1.158750 0.013896 
35.033270 300 0.950000 0.046550 1.158750 0.013896 
35.134222 300 0.950000 0.046550 1.158750 0.013896 
35.235156 300 0.950000 0.046550 1.158750 0.013896 
35.336179 300 0.950000 0.046550 1.158750 0.013896 
35.437125 300 0.950000 0.046550 1.158750 0.013896 
35.538088 300 0.950000 0.046550 1.158750 0.013896 
35.639039 300 0.950000 0.046550 1.158750 0.013896 
35.740004 300 0.950000 0.046550 1.158750 0.013896 
35.841049 300 0.950000 0.046550 1.158750 0.013896 
35.942007 300 0.950000 0.050350 1.158750 0.013896 
36.042956 300 0.950000 0.050350 1.158750 0.013896 
36.143995 300 0.950000 0.048450 1.158750 0.013896 
36.245804 300 0.950000 0.048450 1.158750 0.013896 
36.346797 300 0.950000 0.048450 1.158750 0.013896 
36.447756 300 0.950000 0.046550 1.158750 0.013896 
36.548717 300 0.950000 0.046550 1.158750 0.013896 
36.649672 300 0.950000 0.046550 1.158750 0.013896 
36.750630 300 0.950000 0.046550 1.158750 0.013896 
36.851659 300 0.950000 0.046550 1.158750 0.013896 
36.952607 300 0.950000 0.046550 1.158750 0.013896 
37.053567 300 0.950000 0.046550 1.158750 0.013896 
37.154534 300 0.950000 0.046550 1.158750 0.013896 
37.255488 300 0.950000 0.046550 1.158750 0.013896 
37.356521 300 0.950000 0.046550 1.158750 0.013896 
37.457477 300 0.950000 0.046550 1.158750 0.013896 
37.558435 300 0.950000 0.047500 1.158750 0.013896 
37.659386 300 0.950000 0.047500 1.158750 0.013896 
37.760335 300 0.950000 0.046550 1.158750 0.013896 
37.861361 300 0.950000 0.046550 1.158750 0.013896 
37.962314 300 0.950000 0.046550 1.158750 0.013896 
38.063275 300 0.950000 0.046550 1.158750 0.013896 
38.164213 300 0.950000 0.046550 1.158750 0.013896 
38.265159 300 0.950000 0.046550 1.158750 0.013896 
38.366191 300 0.950000 0.046550 1.158750 0.013896 
38.467155 300 0.950000 0.046550 1.158750 0.013896 
38.568096 300 0.950000 0.046550 1.158750 0.013896 
38.669049 300 0.950000 0.046550 1.158750 0.013896 
38.769999 300 0.950000 0.046550 1.158750 0.013896 
38.871029 300 0.950000 0.046550 1.158750 0.013896 
38.971998 300 0.950000 0.046550 1.158750 0.013896 
39.072949 300 0.950000 0.046550 1.158750 0.013896 
39.173903 300 0.950000 0.046550 1.158750 0.013896 
39.274868 300 0.950000 0.046550 1.158750 0.013896 
39.375874 300 0.950000 0.046550 1.158750 0.013896 
39.476830 300 0.950000 0.046550 1.158750 0.013896 
39.577772 300 0.950000 0.046550 1.158750 0.013896 
39.678726 300 0.950000 0.046550 1.158750 0.013896 
39.779684 300 0.950000 0.046550 1.158750 0.013896 
39.880634 300 0.950000 0.046550 1.158750 0.013896 
39.981667 300 0.950000 0.046550 1.158750 0.013896 
40.082623 300 0.950000 0.046550 1.158750 0.013896 
40.183576 300 0.950000 0.046550 1.158750 0.013896 
40.284532 300 0.950000 0.046550 1.158750 0.013896 
40.385480 300 0.948750 0.046452 1.158750 0.013896 
40.486513 300 0.948750 0.046452 1.158750 0.013896 
40.587454 300 0.948750 0.046452 1.158750 0.013896 
40.688413 300 0.950000 0.046550 1.158750 0.013896 
40.789519 300 0.950000 0.046550 1.158750 0.013896 
40.890460 300 0.950000 0.046550 1.158750 0.013896 
40.991461 300 0.950000 0.046550 1.158750 0.013896 
41.092403 300 0.950000 0.046550 1.158750 0.013896 
41.193342 300 0.950000 0.046550 1.158750 0.013896 
41.294287 300 0.950000 0.046550 1.158750 0.013896 
41.395238 300 0.950000 0.046550 1.158750 0.013896 
41.496266 300 0.950000 0.046550 1.158750 0.013896 
41.597214 300 0.950000 0.046550 1.158750 0.013896 
41.698152 300 0.950000 0.046550 1.158750 0.013896 
41.799102 300 0.950000 0.046550 1.158750 0.013896 
41.900036 300 0.950000 0.046550 1.158750 0.013896 
42.001065 300 0.950000 0.047500 1.158750 0.013896 
42.102010 300 0.950000 0.047500 1.158750 0.013896 
42.202947 300 0.950000 0.047500 1.158750 0.013896 
42.303893 300 0.950000 0.048450 1.158750 0.013896 
42.405140 300 0.950000 0.048450 1.158750 0.013896 
42.506147 300 0.950000 0.046550 1.158750 0.013896 
42.607099 300 0.950000 0.046550 1.158750 0.013896 
42.708047 300 0.950000 0.046550 1.158750 0.013896 
42.809034 300 0.950000 0.046550 1.158750 0.013896 
42.909979 300 0.950000 0.046550 1.158750 0.013896 
43.010876 300 0.950000 0.046550 1.158750 0.013896 
43.111854 300 0.950000 0.046550 1.158750 0.013896 
43.212793 300 0.950000 0.046550 1.158750 0.013896 
43.313737 300 0.950000 0.046550 1.158750 0.013896 
43.414685 300 0.950000 0.046550 1.158750 0.013896 
43.515629 300 0.950000 0.046550 1.158750 0.013896 
43.616642 300 0.950000 0.046550 1.158750 0.013896 
43.717584 300 0.950000 0.046550 1.158750 0.013896 
43.818543 300 0.950000 0.046550 1.158750 0.013896 
43.919503 300 0.950000 0.046550 1.158750 0.013896 
44.020456 300 0.950000 0.046550 1.158750 0.013896 
44.121483 300 0.950000 0.052250 1.158750 0.013896 
44.222423 300 0.950000 0.052250 1.158750 0.013896 
44.323589 300 0.950000 0.046550 1.158750 0.013896 
44.424499 300 0.950000 0.046550 1.158750 0.013896 
44.525442 300 0.950000 0.046550 1.158750 0.013896 
44.626459 300 0.950000 0.046550 1.158750 0.013896 
44.727413 300 0.950000 0.046550 1.158750 0.013896 
44.828361 300 0.950000 0.046550 1.158750 0.013896 
44.929310 300 0.950000 0.046550 1.158750 0.013896 
45.030253 300 0.950000 0.046550 1.158750 0.013896 
45.131273 300 0.950000 0.046550 1.158750 0.013896 
45.232222 300 0.950000 0.046550 1.158750 0.013896 
45.333164 300 0.950000 0.046550 1.158750 0.013896 
45.434109 300 0.950000 0.046550 1.158750 0.013896 
45.535053 300 0.950000 0.046550 1.158750 0.013896 
45.636076 300 0.950000 0.046550 1.158750 0.013896 
45.737013 300 0.950000 0.046550 1.158750 0.013896 
45.837938 300 0.950000 0.046550 1.158750 0.013896 
45.938869 300 0.950000 0.048450 1.158750 0.013896 
46.039816 300 0.950000 0.048450 1.158750 0.013896 
46.140770 300 0.950000 0.048450 1.158750 0.013896 
46.241940 300 0.950000 0.046550 1.158750 0.013896 
46.342876 300 0.950000 0.046550 1.158750 0.013896 
46.443845 300 0.950000 0.046550 1.158750 0.013896 
46.544801 300 0.950000 0.046550 1.158750 0.013896 
46.645749 300 0.950000 0.046550 1.158750 0.013896 
46.746759 300 0.950000 0.047500 1.158750 0.013896 
46.847704 300 0.950000 0.047500 1.158750 0.013896 
46.948656 300 0.950000 0.047500 1.158750 0.013896 
47.049606 300 0.950000 0.046550 1.158750 0.013896 
47.150542 300 0.950000 0.046550 1.158750 0.013896 
47.251563 300 0.950000 0.046550 1.158750 0.013896 
47.352517 300 0.950000 0.046550 1.158750 0.013896 
47.453471 300 0.950000 0.046550 1.158750 0.013896 
47.554424 300 0.950000 0.048450 1.158750 0.013896 
47.655390 300 0.950000 0.048450 1.158750 0.013896 
47.756402 300 0.950000 0.046550 1.158750 0.013896 
47.857342 300 0.950000 0.046550 1.158750 0.013896 
47.958295 300 0.950000 0.046550 1.158750 0.013896 
48.059250 300 0.950000 0.046550 1.158750 0.013896 
48.160201 300 0.950000 0.046550 1.158750 0.013896 
48.261231 300 0.950000 0.046550 1.158750 0.013896 
48.362187 300 0.950000 0.046550 1.158750 0.013896 
48.463142 300 0.950000 0.046550 1.158750 0.013896 
48.564090 300 0.950000 0.046550 1.158750 0.013896 
48.665040 300 0.950000 0.046550 1.158750 0.013896 
48.766080 300 0.950000 0.046550 1.158750 0.013896 
48.867182 300 0.950000 0.046550 1.158750 0.013896 
48.968148 300 0.950000 0.046550 1.158750 0.013896 
49.069102 300 0.950000 0.046550 1.158750 0.013896 
49.170056 300 0.950000 0.046550 1.158750 0.013896 
49.271097 300 0.950000 0.046550 1.158750 0.013896 
49.372054 300 0.950000 0.046550 1.158750 0.013896 
49.473008 300 0.950000 0.046550 1.158750 0.013896 
49.573965 300 0.950000 0.046550 1.158750 0.013896 
49.674913 300 0.950000 0.046550 1.158750 0.015054 
49.775893 300 0.950000 0.046550 1.158750 0.015054 
49.876848 300 0.950000 0.046550 1.158750 0.013896 
49.977784 300 0.950000 0.046550 1.158750 0.013896 
50.078723 300 0.950000 0.046550 1.158750 0.013896 
50.179673 300 0.948750 0.052140 1.158750 0.013896 
50.280628 300 0.948750 0.052140 1.158750 0.013896 
50.381645 300 0.948750 0.052140 1.158750 0.013896 
50.482597 300 0.950000 0.047500 1.158750 0.013896 
50.583543 300 0.950000 0.047500 1.158750 0.013896 
50.684490 300 0.950000 0.046550 1.158750 0.013896 
50.785444 300 0.950000 0.046550 1.158750 0.013896 
50.886475 300 0.950000 0.046550 1.158750 0.013896 
50.987458 300 0.950000 0.046550 1.158750 0.013896 
51.088412 300 0.950000 0.046550 1.158750 0.013896 
51.189349 300 0.950000 0.046550 1.158750 0.013896 
51.290288 300 0.950000 0.046550 1.158750 0.013896 
51.391296 300 0.950000 0.046550 1.158750 0.013896 
51.492231 300 0.950000 0.046550 1.158750 0.013896 
51.593166 300 0.950000 0.046550 1.158750 0.013896 
51.694108 300 0.950000 0.046550 1.158750 0.013896 
51.795064 300 0.950000 0.046550 1.158750 0.013896 
51.896086 300 0.950000 0.046550 1.158750 0.013896 
51.997014 300 0.950000 0.047500 1.158750 0.013896 
52.097961 300 0.950000 0.047500 1.158750 0.013896 
52.198899 300 0.950000 0.047500 1.158750 0.013896 
52.299840 300 0.950000 0.050350 1.158750 0.013896 
52.400794 300 0.950000 0.050350 1.158750 0.013896 
52.501772 300 0.950000 0.050350 1.158750 0.013896 
52.602769 300 0.950000 0.046550 1.158750 0.013896 
52.703718 300 0.950000 0.046550 1.158750 0.013896 
52.804656 300 0.950000 0.046550 1.158750 0.013896 
52.905544 300 0.950000 0.046550 1.158750 0.013896 
53.006478 300 0.950000 0.046550 1.158750 0.013896 
53.107348 300 0.948750 0.053088 1.158750 0.013896 
53.208222 300 0.948750 0.053088 1.158750 0.013896 
53.309109 300 0.948750 0.057828 1.158750 0.013896 
53.409995 300 0.948750 0.057828 1.158750 0.013896 
53.510892 300 0.948750 0.057828 1.158750 0.013896 
53.611833 300 0.948750 0.057828 1.158750 0.013896 
