0.000442 400 0.961250 0.075919 1.158750 0.013896 
0.101618 400 0.961250 0.075919 1.158750 0.013896 
0.202341 400 0.961250 0.075919 1.158750 0.013896 
0.303021 400 0.961250 0.074958 1.158750 0.013896 
0.403713 400 0.961250 0.074958 1.158750 0.013896 
0.504435 400 0.961250 0.074958 1.158750 0.013896 
0.605257 400 0.961250 0.074958 1.158750 0.013896 
0.705981 400 0.961250 0.074958 1.158750 0.013896 
0.806651 400 0.961250 0.073997 1.158750 0.015054 
0.907338 400 0.961250 0.073997 1.158750 0.015054 
1.008011 400 0.961250 0.073997 1.158750 0.015054 
1.108677 400 0.961250 0.075919 1.158750 0.013896 
1.209380 400 0.961250 0.075919 1.158750 0.013896 
1.310112 400 0.961250 0.075919 1.158750 0.013896 
1.410786 400 0.961250 0.075919 1.158750 0.013896 
1.511486 400 0.961250 0.075919 1.158750 0.013896 
1.612169 400 0.961250 0.075919 1.158750 0.013896 
1.712840 400 0.961250 0.075919 1.158750 0.013896 
1.813513 400 0.961250 0.075919 1.158750 0.013896 
1.914220 400 0.961250 0.075919 1.158750 0.013896 
2.014965 400 0.961250 0.075919 1.158750 0.013896 
2.115747 400 0.961250 0.074958 1.158750 0.013896 
2.216524 400 0.961250 0.074958 1.158750 0.013896 
2.317343 400 0.961250 0.074958 1.158750 0.013896 
2.418109 400 0.961250 0.070153 1.158750 0.013896 
2.518899 400 0.961250 0.070153 1.158750 0.013896 
2.619682 400 0.961250 0.070153 1.158750 0.013896 
2.720530 400 0.961250 0.062465 1.158750 0.013896 
2.821301 400 0.961250 0.062465 1.158750 0.013896 
2.922071 400 0.961250 0.064387 1.158750 0.013896 
3.022840 400 0.961250 0.064387 1.158750 0.013896 
3.123606 400 0.961250 0.064387 1.158750 0.013896 
3.224358 400 0.961250 0.060543 1.158750 0.013896 
3.325201 400 0.961250 0.060543 1.158750 0.013896 
3.425969 400 0.961250 0.061504 1.158750 0.013896 
3.526737 400 0.961250 0.061504 1.158750 0.013896 
3.627508 400 0.961250 0.061504 1.158750 0.013896 
3.728262 400 0.961250 0.060543 1.158750 0.013896 
3.829038 400 0.961250 0.060543 1.158750 0.013896 
3.929809 400 0.961250 0.060543 1.158750 0.013896 
4.030634 400 0.961250 0.061504 1.158750 0.013896 
4.131413 400 0.961250 0.061504 1.158750 0.013896 
4.232186 400 0.961250 0.061504 1.158750 0.013896 
4.332961 400 0.961250 0.061504 1.158750 0.013896 
4.433753 400 0.961250 0.061504 1.158750 0.013896 
4.534532 400 0.961250 0.060543 1.158750 0.013896 
4.635386 400 0.961250 0.060543 1.158750 0.013896 
4.736155 400 0.961250 0.061504 1.158750 0.013896 
4.836929 400 0.961250 0.061504 1.158750 0.013896 
4.937704 400 0.961250 0.061504 1.158750 0.013896 
5.038484 400 0.961250 0.060543 1.158750 0.013896 
5.139267 400 0.961250 0.060543 1.158750 0.013896 
5.240115 400 0.961250 0.060543 1.158750 0.013896 
5.340894 400 0.961250 0.060543 1.158750 0.013896 
5.441670 400 0.961250 0.060543 1.158750 0.013896 
5.542442 400 0.961250 0.060543 1.158750 0.013896 
5.643221 400 0.961250 0.060543 1.158750 0.013896 
5.744000 400 0.961250 0.060543 1.158750 0.013896 
5.844776 400 0.961250 0.060543 1.158750 0.013896 
5.945604 400 0.961250 0.060543 1.158750 0.013896 
6.046365 400 0.961250 0.060543 1.158750 0.013896 
6.147145 400 0.961250 0.060543 1.158750 0.013896 
6.247918 400 0.961250 0.060543 1.158750 0.013896 
6.348692 400 0.961250 0.061504 1.158750 0.013896 
6.449466 400 0.961250 0.061504 1.158750 0.013896 
6.550310 400 0.961250 0.061504 1.158750 0.013896 
6.651081 400 0.961250 0.060543 1.158750 0.013896 
6.751854 400 0.961250 0.060543 1.158750 0.013896 
6.852618 400 0.961250 0.060543 1.158750 0.013896 
6.953392 400 0.961250 0.060543 1.158750 0.013896 
7.054172 400 0.961250 0.060543 1.158750 0.013896 
7.154979 400 0.961250 0.061504 1.158750 0.013896 
7.255750 400 0.961250 0.061504 1.158750 0.013896 
7.356537 400 0.961250 0.061504 1.158750 0.013896 
7.457307 400 0.961250 0.061504 1.158750 0.013896 
7.558082 400 0.961250 0.061504 1.158750 0.013896 
7.658855 400 0.961250 0.061504 1.158750 0.013896 
7.759640 400 0.961250 0.061504 1.158750 0.013896 
7.860485 400 0.961250 0.061504 1.158750 0.013896 
7.961257 400 0.961250 0.060543 1.158750 0.013896 
8.062039 400 0.961250 0.060543 1.158750 0.013896 
8.162824 400 0.961250 0.060543 1.158750 0.013896 
8.263816 400 0.961250 0.061504 1.158750 0.013896 
8.364596 400 0.961250 0.061504 1.158750 0.013896 
8.465478 400 0.961250 0.061504 1.158750 0.013896 
8.566264 400 0.961250 0.061504 1.158750 0.013896 
8.667063 400 0.961250 0.061504 1.158750 0.013896 
8.767834 400 0.961250 0.060543 1.158750 0.013896 
8.868618 400 0.961250 0.060543 1.158750 0.013896 
8.969387 400 0.961250 0.061504 1.158750 0.013896 
9.070225 400 0.961250 0.061504 1.158750 0.013896 
9.170996 400 0.961250 0.061504 1.158750 0.013896 
9.271785 400 0.961250 0.060543 1.158750 0.013896 
9.372570 400 0.961250 0.060543 1.158750 0.013896 
9.473351 400 0.961250 0.060543 1.158750 0.013896 
9.574119 400 0.961250 0.064387 1.158750 0.013896 
9.674895 400 0.961250 0.064387 1.158750 0.013896 
9.775705 400 0.961250 0.062465 1.158750 0.013896 
9.876477 400 0.961250 0.062465 1.158750 0.013896 
9.977247 400 0.961250 0.062465 1.158750 0.013896 
10.078023 400 0.961250 0.060543 1.158750 0.013896 
10.178804 400 0.961250 0.060543 1.158750 0.013896 
10.279587 400 0.961250 0.061504 1.158750 0.013896 
10.380418 400 0.961250 0.061504 1.158750 0.013896 
10.481200 400 0.961250 0.061504 1.158750 0.013896 
10.581977 400 0.961250 0.060543 1.158750 0.013896 
10.682756 400 0.961250 0.060543 1.158750 0.013896 
10.783533 400 0.961250 0.060543 1.158750 0.013896 
10.884316 400 0.961250 0.060543 1.158750 0.013896 
10.985161 400 0.961250 0.060543 1.158750 0.013896 
11.085936 400 0.961250 0.060543 1.158750 0.013896 
11.186725 400 0.961250 0.060543 1.158750 0.013896 
11.287724 400 0.961250 0.060543 1.158750 0.013896 
11.388468 400 0.961250 0.061504 1.158750 0.013896 
11.489246 400 0.961250 0.061504 1.158750 0.013896 
11.589993 400 0.961250 0.061504 1.158750 0.013896 
11.690807 400 0.961250 0.066309 1.158750 0.013896 
11.791587 400 0.961250 0.066309 1.158750 0.013896 
11.892362 400 0.961250 0.060543 1.158750 0.015054 
11.993138 400 0.961250 0.060543 1.158750 0.015054 
12.093917 400 0.961250 0.060543 1.158750 0.015054 
12.194700 400 0.961250 0.060543 1.158750 0.013896 
12.295544 400 0.961250 0.060543 1.158750 0.013896 
12.396536 400 0.961250 0.060543 1.158750 0.013896 
12.497315 400 0.961250 0.060543 1.158750 0.013896 
12.598147 400 0.961250 0.060543 1.158750 0.013896 
12.698939 400 0.961250 0.060543 1.158750 0.013896 
12.799727 400 0.961250 0.060543 1.158750 0.013896 
12.901649 400 0.961250 0.060543 1.158750 0.013896 
13.002437 400 0.961250 0.060543 1.158750 0.013896 
13.103227 400 0.961250 0.060543 1.158750 0.013896 
13.204007 400 0.961250 0.061504 1.158750 0.015054 
13.304791 400 0.961250 0.061504 1.158750 0.015054 
13.405617 400 0.961250 0.061504 1.158750 0.015054 
13.506402 400 0.961250 0.060543 1.158750 0.013896 
13.607191 400 0.961250 0.060543 1.158750 0.013896 
13.707967 400 0.961250 0.060543 1.158750 0.013896 
13.808752 400 0.961250 0.060543 1.158750 0.013896 
13.909538 400 0.961250 0.060543 1.158750 0.013896 
14.010387 400 0.961250 0.060543 1.158750 0.015054 
14.111160 400 0.961250 0.060543 1.158750 0.015054 
14.211934 400 0.961250 0.060543 1.158750 0.015054 
14.312722 400 0.961250 0.061504 1.158750 0.013896 
14.413509 400 0.961250 0.061504 1.158750 0.013896 
14.514274 400 0.961250 0.060543 1.158750 0.013896 
14.615129 400 0.961250 0.060543 1.158750 0.013896 
14.715916 400 0.961250 0.060543 1.158750 0.013896 
14.816705 400 0.961250 0.061504 1.158750 0.013896 
14.917507 400 0.961250 0.061504 1.158750 0.013896 
15.018292 400 0.961250 0.061504 1.158750 0.013896 
15.119081 400 0.961250 0.060543 1.158750 0.015054 
15.219905 400 0.961250 0.060543 1.158750 0.015054 
15.320738 400 0.961250 0.060543 1.158750 0.013896 
15.421527 400 0.961250 0.060543 1.158750 0.013896 
15.522310 400 0.961250 0.060543 1.158750 0.013896 
15.623097 400 0.961250 0.060543 1.158750 0.013896 
15.723885 400 0.961250 0.060543 1.158750 0.013896 
15.824657 400 0.961250 0.060543 1.158750 0.015054 
15.925497 400 0.961250 0.060543 1.158750 0.015054 
16.026287 400 0.961250 0.060543 1.158750 0.015054 
16.127074 400 0.961250 0.060543 1.158750 0.013896 
16.227863 400 0.961250 0.060543 1.158750 0.013896 
16.328653 400 0.961250 0.060543 1.158750 0.013896 
16.429582 400 0.961250 0.061504 1.158750 0.013896 
16.530429 400 0.961250 0.061504 1.158750 0.013896 
16.631210 400 0.961250 0.060543 1.158750 0.013896 
16.732004 400 0.961250 0.060543 1.158750 0.013896 
16.832797 400 0.961250 0.060543 1.158750 0.013896 
16.933607 400 0.961250 0.061504 1.158750 0.013896 
17.034385 400 0.961250 0.061504 1.158750 0.013896 
17.135226 400 0.961250 0.061504 1.158750 0.013896 
17.236010 400 0.961250 0.061504 1.158750 0.013896 
17.336792 400 0.961250 0.061504 1.158750 0.013896 
17.437579 400 0.961250 0.060543 1.158750 0.013896 
17.538385 400 0.961250 0.060543 1.158750 0.013896 
17.639174 400 0.961250 0.060543 1.158750 0.013896 
17.739994 400 0.961250 0.063426 1.158750 0.013896 
17.840784 400 0.961250 0.063426 1.158750 0.013896 
17.941563 400 0.961250 0.063426 1.158750 0.013896 
18.042349 400 0.961250 0.063426 1.158750 0.013896 
18.143141 400 0.961250 0.063426 1.158750 0.013896 
18.243931 400 0.961250 0.061504 1.158750 0.013896 
18.344719 400 0.961250 0.061504 1.158750 0.013896 
18.445576 400 0.961250 0.061504 1.158750 0.013896 
18.546354 400 0.961250 0.061504 1.158750 0.013896 
18.647142 400 0.961250 0.061504 1.158750 0.013896 
18.747919 400 0.961250 0.060543 1.158750 0.013896 
18.848711 400 0.961250 0.060543 1.158750 0.013896 
18.949497 400 0.961250 0.060543 1.158750 0.013896 
19.050333 400 0.961250 0.060543 1.158750 0.013896 
19.151115 400 0.961250 0.060543 1.158750 0.013896 
19.251896 400 0.961250 0.060543 1.158750 0.013896 
19.352680 400 0.961250 0.060543 1.158750 0.013896 
19.453460 400 0.961250 0.060543 1.158750 0.013896 
19.554255 400 0.961250 0.061504 1.158750 0.015054 
19.655103 400 0.961250 0.061504 1.158750 0.015054 
19.755876 400 0.961250 0.061504 1.158750 0.015054 
19.856659 400 0.961250 0.063426 1.158750 0.013896 
19.957453 400 0.961250 0.063426 1.158750 0.013896 
20.058237 400 0.961250 0.060543 1.158750 0.013896 
20.159023 400 0.961250 0.060543 1.158750 0.013896 
20.259806 400 0.961250 0.060543 1.158750 0.013896 
20.360658 400 0.961250 0.060543 1.158750 0.015054 
20.461438 400 0.961250 0.060543 1.158750 0.015054 
20.562229 400 0.961250 0.060543 1.158750 0.015054 
20.663022 400 0.961250 0.060543 1.158750 0.015054 
20.763816 400 0.961250 0.060543 1.158750 0.015054 
20.864595 400 0.961250 0.061504 1.158750 0.015054 
20.965435 400 0.961250 0.061504 1.158750 0.015054 
21.066221 400 0.961250 0.061504 1.158750 0.015054 
21.167011 400 0.961250 0.061504 1.158750 0.013896 
21.267803 400 0.961250 0.061504 1.158750 0.013896 
21.368588 400 0.961250 0.060543 1.158750 0.013896 
21.469378 400 0.961250 0.060543 1.158750 0.013896 
21.570231 400 0.961250 0.060543 1.158750 0.013896 
21.671004 400 0.961250 0.061504 1.158750 0.013896 
21.771783 400 0.961250 0.061504 1.158750 0.013896 
21.872558 400 0.961250 0.061504 1.158750 0.013896 
21.973326 400 0.961250 0.060543 1.158750 0.013896 
22.074099 400 0.961250 0.060543 1.158750 0.013896 
22.174885 400 0.961250 0.061504 1.158750 0.015054 
22.275714 400 0.961250 0.061504 1.158750 0.015054 
22.376493 400 0.961250 0.061504 1.158750 0.015054 
22.477269 400 0.961250 0.060543 1.158750 0.013896 
22.578052 400 0.961250 0.060543 1.158750 0.013896 
22.678829 400 0.961250 0.060543 1.158750 0.013896 
22.779608 400 0.961250 0.060543 1.158750 0.013896 
22.880449 400 0.961250 0.060543 1.158750 0.013896 
22.981232 400 0.961250 0.060543 1.158750 0.013896 
23.082002 400 0.961250 0.060543 1.158750 0.013896 
23.182780 400 0.961250 0.060543 1.158750 0.013896 
23.283629 400 0.961250 0.061504 1.158750 0.013896 
23.384381 400 0.961250 0.061504 1.158750 0.013896 
23.485224 400 0.961250 0.061504 1.158750 0.015054 
23.586004 400 0.961250 0.061504 1.158750 0.015054 
23.686787 400 0.961250 0.061504 1.158750 0.015054 
23.787570 400 0.961250 0.060543 1.158750 0.013896 
23.888356 400 0.961250 0.060543 1.158750 0.013896 
23.989121 400 0.961250 0.060543 1.158750 0.013896 
24.089904 400 0.961250 0.060543 1.158750 0.013896 
24.190726 400 0.961250 0.060543 1.158750 0.013896 
24.291514 400 0.961250 0.062465 1.158750 0.013896 
24.392293 400 0.961250 0.062465 1.158750 0.013896 
24.493204 400 0.961250 0.062465 1.158750 0.013896 
24.593991 400 0.961250 0.060543 1.158750 0.013896 
24.694778 400 0.961250 0.060543 1.158750 0.013896 
24.795616 400 0.961250 0.060543 1.158750 0.013896 
24.896444 400 0.961250 0.060543 1.158750 0.013896 
24.997233 400 0.961250 0.060543 1.158750 0.013896 
25.098020 400 0.961250 0.060543 1.158750 0.013896 
25.198799 400 0.961250 0.060543 1.158750 0.013896 
25.299585 400 0.961250 0.060543 1.158750 0.013896 
25.400445 400 0.961250 0.060543 1.158750 0.013896 
25.501255 400 0.961250 0.060543 1.158750 0.013896 
25.602034 400 0.961250 0.060543 1.158750 0.013896 
25.702819 400 0.961250 0.060543 1.158750 0.013896 
25.803599 400 0.961250 0.060543 1.158750 0.013896 
25.904374 400 0.961250 0.064387 1.158750 0.013896 
26.005220 400 0.961250 0.064387 1.158750 0.013896 
26.106000 400 0.961250 0.060543 1.158750 0.015054 
26.206788 400 0.961250 0.060543 1.158750 0.015054 
26.307583 400 0.961250 0.060543 1.158750 0.015054 
26.408373 400 0.961250 0.060543 1.158750 0.013896 
26.509158 400 0.961250 0.060543 1.158750 0.013896 
26.609977 400 0.961250 0.060543 1.158750 0.013896 
26.710767 400 0.961250 0.061504 1.158750 0.015054 
26.811558 400 0.961250 0.061504 1.158750 0.015054 
26.912338 400 0.961250 0.060543 1.158750 0.013896 
27.013126 400 0.961250 0.060543 1.158750 0.013896 
27.113907 400 0.961250 0.060543 1.158750 0.013896 
27.214701 400 0.961250 0.060543 1.158750 0.013896 
27.315555 400 0.961250 0.060543 1.158750 0.013896 
27.416351 400 0.961250 0.060543 1.158750 0.013896 
27.517155 400 0.961250 0.060543 1.158750 0.013896 
27.617961 400 0.961250 0.060543 1.158750 0.013896 
27.718751 400 0.961250 0.066309 1.158750 0.013896 
27.819538 400 0.961250 0.066309 1.158750 0.013896 
27.920389 400 0.961250 0.066309 1.158750 0.013896 
28.021174 400 0.961250 0.060543 1.158750 0.013896 
28.121964 400 0.961250 0.060543 1.158750 0.013896 
28.222778 400 0.961250 0.060543 1.158750 0.013896 
28.323566 400 0.961250 0.060543 1.158750 0.013896 
28.424354 400 0.961250 0.060543 1.158750 0.013896 
28.525211 400 0.961250 0.060543 1.158750 0.013896 
28.625996 400 0.961250 0.060543 1.158750 0.013896 
28.726762 400 0.961250 0.060543 1.158750 0.013896 
28.827555 400 0.961250 0.060543 1.158750 0.013896 
28.928348 400 0.961250 0.060543 1.158750 0.013896 
29.029130 400 0.961250 0.060543 1.158750 0.013896 
29.129984 400 0.961250 0.060543 1.158750 0.013896 
29.230757 400 0.961250 0.060543 1.158750 0.013896 
29.331545 400 0.961250 0.060543 1.158750 0.013896 
29.432330 400 0.961250 0.060543 1.158750 0.013896 
29.533118 400 0.961250 0.060543 1.158750 0.013896 
29.633919 400 0.961250 0.060543 1.158750 0.013896 
29.734705 400 0.961250 0.060543 1.158750 0.013896 
29.835560 400 0.961250 0.061504 1.158750 0.015054 
29.936355 400 0.961250 0.061504 1.158750 0.015054 
30.037141 400 0.961250 0.061504 1.158750 0.015054 
30.137930 400 0.961250 0.060543 1.158750 0.015054 
30.238721 400 0.961250 0.060543 1.158750 0.015054 
30.339504 400 0.961250 0.060543 1.158750 0.015054 
30.440351 400 0.961250 0.060543 1.158750 0.015054 
30.541137 400 0.961250 0.060543 1.158750 0.015054 
30.641925 400 0.961250 0.060543 1.158750 0.013896 
30.742712 400 0.961250 0.060543 1.158750 0.013896 
30.843500 400 0.961250 0.060543 1.158750 0.013896 
30.944292 400 0.961250 0.060543 1.158750 0.013896 
31.045151 400 0.961250 0.060543 1.158750 0.013896 
31.145937 400 0.961250 0.060543 1.158750 0.013896 
31.246720 400 0.961250 0.060543 1.158750 0.013896 
31.347516 400 0.961250 0.060543 1.158750 0.013896 
31.448308 400 0.961250 0.060543 1.158750 0.015054 
31.549098 400 0.961250 0.060543 1.158750 0.015054 
31.649884 400 0.961250 0.061504 1.158750 0.013896 
31.750738 400 0.961250 0.061504 1.158750 0.013896 
31.851523 400 0.961250 0.061504 1.158750 0.013896 
31.952315 400 0.961250 0.060543 1.158750 0.013896 
32.053108 400 0.961250 0.060543 1.158750 0.013896 
32.153889 400 0.961250 0.060543 1.158750 0.013896 
32.254683 400 0.961250 0.061504 1.158750 0.013896 
32.355541 400 0.961250 0.061504 1.158750 0.013896 
32.456329 400 0.961250 0.061504 1.158750 0.013896 
32.557120 400 0.961250 0.061504 1.158750 0.013896 
32.658051 400 0.961250 0.061504 1.158750 0.013896 
32.758838 400 0.961250 0.060543 1.158750 0.013896 
32.859631 400 0.961250 0.060543 1.158750 0.013896 
32.960488 400 0.961250 0.060543 1.158750 0.013896 
33.061280 400 0.961250 0.060543 1.158750 0.013896 
33.162069 400 0.961250 0.060543 1.158750 0.013896 
33.262851 400 0.961250 0.061504 1.158750 0.013896 
33.363629 400 0.961250 0.061504 1.158750 0.013896 
33.464418 400 0.961250 0.061504 1.158750 0.013896 
33.565276 400 0.961250 0.062465 1.158750 0.013896 
33.666074 400 0.961250 0.062465 1.158750 0.013896 
33.766856 400 0.961250 0.060543 1.158750 0.013896 
33.867656 400 0.961250 0.060543 1.158750 0.013896 
33.968405 400 0.961250 0.060543 1.158750 0.013896 
34.069197 400 0.961250 0.064387 1.158750 0.013896 
34.169994 400 0.961250 0.064387 1.158750 0.013896 
34.270782 400 0.961250 0.064387 1.158750 0.013896 
34.371573 400 0.961250 0.060543 1.158750 0.013896 
34.472358 400 0.961250 0.060543 1.158750 0.013896 
34.573120 400 0.961250 0.060543 1.158750 0.013896 
34.673903 400 0.961250 0.060543 1.158750 0.013896 
34.774691 400 0.961250 0.060543 1.158750 0.013896 
34.875556 400 0.961250 0.060543 1.158750 0.013896 
34.976338 400 0.961250 0.060543 1.158750 0.013896 
35.077116 400 0.961250 0.061504 1.158750 0.013896 
35.177891 400 0.961250 0.061504 1.158750 0.013896 
35.278660 400 0.961250 0.061504 1.158750 0.013896 
35.379438 400 0.961250 0.060543 1.158750 0.013896 
35.480282 400 0.961250 0.060543 1.158750 0.013896 
35.581073 400 0.961250 0.060543 1.158750 0.013896 
35.681846 400 0.961250 0.060543 1.158750 0.013896 
35.782603 400 0.961250 0.060543 1.158750 0.013896 
35.883392 400 0.961250 0.066309 1.158750 0.013896 
35.984177 400 0.961250 0.066309 1.158750 0.013896 
36.084977 400 0.961250 0.066309 1.158750 0.013896 
36.185755 400 0.961250 0.060543 1.158750 0.015054 
36.286534 400 0.961250 0.060543 1.158750 0.015054 
36.387313 400 0.961250 0.060543 1.158750 0.015054 
36.488086 400 0.961250 0.061504 1.158750 0.015054 
36.588870 400 0.961250 0.061504 1.158750 0.015054 
36.689651 400 0.961250 0.061504 1.158750 0.013896 
36.790496 400 0.961250 0.061504 1.158750 0.013896 
36.891270 400 0.961250 0.061504 1.158750 0.013896 
36.992041 400 0.961250 0.060543 1.158750 0.013896 
37.092818 400 0.961250 0.060543 1.158750 0.013896 
37.193585 400 0.961250 0.060543 1.158750 0.013896 
37.294373 400 0.961250 0.060543 1.158750 0.013896 
37.395214 400 0.961250 0.060543 1.158750 0.013896 
37.496003 400 0.961250 0.060543 1.158750 0.013896 
37.596784 400 0.961250 0.060543 1.158750 0.013896 
37.697571 400 0.961250 0.060543 1.158750 0.013896 
37.798363 400 0.961250 0.060543 1.158750 0.013896 
37.899188 400 0.961250 0.060543 1.158750 0.013896 
37.999996 400 0.961250 0.060543 1.158750 0.013896 
38.100788 400 0.961250 0.060543 1.158750 0.013896 
38.201560 400 0.961250 0.060543 1.158750 0.013896 
38.302341 400 0.961250 0.060543 1.158750 0.013896 
38.403124 400 0.961250 0.060543 1.158750 0.013896 
38.503901 400 0.961250 0.060543 1.158750 0.013896 
38.604689 400 0.961250 0.060543 1.158750 0.013896 
38.705540 400 0.961250 0.060543 1.158750 0.013896 
38.806317 400 0.961250 0.060543 1.158750 0.013896 
38.907090 400 0.961250 0.060543 1.158750 0.013896 
39.007875 400 0.961250 0.060543 1.158750 0.013896 
39.108663 400 0.961250 0.061504 1.158750 0.013896 
39.209453 400 0.961250 0.061504 1.158750 0.013896 
39.310301 400 0.961250 0.061504 1.158750 0.013896 
39.411091 400 0.961250 0.061504 1.158750 0.013896 
39.511872 400 0.961250 0.061504 1.158750 0.013896 
39.612577 400 0.961250 0.060543 1.158750 0.013896 
39.713291 400 0.961250 0.060543 1.158750 0.013896 
39.814005 400 0.961250 0.060543 1.158750 0.013896 
39.914724 400 0.961250 0.065348 1.158750 0.013896 
40.015486 400 0.961250 0.065348 1.158750 0.013896 
40.116228 400 0.961250 0.075919 1.158750 0.013896 
