0.000360 500 1.073750 0.121249 1.158750 0.015054 
0.101021 500 1.073750 0.121249 1.158750 0.015054 
0.201647 500 1.073750 0.121249 1.158750 0.015054 
0.302261 500 1.073750 0.121249 1.158750 0.015054 
0.402868 500 1.073750 0.116957 1.158750 0.015054 
0.503527 500 1.073750 0.116957 1.158750 0.015054 
0.604153 500 1.073750 0.116957 1.158750 0.015054 
0.704821 500 1.073750 0.116957 1.158750 0.015054 
0.805462 500 1.073750 0.116957 1.158750 0.015054 
0.906063 500 1.073750 0.115884 1.158750 0.015054 
1.006657 500 1.073750 0.115884 1.158750 0.015054 
1.107269 500 1.073750 0.115884 1.158750 0.015054 
1.207899 500 1.073750 0.116957 1.158750 0.015054 
1.308607 500 1.073750 0.116957 1.158750 0.015054 
1.409216 500 1.073750 0.119103 1.158750 0.015054 
1.509822 500 1.073750 0.119103 1.158750 0.015054 
1.610437 500 1.073750 0.119103 1.158750 0.015054 
1.711133 500 1.073750 0.119103 1.158750 0.015054 
1.811830 500 1.073750 0.119103 1.158750 0.015054 
1.912520 500 1.073750 0.119103 1.158750 0.015054 
2.013276 500 1.073750 0.113738 1.158750 0.013896 
2.113964 500 1.073750 0.113738 1.158750 0.013896 
2.214656 500 1.075000 0.098900 1.158750 0.015054 
2.315353 500 1.075000 0.098900 1.158750 0.015054 
2.416035 500 1.075000 0.098900 1.158750 0.015054 
2.516717 500 1.073750 0.095497 1.158750 0.015054 
2.617400 500 1.073750 0.095497 1.158750 0.015054 
2.718117 500 1.075000 0.096750 1.158750 0.015054 
2.818796 500 1.075000 0.096750 1.158750 0.015054 
2.919489 500 1.075000 0.096750 1.158750 0.015054 
3.020171 500 1.073750 0.099789 1.158750 0.015054 
3.120855 500 1.073750 0.099789 1.158750 0.015054 
3.221545 500 1.073750 0.099789 1.158750 0.015054 
3.322232 500 1.075000 0.095675 1.158750 0.015054 
3.422972 500 1.075000 0.095675 1.158750 0.015054 
3.523652 500 1.075000 0.095675 1.158750 0.015054 
3.624337 500 1.075000 0.095675 1.158750 0.015054 
3.725026 500 1.075000 0.095675 1.158750 0.015054 
3.825701 500 1.075000 0.095675 1.158750 0.015054 
3.926381 500 1.075000 0.095675 1.158750 0.015054 
4.027068 500 1.075000 0.095675 1.158750 0.015054 
4.127762 500 1.075000 0.095675 1.158750 0.015054 
4.228524 500 1.075000 0.095675 1.158750 0.015054 
4.329192 500 1.075000 0.095675 1.158750 0.015054 
4.429864 500 1.075000 0.095675 1.158750 0.015054 
4.530531 500 1.075000 0.095675 1.158750 0.015054 
4.631205 500 1.075000 0.095675 1.158750 0.015054 
4.731898 500 1.075000 0.095675 1.158750 0.015054 
4.832568 500 1.073750 0.095497 1.158750 0.015054 
4.933299 500 1.073750 0.095497 1.158750 0.015054 
5.033969 500 1.073750 0.095497 1.158750 0.015054 
5.134644 500 1.075000 0.095675 1.158750 0.015054 
5.235318 500 1.075000 0.095675 1.158750 0.015054 
5.335999 500 1.075000 0.095675 1.158750 0.015054 
5.436675 500 1.075000 0.095675 1.158750 0.015054 
5.537356 500 1.075000 0.095675 1.158750 0.015054 
5.638095 500 1.075000 0.095675 1.158750 0.015054 
5.738766 500 1.075000 0.095675 1.158750 0.015054 
5.839434 500 1.075000 0.095675 1.158750 0.015054 
5.940113 500 1.075000 0.095675 1.158750 0.013896 
6.040793 500 1.075000 0.095675 1.158750 0.013896 
6.141476 500 1.073750 0.095497 1.158750 0.015054 
6.242142 500 1.073750 0.095497 1.158750 0.015054 
6.342816 500 1.073750 0.095497 1.158750 0.015054 
6.443548 500 1.075000 0.095675 1.158750 0.015054 
6.544225 500 1.075000 0.095675 1.158750 0.015054 
6.644904 500 1.075000 0.095675 1.158750 0.015054 
6.745581 500 1.075000 0.095675 1.158750 0.015054 
6.846266 500 1.075000 0.095675 1.158750 0.015054 
6.946945 500 1.075000 0.095675 1.158750 0.015054 
7.047618 500 1.075000 0.095675 1.158750 0.015054 
7.148362 500 1.075000 0.095675 1.158750 0.015054 
7.249042 500 1.073750 0.095497 1.158750 0.013896 
7.349725 500 1.073750 0.095497 1.158750 0.013896 
7.450407 500 1.073750 0.095497 1.158750 0.013896 
7.551085 500 1.075000 0.095675 1.158750 0.015054 
7.651767 500 1.075000 0.095675 1.158750 0.015054 
7.752448 500 1.075000 0.095675 1.158750 0.013896 
7.853185 500 1.075000 0.095675 1.158750 0.013896 
7.953867 500 1.075000 0.095675 1.158750 0.013896 
8.054553 500 1.075000 0.095675 1.158750 0.015054 
8.155238 500 1.075000 0.095675 1.158750 0.015054 
8.256051 500 1.075000 0.095675 1.158750 0.015054 
8.356734 500 1.075000 0.095675 1.158750 0.015054 
8.457428 500 1.075000 0.095675 1.158750 0.015054 
8.558182 500 1.075000 0.095675 1.158750 0.015054 
8.658864 500 1.075000 0.095675 1.158750 0.015054 
8.759556 500 1.075000 0.095675 1.158750 0.015054 
8.860240 500 1.073750 0.095497 1.158750 0.013896 
8.960928 500 1.073750 0.095497 1.158750 0.013896 
9.061615 500 1.075000 0.095675 1.158750 0.015054 
9.162304 500 1.075000 0.095675 1.158750 0.015054 
9.262992 500 1.075000 0.095675 1.158750 0.015054 
9.363682 500 1.075000 0.095675 1.158750 0.015054 
9.464374 500 1.075000 0.095675 1.158750 0.015054 
9.565078 500 1.075000 0.095675 1.158750 0.015054 
9.665765 500 1.073750 0.099789 1.158750 0.015054 
9.766456 500 1.073750 0.099789 1.158750 0.015054 
9.867153 500 1.075000 0.095675 1.158750 0.015054 
9.967829 500 1.075000 0.095675 1.158750 0.015054 
10.068555 500 1.075000 0.095675 1.158750 0.015054 
10.169250 500 1.075000 0.095675 1.158750 0.015054 
10.269969 500 1.075000 0.095675 1.158750 0.015054 
10.370660 500 1.075000 0.095675 1.158750 0.015054 
10.471348 500 1.075000 0.095675 1.158750 0.015054 
10.572020 500 1.075000 0.095675 1.158750 0.015054 
10.672712 500 1.075000 0.095675 1.158750 0.015054 
10.773463 500 1.075000 0.095675 1.158750 0.015054 
10.874147 500 1.075000 0.095675 1.158750 0.015054 
10.974843 500 1.075000 0.095675 1.158750 0.015054 
11.075579 500 1.075000 0.095675 1.158750 0.015054 
11.176292 500 1.075000 0.095675 1.158750 0.015054 
11.276985 500 1.075000 0.095675 1.158750 0.015054 
11.377700 500 1.075000 0.095675 1.158750 0.015054 
11.478609 500 1.075000 0.099975 1.158750 0.015054 
11.579311 500 1.075000 0.099975 1.158750 0.015054 
11.680438 500 1.075000 0.097825 1.158750 0.013896 
11.781140 500 1.075000 0.097825 1.158750 0.013896 
11.881859 500 1.075000 0.097825 1.158750 0.013896 
11.982558 500 1.075000 0.095675 1.158750 0.015054 
12.083322 500 1.075000 0.095675 1.158750 0.015054 
12.184025 500 1.075000 0.095675 1.158750 0.015054 
12.284717 500 1.075000 0.095675 1.158750 0.015054 
12.385422 500 1.075000 0.095675 1.158750 0.015054 
12.486123 500 1.073750 0.095497 1.158750 0.013896 
12.586822 500 1.073750 0.095497 1.158750 0.013896 
12.687519 500 1.073750 0.095497 1.158750 0.013896 
12.788281 500 1.075000 0.095675 1.158750 0.013896 
12.888989 500 1.075000 0.095675 1.158750 0.013896 
12.989692 500 1.075000 0.095675 1.158750 0.013896 
13.090394 500 1.075000 0.095675 1.158750 0.015054 
13.191087 500 1.075000 0.095675 1.158750 0.015054 
13.291784 500 1.075000 0.095675 1.158750 0.015054 
13.392488 500 1.075000 0.095675 1.158750 0.015054 
13.493257 500 1.075000 0.095675 1.158750 0.015054 
13.593953 500 1.075000 0.095675 1.158750 0.015054 
13.694656 500 1.075000 0.095675 1.158750 0.015054 
13.795361 500 1.075000 0.095675 1.158750 0.015054 
13.896063 500 1.075000 0.095675 1.158750 0.015054 
13.996764 500 1.075000 0.095675 1.158750 0.015054 
14.097463 500 1.073750 0.095497 1.158750 0.015054 
14.198223 500 1.073750 0.095497 1.158750 0.015054 
14.298922 500 1.073750 0.095497 1.158750 0.015054 
14.399619 500 1.075000 0.095675 1.158750 0.015054 
14.500320 500 1.075000 0.095675 1.158750 0.015054 
14.601015 500 1.075000 0.095675 1.158750 0.015054 
14.701708 500 1.075000 0.095675 1.158750 0.015054 
14.802448 500 1.075000 0.095675 1.158750 0.015054 
14.903214 500 1.075000 0.095675 1.158750 0.015054 
15.003912 500 1.075000 0.095675 1.158750 0.015054 
15.104612 500 1.075000 0.095675 1.158750 0.015054 
15.205316 500 1.075000 0.095675 1.158750 0.015054 
15.306016 500 1.075000 0.095675 1.158750 0.015054 
15.406700 500 1.075000 0.095675 1.158750 0.015054 
15.507379 500 1.075000 0.095675 1.158750 0.015054 
15.608123 500 1.075000 0.095675 1.158750 0.015054 
15.708813 500 1.075000 0.095675 1.158750 0.015054 
15.809510 500 1.075000 0.095675 1.158750 0.015054 
15.910464 500 1.075000 0.095675 1.158750 0.015054 
16.011157 500 1.075000 0.095675 1.158750 0.015054 
16.111856 500 1.075000 0.095675 1.158750 0.015054 
16.212563 500 1.075000 0.095675 1.158750 0.015054 
16.313332 500 1.075000 0.095675 1.158750 0.015054 
16.414162 500 1.075000 0.095675 1.158750 0.015054 
16.514860 500 1.075000 0.095675 1.158750 0.015054 
16.615551 500 1.075000 0.095675 1.158750 0.015054 
16.716240 500 1.075000 0.095675 1.158750 0.015054 
16.816936 500 1.075000 0.095675 1.158750 0.015054 
16.917614 500 1.075000 0.095675 1.158750 0.015054 
17.018357 500 1.075000 0.095675 1.158750 0.015054 
17.119063 500 1.075000 0.095675 1.158750 0.015054 
17.219764 500 1.075000 0.095675 1.158750 0.015054 
17.320469 500 1.075000 0.096750 1.158750 0.015054 
17.421170 500 1.075000 0.096750 1.158750 0.015054 
17.521845 500 1.075000 0.096750 1.158750 0.015054 
17.622557 500 1.075000 0.096750 1.158750 0.015054 
17.723324 500 1.075000 0.096750 1.158750 0.015054 
17.824023 500 1.075000 0.099975 1.158750 0.015054 
17.924728 500 1.075000 0.099975 1.158750 0.015054 
18.025429 500 1.075000 0.095675 1.158750 0.015054 
18.126135 500 1.075000 0.095675 1.158750 0.015054 
18.226840 500 1.075000 0.095675 1.158750 0.015054 
18.327544 500 1.075000 0.095675 1.158750 0.015054 
18.428302 500 1.075000 0.095675 1.158750 0.015054 
18.528999 500 1.075000 0.095675 1.158750 0.015054 
18.629704 500 1.075000 0.095675 1.158750 0.015054 
18.730395 500 1.075000 0.095675 1.158750 0.015054 
18.831098 500 1.075000 0.095675 1.158750 0.015054 
18.931800 500 1.075000 0.095675 1.158750 0.015054 
19.032495 500 1.075000 0.095675 1.158750 0.015054 
19.133266 500 1.073750 0.095497 1.158750 0.015054 
19.233958 500 1.073750 0.095497 1.158750 0.015054 
19.334658 500 1.073750 0.095497 1.158750 0.013896 
19.435342 500 1.073750 0.095497 1.158750 0.013896 
19.536040 500 1.073750 0.095497 1.158750 0.013896 
19.636737 500 1.075000 0.101050 1.158750 0.015054 
19.737433 500 1.075000 0.101050 1.158750 0.015054 
19.838210 500 1.075000 0.101050 1.158750 0.015054 
19.938900 500 1.075000 0.095675 1.158750 0.015054 
20.039595 500 1.075000 0.095675 1.158750 0.015054 
20.140284 500 1.075000 0.095675 1.158750 0.015054 
20.240979 500 1.075000 0.095675 1.158750 0.015054 
20.341674 500 1.075000 0.095675 1.158750 0.015054 
20.442371 500 1.075000 0.095675 1.158750 0.015054 
20.543135 500 1.075000 0.095675 1.158750 0.015054 
20.643819 500 1.075000 0.095675 1.158750 0.015054 
20.744503 500 1.075000 0.096750 1.158750 0.013896 
20.845187 500 1.075000 0.096750 1.158750 0.013896 
20.945880 500 1.075000 0.095675 1.158750 0.015054 
21.046575 500 1.075000 0.095675 1.158750 0.015054 
21.147281 500 1.075000 0.095675 1.158750 0.015054 
21.248159 500 1.075000 0.095675 1.158750 0.015054 
21.348837 500 1.075000 0.095675 1.158750 0.015054 
21.449516 500 1.075000 0.096750 1.158750 0.015054 
21.550218 500 1.075000 0.096750 1.158750 0.015054 
21.650919 500 1.075000 0.096750 1.158750 0.015054 
21.751612 500 1.075000 0.095675 1.158750 0.013896 
21.852313 500 1.075000 0.095675 1.158750 0.013896 
21.952989 500 1.075000 0.095675 1.158750 0.013896 
22.053721 500 1.075000 0.095675 1.158750 0.015054 
22.154422 500 1.075000 0.095675 1.158750 0.015054 
22.255125 500 1.075000 0.095675 1.158750 0.015054 
22.355825 500 1.075000 0.095675 1.158750 0.015054 
22.456537 500 1.075000 0.095675 1.158750 0.015054 
22.557237 500 1.073750 0.095497 1.158750 0.015054 
22.657978 500 1.073750 0.095497 1.158750 0.015054 
22.758678 500 1.073750 0.095497 1.158750 0.015054 
22.859376 500 1.073750 0.095497 1.158750 0.015054 
22.960081 500 1.073750 0.095497 1.158750 0.015054 
23.060782 500 1.075000 0.095675 1.158750 0.015054 
23.161485 500 1.075000 0.095675 1.158750 0.015054 
23.262189 500 1.075000 0.095675 1.158750 0.015054 
23.362889 500 1.075000 0.095675 1.158750 0.013896 
23.463636 500 1.075000 0.095675 1.158750 0.013896 
23.564329 500 1.075000 0.095675 1.158750 0.015054 
23.665042 500 1.075000 0.095675 1.158750 0.015054 
23.765741 500 1.075000 0.095675 1.158750 0.015054 
23.866433 500 1.075000 0.095675 1.158750 0.015054 
23.967141 500 1.075000 0.095675 1.158750 0.015054 
24.067841 500 1.075000 0.095675 1.158750 0.015054 
24.168597 500 1.075000 0.095675 1.158750 0.015054 
24.269272 500 1.075000 0.095675 1.158750 0.015054 
24.369975 500 1.075000 0.095675 1.158750 0.015054 
24.470794 500 1.075000 0.095675 1.158750 0.015054 
24.571496 500 1.075000 0.095675 1.158750 0.015054 
24.672197 500 1.075000 0.095675 1.158750 0.015054 
24.772905 500 1.075000 0.095675 1.158750 0.015054 
24.873632 500 1.075000 0.095675 1.158750 0.015054 
24.974334 500 1.075000 0.095675 1.158750 0.015054 
25.075039 500 1.075000 0.095675 1.158750 0.015054 
25.175734 500 1.075000 0.095675 1.158750 0.015054 
25.276425 500 1.075000 0.095675 1.158750 0.015054 
25.377129 500 1.075000 0.095675 1.158750 0.015054 
25.477829 500 1.075000 0.095675 1.158750 0.015054 
25.578576 500 1.075000 0.095675 1.158750 0.015054 
25.679268 500 1.075000 0.099975 1.158750 0.015054 
25.779965 500 1.075000 0.099975 1.158750 0.015054 
25.880668 500 1.075000 0.099975 1.158750 0.015054 
25.981375 500 1.075000 0.095675 1.158750 0.015054 
26.082119 500 1.075000 0.095675 1.158750 0.015054 
26.182819 500 1.075000 0.095675 1.158750 0.015054 
26.283565 500 1.075000 0.095675 1.158750 0.015054 
26.384269 500 1.075000 0.095675 1.158750 0.015054 
26.484971 500 1.075000 0.095675 1.158750 0.015054 
26.585673 500 1.075000 0.095675 1.158750 0.015054 
26.686698 500 1.075000 0.095675 1.158750 0.015054 
26.787399 500 1.073750 0.095497 1.158750 0.015054 
26.888150 500 1.073750 0.095497 1.158750 0.015054 
26.988839 500 1.075000 0.095675 1.158750 0.015054 
27.089535 500 1.075000 0.095675 1.158750 0.015054 
27.190238 500 1.075000 0.095675 1.158750 0.015054 
27.290937 500 1.075000 0.095675 1.158750 0.015054 
27.391654 500 1.075000 0.095675 1.158750 0.015054 
27.492348 500 1.075000 0.095675 1.158750 0.015054 
27.593130 500 1.075000 0.096750 1.158750 0.015054 
27.693832 500 1.075000 0.096750 1.158750 0.015054 
27.794531 500 1.073750 0.100862 1.158750 0.013896 
27.895240 500 1.073750 0.100862 1.158750 0.013896 
27.995948 500 1.073750 0.100862 1.158750 0.013896 
28.096650 500 1.075000 0.095675 1.158750 0.015054 
28.197350 500 1.075000 0.095675 1.158750 0.015054 
28.298137 500 1.075000 0.095675 1.158750 0.015054 
28.398844 500 1.075000 0.095675 1.158750 0.015054 
28.499543 500 1.075000 0.095675 1.158750 0.015054 
28.600248 500 1.075000 0.095675 1.158750 0.015054 
28.700956 500 1.075000 0.095675 1.158750 0.015054 
28.801722 500 1.075000 0.095675 1.158750 0.015054 
28.902427 500 1.075000 0.095675 1.158750 0.015054 
29.003190 500 1.075000 0.095675 1.158750 0.015054 
29.103881 500 1.075000 0.095675 1.158750 0.015054 
29.204586 500 1.075000 0.095675 1.158750 0.015054 
29.305295 500 1.075000 0.095675 1.158750 0.015054 
29.405994 500 1.075000 0.095675 1.158750 0.013896 
29.506702 500 1.075000 0.095675 1.158750 0.013896 
29.607410 500 1.075000 0.095675 1.158750 0.013896 
29.708180 500 1.075000 0.095675 1.158750 0.015054 
29.808880 500 1.075000 0.095675 1.158750 0.015054 
29.909581 500 1.075000 0.095675 1.158750 0.015054 
30.010287 500 1.075000 0.095675 1.158750 0.015054 
30.110992 500 1.075000 0.095675 1.158750 0.015054 
30.211699 500 1.075000 0.095675 1.158750 0.013896 
30.312401 500 1.075000 0.095675 1.158750 0.013896 
30.413306 500 1.075000 0.095675 1.158750 0.015054 
30.514002 500 1.075000 0.095675 1.158750 0.015054 
30.614708 500 1.075000 0.095675 1.158750 0.015054 
30.715421 500 1.075000 0.095675 1.158750 0.015054 
30.816124 500 1.075000 0.095675 1.158750 0.015054 
30.916826 500 1.075000 0.095675 1.158750 0.015054 
31.017523 500 1.075000 0.095675 1.158750 0.015054 
31.118276 500 1.075000 0.095675 1.158750 0.015054 
31.218970 500 1.075000 0.095675 1.158750 0.015054 
31.319644 500 1.075000 0.095675 1.158750 0.015054 
31.420351 500 1.075000 0.095675 1.158750 0.015054 
31.521051 500 1.073750 0.095497 1.158750 0.013896 
31.621757 500 1.073750 0.095497 1.158750 0.013896 
31.722461 500 1.073750 0.095497 1.158750 0.013896 
31.823213 500 1.073750 0.095497 1.158750 0.015054 
31.923859 500 1.073750 0.095497 1.158750 0.015054 
32.024491 500 1.073750 0.095497 1.158750 0.015054 
