0.000182 1500 1.200000 0.018000 1.130000 1.570700 
0.100607 1500 1.200000 0.018000 1.127500 1.344511 
0.201013 1500 1.200000 0.018000 1.127500 1.344511 
0.301406 1500 1.200000 0.018000 1.127500 1.344511 
0.401801 1500 1.200000 0.018000 1.127500 1.342257 
0.502193 1500 1.200000 0.018000 1.127500 1.342257 
0.602617 1500 1.200000 0.018000 1.127500 1.342257 
0.703058 1500 1.200000 0.018000 1.127500 1.344511 
0.803513 1500 1.200000 0.018000 1.127500 1.344511 
0.904001 1500 1.200000 0.018000 1.128750 1.446096 
1.004449 1500 1.200000 0.018000 1.128750 1.446096 
1.104847 1500 1.200000 0.018000 1.128750 1.446096 
1.205232 1500 1.200000 0.018000 1.130000 1.548100 
1.305625 1500 1.200000 0.018000 1.130000 1.548100 
1.406009 1500 1.200000 0.018000 1.130000 1.548100 
1.506387 1500 1.200000 0.018000 1.130000 1.578610 
1.606759 1500 1.200000 0.018000 1.130000 1.578610 
1.707126 1500 1.200000 0.018000 1.130000 1.585390 
1.807496 1500 1.200000 0.018000 1.130000 1.585390 
1.907866 1500 1.200000 0.018000 1.130000 1.585390 
2.008254 1500 1.200000 0.018000 1.130000 1.575220 
2.108629 1500 1.200000 0.018000 1.130000 1.575220 
2.209035 1500 1.200000 0.018000 1.130000 1.587650 
2.309429 1500 1.200000 0.018000 1.130000 1.587650 
2.409811 1500 1.200000 0.018000 1.130000 1.587650 
2.510192 1500 1.200000 0.018000 1.130000 1.587650 
2.610584 1500 1.200000 0.018000 1.130000 1.587650 
2.710974 1500 1.200000 0.018000 1.130000 1.587650 
2.811385 1500 1.200000 0.018000 1.130000 1.574090 
2.911837 1500 1.200000 0.018000 1.130000 1.574090 
3.012283 1500 1.200000 0.018000 1.130000 1.579740 
3.112686 1500 1.200000 0.018000 1.130000 1.579740 
3.213061 1500 1.200000 0.018000 1.130000 1.579740 
3.313430 1500 1.200000 0.018000 1.130000 1.516460 
3.413798 1500 1.200000 0.018000 1.130000 1.516460 
3.514200 1500 1.200000 0.018000 1.130000 1.516460 
3.614581 1500 1.200000 0.018000 1.130000 1.583130 
3.714953 1500 1.200000 0.018000 1.130000 1.583130 
3.815335 1500 1.200000 0.018000 1.130000 1.584260 
3.915719 1500 1.200000 0.018000 1.130000 1.584260 
4.016133 1500 1.200000 0.018000 1.130000 1.584260 
4.116527 1500 1.200000 0.018000 1.130000 1.582000 
4.216914 1500 1.200000 0.018000 1.130000 1.582000 
4.317316 1500 1.200000 0.018000 1.130000 1.548100 
4.417703 1500 1.200000 0.018000 1.130000 1.548100 
4.518079 1500 1.200000 0.018000 1.130000 1.548100 
4.618462 1500 1.200000 0.018000 1.130000 1.584260 
4.718835 1500 1.200000 0.018000 1.130000 1.584260 
4.819272 1500 1.200000 0.018000 1.130000 1.584260 
4.919648 1500 1.200000 0.018000 1.130000 1.582000 
5.020041 1500 1.200000 0.018000 1.130000 1.582000 
5.120421 1500 1.200000 0.018000 1.130000 1.585390 
5.220795 1500 1.200000 0.018000 1.130000 1.585390 
5.321179 1500 1.200000 0.018000 1.130000 1.585390 
5.421548 1500 1.200000 0.018000 1.130000 1.580870 
5.521919 1500 1.200000 0.018000 1.130000 1.580870 
5.622289 1500 1.200000 0.018000 1.130000 1.580870 
5.722657 1500 1.200000 0.018000 1.130000 1.586520 
5.823029 1500 1.200000 0.018000 1.130000 1.586520 
5.923403 1500 1.200000 0.018000 1.130000 1.582000 
6.023795 1500 1.200000 0.018000 1.130000 1.582000 
6.124202 1500 1.200000 0.018000 1.130000 1.582000 
6.224573 1500 1.200000 0.018000 1.130000 1.576350 
6.324951 1500 1.200000 0.018000 1.130000 1.576350 
6.425341 1500 1.200000 0.018000 1.130000 1.576350 
6.525738 1500 1.200000 0.018000 1.130000 1.585390 
6.626123 1500 1.200000 0.018000 1.130000 1.585390 
6.726505 1500 1.200000 0.019200 1.130000 1.574090 
6.826880 1500 1.200000 0.019200 1.130000 1.574090 
6.927254 1500 1.200000 0.019200 1.130000 1.574090 
7.027644 1500 1.200000 0.018000 1.130000 1.586520 
7.128023 1500 1.200000 0.018000 1.130000 1.586520 
7.228429 1500 1.200000 0.018000 1.128750 1.540848 
