0.000327 600 1.198750 0.161730 1.158750 0.015054 
0.100897 600 1.198750 0.183294 1.158750 0.015054 
0.201441 600 1.198750 0.183294 1.158750 0.015054 
0.301968 600 1.198750 0.179700 1.158750 0.015054 
0.402518 600 1.198750 0.179700 1.158750 0.015054 
0.503065 600 1.198750 0.179700 1.158750 0.015054 
0.603630 600 1.198750 0.178502 1.158750 0.015054 
0.704221 600 1.198750 0.178502 1.158750 0.015054 
0.804842 600 1.198750 0.174908 1.158750 0.015054 
0.905643 600 1.198750 0.174908 1.158750 0.015054 
1.006221 600 1.198750 0.174908 1.158750 0.015054 
1.106802 600 1.198750 0.179700 1.158750 0.015054 
1.207337 600 1.198750 0.179700 1.158750 0.015054 
1.307879 600 1.198750 0.179700 1.158750 0.015054 
1.408459 600 1.198750 0.182096 1.158750 0.015054 
1.509082 600 1.198750 0.182096 1.158750 0.015054 
1.609692 600 1.198750 0.182096 1.158750 0.015054 
1.710312 600 1.198750 0.182096 1.158750 0.015054 
1.810907 600 1.198750 0.182096 1.158750 0.015054 
1.911582 600 1.198750 0.158136 1.158750 0.015054 
2.012189 600 1.198750 0.158136 1.158750 0.015054 
2.112788 600 1.198750 0.158136 1.158750 0.015054 
2.213399 600 1.198750 0.146156 1.158750 0.015054 
2.314006 600 1.198750 0.146156 1.158750 0.015054 
2.414622 600 1.198750 0.146156 1.158750 0.015054 
2.515234 600 1.198750 0.146156 1.158750 0.015054 
2.615854 600 1.198750 0.146156 1.158750 0.015054 
2.716614 600 1.198750 0.146156 1.158750 0.015054 
2.817243 600 1.198750 0.146156 1.158750 0.015054 
2.917845 600 1.198750 0.152146 1.158750 0.015054 
3.018447 600 1.198750 0.152146 1.158750 0.015054 
3.119049 600 1.198750 0.152146 1.158750 0.015054 
3.219660 600 1.198750 0.148552 1.158750 0.015054 
3.320272 600 1.198750 0.148552 1.158750 0.015054 
3.420889 600 1.198750 0.148552 1.158750 0.015054 
3.521569 600 1.198750 0.147354 1.158750 0.015054 
3.622163 600 1.198750 0.147354 1.158750 0.015054 
3.722777 600 1.198750 0.146156 1.158750 0.015054 
3.823388 600 1.198750 0.146156 1.158750 0.015054 
3.924004 600 1.198750 0.146156 1.158750 0.015054 
4.024615 600 1.198750 0.146156 1.158750 0.015054 
4.125229 600 1.198750 0.146156 1.158750 0.015054 
4.225845 600 1.198750 0.146156 1.158750 0.015054 
4.326448 600 1.198750 0.146156 1.158750 0.015054 
4.427064 600 1.198750 0.146156 1.158750 0.015054 
4.527681 600 1.198750 0.146156 1.158750 0.015054 
4.628293 600 1.198750 0.146156 1.158750 0.015054 
4.728907 600 1.198750 0.146156 1.158750 0.015054 
4.829520 600 1.198750 0.146156 1.158750 0.015054 
4.930133 600 1.198750 0.146156 1.158750 0.015054 
5.030741 600 1.198750 0.146156 1.158750 0.015054 
5.131355 600 1.198750 0.146156 1.158750 0.015054 
5.232006 600 1.198750 0.146156 1.158750 0.015054 
5.332623 600 1.198750 0.146156 1.158750 0.015054 
5.433238 600 1.198750 0.146156 1.158750 0.015054 
5.533869 600 1.198750 0.146156 1.158750 0.015054 
5.634485 600 1.198750 0.146156 1.158750 0.015054 
5.735089 600 1.198750 0.146156 1.158750 0.015054 
5.835698 600 1.198750 0.146156 1.158750 0.015054 
5.936310 600 1.198750 0.146156 1.158750 0.015054 
6.036994 600 1.198750 0.146156 1.158750 0.015054 
6.137604 600 1.198750 0.146156 1.158750 0.015054 
6.238218 600 1.198750 0.146156 1.158750 0.015054 
6.338830 600 1.198750 0.146156 1.158750 0.015054 
6.439450 600 1.198750 0.146156 1.158750 0.015054 
6.540068 600 1.198750 0.146156 1.158750 0.015054 
6.640691 600 1.198750 0.146156 1.158750 0.015054 
6.741303 600 1.198750 0.146156 1.158750 0.015054 
6.841973 600 1.198750 0.146156 1.158750 0.015054 
6.942582 600 1.198750 0.146156 1.158750 0.015054 
7.043198 600 1.198750 0.146156 1.158750 0.015054 
7.143805 600 1.198750 0.146156 1.158750 0.015054 
7.244414 600 1.198750 0.146156 1.158750 0.015054 
7.345030 600 1.198750 0.146156 1.158750 0.015054 
7.445648 600 1.198750 0.146156 1.158750 0.015054 
7.546270 600 1.198750 0.146156 1.158750 0.015054 
7.646940 600 1.198750 0.146156 1.158750 0.015054 
7.747553 600 1.198750 0.146156 1.158750 0.015054 
7.848161 600 1.198750 0.146156 1.158750 0.015054 
7.948736 600 1.198750 0.146156 1.158750 0.015054 
8.049363 600 1.198750 0.146156 1.158750 0.015054 
8.149982 600 1.198750 0.146156 1.158750 0.015054 
8.250743 600 1.198750 0.143760 1.158750 0.015054 
8.351362 600 1.198750 0.143760 1.158750 0.015054 
8.452024 600 1.198750 0.143760 1.158750 0.015054 
8.552677 600 1.198750 0.146156 1.158750 0.015054 
8.653296 600 1.198750 0.146156 1.158750 0.015054 
8.753915 600 1.198750 0.146156 1.158750 0.015054 
8.854532 600 1.198750 0.146156 1.158750 0.015054 
8.955151 600 1.198750 0.146156 1.158750 0.015054 
9.055772 600 1.198750 0.146156 1.158750 0.015054 
9.156431 600 1.198750 0.146156 1.158750 0.015054 
9.257053 600 1.198750 0.150948 1.158750 0.015054 
9.357681 600 1.198750 0.150948 1.158750 0.015054 
9.458300 600 1.198750 0.150948 1.158750 0.015054 
9.558912 600 1.198750 0.150948 1.158750 0.015054 
9.659538 600 1.198750 0.150948 1.158750 0.015054 
9.760158 600 1.198750 0.150948 1.158750 0.015054 
9.860787 600 1.198750 0.148552 1.158750 0.015054 
9.961435 600 1.198750 0.148552 1.158750 0.015054 
10.062054 600 1.198750 0.146156 1.158750 0.015054 
10.162679 600 1.198750 0.146156 1.158750 0.015054 
10.263299 600 1.198750 0.146156 1.158750 0.015054 
10.363926 600 1.198750 0.146156 1.158750 0.015054 
10.464549 600 1.198750 0.146156 1.158750 0.015054 
10.565171 600 1.198750 0.146156 1.158750 0.015054 
10.665797 600 1.198750 0.146156 1.158750 0.015054 
10.766446 600 1.198750 0.146156 1.158750 0.015054 
10.867065 600 1.198750 0.146156 1.158750 0.015054 
10.967686 600 1.198750 0.146156 1.158750 0.015054 
11.068313 600 1.198750 0.146156 1.158750 0.015054 
11.168947 600 1.198750 0.146156 1.158750 0.015054 
11.269556 600 1.198750 0.146156 1.158750 0.015054 
11.370177 600 1.198750 0.146156 1.158750 0.015054 
11.470799 600 1.198750 0.146156 1.158750 0.015054 
11.571442 600 1.198750 0.146156 1.158750 0.015054 
11.672072 600 1.198750 0.155740 1.158750 0.015054 
11.772696 600 1.198750 0.155740 1.158750 0.015054 
11.873323 600 1.198750 0.155740 1.158750 0.015054 
11.973954 600 1.198750 0.146156 1.158750 0.015054 
12.074580 600 1.198750 0.146156 1.158750 0.015054 
12.175205 600 1.198750 0.146156 1.158750 0.015054 
12.275827 600 1.198750 0.146156 1.158750 0.015054 
12.376449 600 1.198750 0.146156 1.158750 0.015054 
12.477073 600 1.198750 0.146156 1.158750 0.015054 
12.577692 600 1.198750 0.146156 1.158750 0.015054 
12.678308 600 1.198750 0.146156 1.158750 0.015054 
12.778928 600 1.198750 0.146156 1.158750 0.015054 
12.879561 600 1.198750 0.146156 1.158750 0.015054 
12.980188 600 1.198750 0.146156 1.158750 0.015054 
13.080817 600 1.198750 0.146156 1.158750 0.015054 
13.181449 600 1.198750 0.146156 1.158750 0.015054 
13.282081 600 1.198750 0.146156 1.158750 0.015054 
13.382703 600 1.198750 0.146156 1.158750 0.015054 
13.483328 600 1.198750 0.146156 1.158750 0.015054 
13.583926 600 1.198750 0.146156 1.158750 0.015054 
13.684559 600 1.198750 0.146156 1.158750 0.015054 
13.785186 600 1.198750 0.147354 1.158750 0.015054 
13.885835 600 1.198750 0.147354 1.158750 0.015054 
13.986456 600 1.198750 0.147354 1.158750 0.015054 
14.087083 600 1.198750 0.146156 1.158750 0.015054 
14.187699 600 1.198750 0.146156 1.158750 0.015054 
14.288336 600 1.198750 0.146156 1.158750 0.015054 
14.388967 600 1.198750 0.146156 1.158750 0.015054 
14.489594 600 1.198750 0.146156 1.158750 0.015054 
14.590223 600 1.198750 0.146156 1.158750 0.015054 
14.690853 600 1.198750 0.146156 1.158750 0.015054 
14.791451 600 1.198750 0.146156 1.158750 0.015054 
14.892110 600 1.198750 0.146156 1.158750 0.015054 
14.992742 600 1.198750 0.146156 1.158750 0.015054 
15.093367 600 1.198750 0.146156 1.158750 0.015054 
15.193996 600 1.198750 0.146156 1.158750 0.015054 
15.294629 600 1.198750 0.146156 1.158750 0.015054 
15.395257 600 1.198750 0.146156 1.158750 0.015054 
15.495887 600 1.198750 0.146156 1.158750 0.015054 
15.596572 600 1.198750 0.146156 1.158750 0.015054 
15.697188 600 1.198750 0.146156 1.158750 0.015054 
15.797821 600 1.198750 0.146156 1.158750 0.015054 
15.898448 600 1.198750 0.146156 1.158750 0.015054 
15.999078 600 1.198750 0.146156 1.158750 0.015054 
16.099704 600 1.198750 0.146156 1.158750 0.015054 
16.200340 600 1.198750 0.146156 1.158750 0.015054 
16.300969 600 1.198750 0.146156 1.158750 0.015054 
16.401765 600 1.198750 0.146156 1.158750 0.015054 
16.502392 600 1.198750 0.146156 1.158750 0.015054 
16.603021 600 1.198750 0.146156 1.158750 0.015054 
16.703638 600 1.198750 0.146156 1.158750 0.015054 
16.804263 600 1.198750 0.146156 1.158750 0.015054 
16.904877 600 1.198750 0.146156 1.160000 0.015080 
17.005497 600 1.198750 0.146156 1.160000 0.015080 
17.106128 600 1.198750 0.146156 1.160000 0.015080 
17.206813 600 1.198750 0.146156 1.158750 0.015054 
17.307427 600 1.198750 0.146156 1.158750 0.015054 
17.408062 600 1.198750 0.146156 1.158750 0.015054 
17.508702 600 1.198750 0.146156 1.158750 0.015054 
17.609322 600 1.198750 0.146156 1.158750 0.015054 
17.709939 600 1.198750 0.152146 1.158750 0.015054 
17.810552 600 1.198750 0.152146 1.158750 0.015054 
17.911169 600 1.198750 0.152146 1.158750 0.015054 
18.011830 600 1.198750 0.146156 1.158750 0.015054 
18.112441 600 1.198750 0.146156 1.158750 0.015054 
18.213061 600 1.198750 0.146156 1.158750 0.015054 
18.313674 600 1.198750 0.146156 1.158750 0.015054 
18.414300 600 1.198750 0.146156 1.158750 0.015054 
18.514925 600 1.198750 0.146156 1.158750 0.015054 
18.615549 600 1.198750 0.146156 1.158750 0.015054 
18.716175 600 1.198750 0.146156 1.158750 0.015054 
18.816859 600 1.198750 0.146156 1.158750 0.015054 
18.917474 600 1.198750 0.146156 1.158750 0.015054 
19.018081 600 1.198750 0.146156 1.158750 0.015054 
19.118701 600 1.198750 0.146156 1.158750 0.015054 
19.219324 600 1.198750 0.146156 1.158750 0.015054 
19.319966 600 1.198750 0.146156 1.158750 0.015054 
19.420611 600 1.198750 0.146156 1.158750 0.015054 
19.521277 600 1.198750 0.146156 1.158750 0.015054 
19.621955 600 1.198750 0.148552 1.158750 0.015054 
19.722586 600 1.198750 0.148552 1.158750 0.015054 
19.823207 600 1.198750 0.150948 1.158750 0.015054 
19.923833 600 1.198750 0.150948 1.158750 0.015054 
20.024457 600 1.198750 0.150948 1.158750 0.015054 
20.125085 600 1.198750 0.146156 1.158750 0.015054 
20.225715 600 1.198750 0.146156 1.158750 0.015054 
20.326342 600 1.198750 0.146156 1.158750 0.015054 
20.427008 600 1.198750 0.146156 1.158750 0.015054 
20.527629 600 1.198750 0.146156 1.158750 0.015054 
20.628252 600 1.198750 0.147354 1.158750 0.015054 
20.728881 600 1.198750 0.147354 1.158750 0.015054 
20.829507 600 1.198750 0.147354 1.158750 0.015054 
20.930134 600 1.198750 0.146156 1.158750 0.015054 
21.030767 600 1.198750 0.146156 1.158750 0.015054 
21.131425 600 1.198750 0.146156 1.158750 0.015054 
21.232052 600 1.198750 0.146156 1.158750 0.015054 
21.332674 600 1.198750 0.146156 1.158750 0.015054 
21.433300 600 1.198750 0.146156 1.158750 0.015054 
21.533936 600 1.198750 0.146156 1.158750 0.015054 
21.634562 600 1.198750 0.146156 1.158750 0.015054 
21.735194 600 1.198750 0.146156 1.158750 0.015054 
21.835826 600 1.198750 0.146156 1.158750 0.015054 
21.936453 600 1.198750 0.146156 1.158750 0.015054 
22.037085 600 1.198750 0.146156 1.158750 0.015054 
22.137710 600 1.198750 0.146156 1.158750 0.015054 
22.238343 600 1.198750 0.146156 1.158750 0.015054 
22.338973 600 1.198750 0.146156 1.158750 0.015054 
22.439592 600 1.198750 0.146156 1.158750 0.015054 
22.540220 600 1.198750 0.146156 1.158750 0.015054 
22.640854 600 1.198750 0.146156 1.158750 0.015054 
22.741451 600 1.198750 0.147354 1.158750 0.015054 
22.842110 600 1.198750 0.147354 1.158750 0.015054 
22.942735 600 1.198750 0.147354 1.158750 0.015054 
23.043627 600 1.198750 0.146156 1.158750 0.015054 
23.144258 600 1.198750 0.146156 1.158750 0.015054 
23.244886 600 1.198750 0.146156 1.158750 0.015054 
23.345517 600 1.198750 0.146156 1.158750 0.015054 
23.446147 600 1.198750 0.146156 1.158750 0.015054 
23.546833 600 1.198750 0.146156 1.158750 0.015054 
23.647455 600 1.198750 0.146156 1.158750 0.015054 
23.748081 600 1.198750 0.146156 1.158750 0.015054 
23.848711 600 1.198750 0.148552 1.158750 0.015054 
23.949341 600 1.198750 0.148552 1.158750 0.015054 
24.049970 600 1.198750 0.146156 1.158750 0.015054 
24.150607 600 1.198750 0.146156 1.158750 0.015054 
24.251234 600 1.198750 0.146156 1.158750 0.015054 
24.351921 600 1.198750 0.147354 1.158750 0.015054 
24.452660 600 1.198750 0.147354 1.158750 0.015054 
24.553283 600 1.198750 0.146156 1.158750 0.015054 
24.653911 600 1.198750 0.146156 1.158750 0.015054 
24.754544 600 1.198750 0.146156 1.158750 0.015054 
24.855174 600 1.198750 0.146156 1.158750 0.015054 
24.955807 600 1.198750 0.146156 1.158750 0.015054 
25.056465 600 1.198750 0.146156 1.158750 0.015054 
25.157092 600 1.198750 0.146156 1.158750 0.015054 
25.257720 600 1.198750 0.146156 1.158750 0.015054 
25.358341 600 1.198750 0.146156 1.158750 0.015054 
25.458996 600 1.198750 0.146156 1.158750 0.015054 
25.559634 600 1.198750 0.146156 1.158750 0.015054 
25.660267 600 1.198750 0.146156 1.158750 0.015054 
25.760898 600 1.198750 0.146156 1.158750 0.015054 
25.861592 600 1.198750 0.146156 1.158750 0.015054 
25.962219 600 1.198750 0.152146 1.158750 0.015054 
26.062849 600 1.198750 0.152146 1.158750 0.015054 
26.163475 600 1.198750 0.146156 1.158750 0.015054 
26.264103 600 1.198750 0.146156 1.158750 0.015054 
26.364729 600 1.198750 0.146156 1.158750 0.015054 
26.465354 600 1.198750 0.146156 1.158750 0.015054 
26.565977 600 1.198750 0.146156 1.158750 0.015054 
26.666651 600 1.198750 0.146156 1.158750 0.015054 
26.767269 600 1.198750 0.146156 1.158750 0.015054 
26.867841 600 1.198750 0.146156 1.158750 0.015054 
26.968414 600 1.198750 0.146156 1.158750 0.015054 
27.068981 600 1.198750 0.146156 1.158750 0.015054 
27.169649 600 1.198750 0.146156 1.158750 0.015054 
27.270346 600 1.198750 0.183294 1.158750 0.015054 
27.370950 600 1.198750 0.183294 1.158750 0.015054 
27.471632 600 1.200000 0.091200 1.158750 0.015054 
27.572283 600 1.200000 0.091200 1.158750 0.015054 
27.672935 600 1.200000 0.091200 1.158750 0.015054 
