0.000581 250 0.948750 0.048348 1.158750 0.013896 
0.101825 250 0.948750 0.048348 1.158750 0.013896 
0.202929 250 0.950000 0.048450 1.158750 0.013896 
0.304000 250 0.950000 0.048450 1.158750 0.013896 
0.405051 250 0.950000 0.048450 1.158750 0.013896 
0.505995 250 0.948750 0.047400 1.158750 0.013896 
0.607002 250 0.948750 0.047400 1.158750 0.013896 
0.707982 250 0.948750 0.048348 1.158750 0.013896 
0.808923 250 0.948750 0.048348 1.158750 0.013896 
0.909856 250 0.948750 0.048348 1.158750 0.013896 
1.010788 250 0.948750 0.047400 1.158750 0.013896 
1.111833 250 0.948750 0.047400 1.158750 0.013896 
1.212920 250 0.948750 0.047400 1.158750 0.013896 
1.313983 250 0.948750 0.048348 1.158750 0.013896 
1.414998 250 0.948750 0.048348 1.158750 0.013896 
1.515928 250 0.950000 0.049400 1.158750 0.013896 
1.616908 250 0.950000 0.049400 1.158750 0.013896 
1.717870 250 0.950000 0.049400 1.158750 0.013896 
1.818853 250 0.950000 0.048450 1.158750 0.013896 
1.919803 250 0.950000 0.048450 1.158750 0.013896 
2.020738 250 0.950000 0.048450 1.158750 0.013896 
2.121998 250 0.950000 0.048450 1.158750 0.013896 
2.222934 250 0.950000 0.048450 1.158750 0.013896 
2.323864 250 0.950000 0.048450 1.158750 0.013896 
2.424872 250 0.950000 0.048450 1.158750 0.013896 
2.525833 250 0.950000 0.048450 1.158750 0.013896 
2.626842 250 0.948750 0.048348 1.158750 0.013896 
2.727849 250 0.948750 0.048348 1.158750 0.013896 
2.828876 250 0.948750 0.048348 1.158750 0.013896 
2.929841 250 0.948750 0.048348 1.158750 0.013896 
3.030806 250 0.948750 0.048348 1.158750 0.013896 
3.131946 250 0.950000 0.049400 1.158750 0.013896 
3.232981 250 0.950000 0.049400 1.158750 0.013896 
3.334015 250 0.948750 0.050244 1.158750 0.013896 
3.434993 250 0.948750 0.050244 1.158750 0.013896 
3.536069 250 0.948750 0.050244 1.158750 0.013896 
3.637225 250 0.950000 0.045600 1.158750 0.013896 
3.738304 250 0.950000 0.045600 1.158750 0.013896 
3.839392 250 0.950000 0.045600 1.158750 0.013896 
3.940450 250 0.950000 0.045600 1.158750 0.013896 
4.041584 250 0.950000 0.045600 1.158750 0.013896 
4.142646 250 0.950000 0.042750 1.158750 0.013896 
4.243700 250 0.950000 0.042750 1.158750 0.013896 
4.344755 250 0.950000 0.042750 1.158750 0.013896 
4.445821 250 0.950000 0.039900 1.158750 0.013896 
4.547163 250 0.950000 0.039900 1.158750 0.013896 
4.648227 250 0.950000 0.039900 1.158750 0.013896 
4.749294 250 0.950000 0.039900 1.158750 0.013896 
4.850357 250 0.950000 0.039900 1.158750 0.013896 
4.951494 250 0.950000 0.039900 1.158750 0.013896 
5.052570 250 0.950000 0.039900 1.158750 0.013896 
5.153634 250 0.950000 0.039900 1.158750 0.013896 
5.254697 250 0.950000 0.039900 1.158750 0.013896 
5.355754 250 0.950000 0.039900 1.158750 0.013896 
5.456885 250 0.950000 0.039900 1.158750 0.013896 
5.557948 250 0.950000 0.039900 1.158750 0.013896 
5.659022 250 0.950000 0.039900 1.158750 0.013896 
5.760082 250 0.950000 0.039900 1.158750 0.013896 
5.861154 250 0.950000 0.039900 1.158750 0.013896 
5.962286 250 0.950000 0.039900 1.158750 0.013896 
6.063351 250 0.950000 0.039900 1.158750 0.013896 
6.164418 250 0.950000 0.039900 1.158750 0.013896 
6.265492 250 0.950000 0.039900 1.158750 0.013896 
6.366639 250 0.950000 0.039900 1.158750 0.013896 
6.467709 250 0.950000 0.039900 1.158750 0.013896 
6.568791 250 0.950000 0.039900 1.158750 0.013896 
6.669868 250 0.950000 0.039900 1.158750 0.013896 
6.770929 250 0.950000 0.038950 1.158750 0.013896 
6.872072 250 0.950000 0.038950 1.158750 0.013896 
6.973133 250 0.950000 0.038950 1.158750 0.013896 
7.074195 250 0.950000 0.039900 1.158750 0.013896 
7.175261 250 0.950000 0.039900 1.158750 0.013896 
7.276354 250 0.950000 0.039900 1.158750 0.013896 
7.377432 250 0.950000 0.039900 1.158750 0.013896 
7.478500 250 0.950000 0.039900 1.158750 0.013896 
7.579558 250 0.950000 0.039900 1.158750 0.013896 
7.680633 250 0.950000 0.039900 1.158750 0.013896 
7.781786 250 0.950000 0.039900 1.158750 0.013896 
7.882853 250 0.950000 0.039900 1.158750 0.013896 
7.983927 250 0.950000 0.039900 1.158750 0.013896 
8.084994 250 0.950000 0.039900 1.158750 0.013896 
8.186069 250 0.950000 0.039900 1.158750 0.013896 
8.287418 250 0.950000 0.039900 1.158750 0.013896 
8.388472 250 0.950000 0.039900 1.158750 0.013896 
8.489536 250 0.950000 0.039900 1.158750 0.013896 
8.590602 250 0.950000 0.039900 1.158750 0.013896 
8.691725 250 0.950000 0.039900 1.158750 0.013896 
8.792775 250 0.950000 0.039900 1.158750 0.013896 
8.893838 250 0.950000 0.039900 1.158750 0.013896 
8.994887 250 0.950000 0.039900 1.158750 0.013896 
9.095945 250 0.950000 0.039900 1.158750 0.013896 
9.197071 250 0.950000 0.039900 1.158750 0.013896 
9.298146 250 0.950000 0.039900 1.158750 0.013896 
9.399179 250 0.950000 0.041800 1.158750 0.013896 
9.500259 250 0.950000 0.041800 1.158750 0.013896 
9.601359 250 0.950000 0.041800 1.158750 0.013896 
9.702433 250 0.950000 0.042750 1.158750 0.013896 
9.803498 250 0.950000 0.042750 1.158750 0.013896 
9.904566 250 0.950000 0.042750 1.158750 0.013896 
10.005628 250 0.950000 0.039900 1.158750 0.013896 
10.106786 250 0.950000 0.039900 1.158750 0.013896 
10.207891 250 0.950000 0.039900 1.158750 0.013896 
10.309213 250 0.950000 0.039900 1.158750 0.013896 
10.410277 250 0.950000 0.039900 1.158750 0.013896 
10.511365 250 0.950000 0.039900 1.158750 0.013896 
10.612440 250 0.950000 0.039900 1.158750 0.013896 
10.713512 250 0.950000 0.039900 1.158750 0.013896 
10.814579 250 0.950000 0.039900 1.158750 0.013896 
10.915652 250 0.950000 0.039900 1.158750 0.013896 
11.016810 250 0.950000 0.039900 1.158750 0.013896 
11.117884 250 0.950000 0.039900 1.158750 0.013896 
11.218992 250 0.950000 0.039900 1.158750 0.013896 
11.320059 250 0.950000 0.039900 1.158750 0.013896 
11.421114 250 0.950000 0.039900 1.158750 0.013896 
11.522236 250 0.950000 0.043700 1.158750 0.013896 
11.623309 250 0.950000 0.043700 1.158750 0.013896 
11.724378 250 0.950000 0.043700 1.158750 0.013896 
11.825450 250 0.950000 0.043700 1.158750 0.013896 
11.926615 250 0.950000 0.043700 1.158750 0.013896 
12.027695 250 0.950000 0.043700 1.158750 0.013896 
12.128769 250 0.950000 0.039900 1.158750 0.013896 
12.229846 250 0.950000 0.039900 1.158750 0.013896 
12.330927 250 0.950000 0.038950 1.158750 0.013896 
12.432065 250 0.950000 0.038950 1.158750 0.013896 
12.533130 250 0.950000 0.038950 1.158750 0.013896 
12.634220 250 0.950000 0.039900 1.158750 0.013896 
12.735316 250 0.950000 0.039900 1.158750 0.013896 
12.836362 250 0.950000 0.039900 1.158750 0.013896 
12.937435 250 0.950000 0.039900 1.158750 0.013896 
13.038504 250 0.950000 0.039900 1.158750 0.013896 
13.139585 250 0.950000 0.039900 1.158750 0.013896 
13.240646 250 0.950000 0.039900 1.158750 0.013896 
13.341835 250 0.950000 0.039900 1.158750 0.013896 
13.442898 250 0.950000 0.039900 1.158750 0.013896 
13.543991 250 0.950000 0.039900 1.158750 0.013896 
13.645064 250 0.950000 0.040850 1.158750 0.013896 
13.746149 250 0.950000 0.040850 1.158750 0.013896 
13.847294 250 0.950000 0.040850 1.158750 0.013896 
13.948373 250 0.950000 0.039900 1.158750 0.013896 
14.049446 250 0.950000 0.039900 1.158750 0.013896 
14.150518 250 0.950000 0.039900 1.158750 0.013896 
14.251668 250 0.950000 0.039900 1.158750 0.013896 
14.352738 250 0.950000 0.039900 1.158750 0.013896 
14.453816 250 0.950000 0.039900 1.158750 0.013896 
14.554898 250 0.950000 0.039900 1.158750 0.013896 
14.655986 250 0.950000 0.039900 1.158750 0.013896 
14.757155 250 0.950000 0.039900 1.158750 0.013896 
14.858237 250 0.950000 0.039900 1.158750 0.013896 
14.959314 250 0.950000 0.039900 1.158750 0.013896 
15.060399 250 0.950000 0.039900 1.158750 0.013896 
15.161578 250 0.950000 0.039900 1.158750 0.013896 
15.262653 250 0.950000 0.039900 1.158750 0.013896 
15.363724 250 0.950000 0.039900 1.158750 0.013896 
15.465192 250 0.950000 0.039900 1.158750 0.013896 
15.566267 250 0.950000 0.039900 1.158750 0.013896 
15.667386 250 0.950000 0.039900 1.158750 0.013896 
15.768477 250 0.950000 0.039900 1.158750 0.013896 
15.869560 250 0.950000 0.039900 1.158750 0.013896 
15.970642 250 0.950000 0.039900 1.158750 0.013896 
16.071807 250 0.950000 0.039900 1.158750 0.013896 
16.172893 250 0.950000 0.039900 1.158750 0.013896 
16.273964 250 0.950000 0.039900 1.158750 0.013896 
16.375052 250 0.950000 0.039900 1.158750 0.013896 
16.476342 250 0.950000 0.039900 1.158750 0.013896 
16.577430 250 0.950000 0.039900 1.158750 0.013896 
16.678517 250 0.950000 0.039900 1.158750 0.013896 
16.779604 250 0.950000 0.039900 1.158750 0.013896 
16.880693 250 0.950000 0.039900 1.158750 0.013896 
16.981847 250 0.950000 0.039900 1.158750 0.013896 
17.082926 250 0.950000 0.039900 1.158750 0.013896 
17.184008 250 0.950000 0.039900 1.158750 0.013896 
17.285109 250 0.950000 0.039900 1.158750 0.013896 
17.386180 250 0.950000 0.039900 1.158750 0.013896 
17.487344 250 0.950000 0.039900 1.158750 0.013896 
17.588396 250 0.950000 0.041800 1.158750 0.013896 
17.689536 250 0.950000 0.041800 1.158750 0.013896 
17.790609 250 0.950000 0.041800 1.158750 0.013896 
17.891763 250 0.950000 0.040850 1.158750 0.013896 
17.992834 250 0.950000 0.040850 1.158750 0.013896 
18.093904 250 0.950000 0.040850 1.158750 0.013896 
18.194967 250 0.950000 0.039900 1.158750 0.013896 
18.296033 250 0.950000 0.039900 1.158750 0.013896 
18.397176 250 0.950000 0.039900 1.158750 0.013896 
18.498239 250 0.950000 0.039900 1.158750 0.013896 
18.599316 250 0.950000 0.039900 1.158750 0.013896 
18.700368 250 0.950000 0.039900 1.158750 0.013896 
18.801537 250 0.950000 0.039900 1.158750 0.013896 
18.902615 250 0.950000 0.039900 1.158750 0.013896 
19.003694 250 0.950000 0.039900 1.158750 0.013896 
19.104760 250 0.950000 0.039900 1.158750 0.013896 
19.205830 250 0.950000 0.038950 1.158750 0.013896 
19.306978 250 0.950000 0.038950 1.158750 0.013896 
19.408072 250 0.950000 0.038950 1.158750 0.013896 
19.509188 250 0.950000 0.039900 1.158750 0.013896 
19.610280 250 0.950000 0.039900 1.158750 0.013896 
19.711363 250 0.950000 0.039900 1.158750 0.013896 
19.812432 250 0.950000 0.039900 1.158750 0.013896 
19.913501 250 0.950000 0.039900 1.158750 0.013896 
20.014571 250 0.950000 0.042750 1.158750 0.013896 
20.115649 250 0.950000 0.042750 1.158750 0.013896 
20.216796 250 0.950000 0.039900 1.158750 0.013896 
20.317869 250 0.950000 0.039900 1.158750 0.013896 
20.418965 250 0.950000 0.039900 1.158750 0.013896 
20.520039 250 0.950000 0.039900 1.158750 0.013896 
20.621116 250 0.950000 0.039900 1.158750 0.013896 
20.722257 250 0.950000 0.039900 1.158750 0.013896 
20.823334 250 0.950000 0.039900 1.158750 0.013896 
20.924409 250 0.950000 0.039900 1.158750 0.013896 
21.025478 250 0.950000 0.039900 1.158750 0.013896 
21.126830 250 0.950000 0.039900 1.158750 0.013896 
21.227907 250 0.950000 0.039900 1.158750 0.013896 
21.328991 250 0.950000 0.039900 1.158750 0.013896 
21.430071 250 0.950000 0.039900 1.158750 0.013896 
21.531150 250 0.950000 0.039900 1.158750 0.013896 
21.632292 250 0.950000 0.039900 1.158750 0.013896 
21.733368 250 0.950000 0.039900 1.158750 0.013896 
21.834457 250 0.950000 0.039900 1.158750 0.013896 
21.935545 250 0.950000 0.039900 1.158750 0.013896 
22.036703 250 0.950000 0.039900 1.158750 0.013896 
22.137775 250 0.950000 0.039900 1.158750 0.013896 
22.238837 250 0.950000 0.039900 1.158750 0.013896 
22.339904 250 0.950000 0.039900 1.158750 0.013896 
22.440973 250 0.950000 0.039900 1.158750 0.013896 
22.542102 250 0.950000 0.039900 1.158750 0.013896 
22.643175 250 0.950000 0.039900 1.158750 0.013896 
22.744271 250 0.950000 0.039900 1.158750 0.013896 
22.845335 250 0.950000 0.039900 1.158750 0.013896 
22.946501 250 0.950000 0.039900 1.158750 0.013896 
23.047567 250 0.950000 0.039900 1.158750 0.013896 
23.148654 250 0.950000 0.041800 1.158750 0.013896 
23.249738 250 0.950000 0.041800 1.158750 0.013896 
23.350816 250 0.950000 0.041800 1.158750 0.013896 
23.451988 250 0.950000 0.039900 1.158750 0.013896 
23.553058 250 0.950000 0.039900 1.158750 0.013896 
23.654133 250 0.950000 0.039900 1.158750 0.013896 
23.755214 250 0.950000 0.039900 1.158750 0.013896 
23.856351 250 0.950000 0.039900 1.158750 0.013896 
23.957433 250 0.950000 0.039900 1.158750 0.013896 
24.058525 250 0.950000 0.039900 1.158750 0.013896 
24.159605 250 0.950000 0.039900 1.158750 0.013896 
24.260689 250 0.950000 0.039900 1.158750 0.013896 
24.361845 250 0.950000 0.039900 1.158750 0.013896 
24.463276 250 0.950000 0.039900 1.158750 0.013896 
24.564531 250 0.950000 0.039900 1.158750 0.013896 
24.665587 250 0.950000 0.039900 1.158750 0.013896 
24.766743 250 0.950000 0.039900 1.158750 0.013896 
24.867832 250 0.950000 0.039900 1.158750 0.013896 
24.968920 250 0.950000 0.039900 1.158750 0.013896 
25.070000 250 0.950000 0.039900 1.158750 0.013896 
25.171082 250 0.950000 0.039900 1.158750 0.013896 
25.272251 250 0.950000 0.039900 1.158750 0.013896 
25.373337 250 0.950000 0.039900 1.158750 0.013896 
25.474415 250 0.950000 0.039900 1.158750 0.013896 
25.575505 250 0.950000 0.039900 1.158750 0.013896 
25.676650 250 0.950000 0.039900 1.158750 0.013896 
25.777744 250 0.950000 0.045600 1.158750 0.013896 
25.878842 250 0.950000 0.045600 1.158750 0.013896 
25.979929 250 0.950000 0.045600 1.158750 0.013896 
26.081019 250 0.950000 0.039900 1.158750 0.013896 
26.182192 250 0.950000 0.039900 1.158750 0.013896 
26.283267 250 0.950000 0.039900 1.158750 0.013896 
26.384357 250 0.950000 0.039900 1.158750 0.013896 
26.485463 250 0.950000 0.039900 1.158750 0.013896 
26.586646 250 0.950000 0.039900 1.158750 0.013896 
26.687709 250 0.950000 0.039900 1.158750 0.013896 
26.788776 250 0.950000 0.039900 1.158750 0.013896 
26.889851 250 0.950000 0.039900 1.158750 0.013896 
26.990925 250 0.950000 0.039900 1.158750 0.013896 
27.092071 250 0.950000 0.040850 1.158750 0.013896 
27.193131 250 0.950000 0.040850 1.158750 0.013896 
27.294208 250 0.950000 0.040850 1.158750 0.013896 
27.395285 250 0.950000 0.039900 1.158750 0.013896 
27.496371 250 0.950000 0.039900 1.158750 0.013896 
27.597454 250 0.950000 0.039900 1.158750 0.013896 
27.698516 250 0.950000 0.039900 1.158750 0.013896 
27.799580 250 0.950000 0.039900 1.158750 0.013896 
27.900661 250 0.950000 0.041800 1.158750 0.013896 
28.001831 250 0.950000 0.041800 1.158750 0.013896 
28.102910 250 0.950000 0.041800 1.158750 0.013896 
28.203987 250 0.950000 0.043700 1.158750 0.013896 
28.305064 250 0.950000 0.043700 1.158750 0.013896 
28.406141 250 0.950000 0.039900 1.158750 0.013896 
28.507283 250 0.950000 0.039900 1.158750 0.013896 
28.608363 250 0.950000 0.039900 1.158750 0.013896 
28.709430 250 0.950000 0.039900 1.158750 0.013896 
28.810508 250 0.950000 0.039900 1.158750 0.013896 
28.911700 250 0.950000 0.039900 1.158750 0.013896 
29.012777 250 0.950000 0.039900 1.158750 0.013896 
29.113851 250 0.950000 0.039900 1.158750 0.013896 
29.214931 250 0.950000 0.039900 1.158750 0.013896 
29.316006 250 0.950000 0.039900 1.158750 0.013896 
29.417163 250 0.950000 0.039900 1.158750 0.013896 
29.518235 250 0.950000 0.039900 1.158750 0.013896 
29.619332 250 0.950000 0.039900 1.158750 0.013896 
29.720393 250 0.950000 0.039900 1.158750 0.013896 
29.821558 250 0.950000 0.039900 1.158750 0.013896 
29.922641 250 0.950000 0.039900 1.158750 0.013896 
30.023726 250 0.950000 0.039900 1.158750 0.013896 
30.124808 250 0.950000 0.039900 1.158750 0.013896 
30.225894 250 0.950000 0.039900 1.158750 0.013896 
30.327051 250 0.950000 0.039900 1.158750 0.013896 
30.428137 250 0.950000 0.039900 1.158750 0.013896 
30.529214 250 0.950000 0.039900 1.158750 0.013896 
30.630301 250 0.950000 0.039900 1.158750 0.013896 
30.731361 250 0.950000 0.039900 1.158750 0.013896 
30.832483 250 0.950000 0.039900 1.158750 0.013896 
30.933560 250 0.950000 0.039900 1.158750 0.013896 
31.034631 250 0.950000 0.039900 1.158750 0.013896 
31.135723 250 0.950000 0.039900 1.158750 0.013896 
31.236879 250 0.950000 0.039900 1.158750 0.013896 
31.337958 250 0.950000 0.039900 1.158750 0.013896 
31.439039 250 0.950000 0.039900 1.158750 0.013896 
31.540131 250 0.950000 0.039900 1.158750 0.013896 
31.641214 250 0.950000 0.039900 1.158750 0.013896 
31.742363 250 0.950000 0.039900 1.158750 0.013896 
31.843437 250 0.950000 0.039900 1.158750 0.013896 
31.944518 250 0.950000 0.039900 1.158750 0.013896 
32.045594 250 0.950000 0.039900 1.158750 0.013896 
32.146750 250 0.950000 0.039900 1.158750 0.013896 
32.247807 250 0.950000 0.039900 1.158750 0.013896 
32.348898 250 0.950000 0.039900 1.158750 0.013896 
32.449987 250 0.950000 0.040850 1.158750 0.013896 
32.551070 250 0.950000 0.040850 1.158750 0.013896 
32.652235 250 0.950000 0.039900 1.158750 0.013896 
32.753510 250 0.950000 0.039900 1.158750 0.013896 
32.854577 250 0.950000 0.039900 1.158750 0.013896 
32.955656 250 0.950000 0.040850 1.158750 0.013896 
33.056808 250 0.950000 0.040850 1.158750 0.013896 
33.157874 250 0.950000 0.039900 1.158750 0.013896 
33.258944 250 0.950000 0.039900 1.158750 0.013896 
33.360034 250 0.950000 0.039900 1.158750 0.013896 
33.461108 250 0.950000 0.039900 1.158750 0.013896 
33.562274 250 0.950000 0.039900 1.158750 0.013896 
33.663353 250 0.950000 0.039900 1.158750 0.013896 
33.764498 250 0.950000 0.039900 1.158750 0.013896 
33.865564 250 0.950000 0.039900 1.158750 0.013896 
33.966745 250 0.950000 0.045600 1.158750 0.013896 
34.067836 250 0.950000 0.045600 1.158750 0.013896 
34.168942 250 0.950000 0.045600 1.158750 0.013896 
34.270031 250 0.950000 0.039900 1.158750 0.013896 
34.371115 250 0.950000 0.039900 1.158750 0.013896 
34.472260 250 0.950000 0.039900 1.158750 0.013896 
34.573342 250 0.950000 0.039900 1.158750 0.013896 
34.674433 250 0.950000 0.039900 1.158750 0.013896 
34.775519 250 0.950000 0.039900 1.158750 0.013896 
34.876687 250 0.950000 0.039900 1.158750 0.013896 
34.977780 250 0.950000 0.039900 1.158750 0.013896 
35.078859 250 0.950000 0.039900 1.158750 0.013896 
35.179971 250 0.950000 0.039900 1.158750 0.013896 
35.281045 250 0.950000 0.040850 1.158750 0.013896 
35.382182 250 0.950000 0.040850 1.158750 0.013896 
35.483263 250 0.950000 0.040850 1.158750 0.013896 
35.584355 250 0.950000 0.039900 1.158750 0.013896 
35.685457 250 0.950000 0.039900 1.158750 0.013896 
35.786616 250 0.950000 0.039900 1.158750 0.013896 
35.887733 250 0.950000 0.039900 1.158750 0.013896 
35.988801 250 0.950000 0.039900 1.158750 0.013896 
36.089868 250 0.950000 0.041800 1.158750 0.013896 
36.190946 250 0.950000 0.041800 1.158750 0.013896 
36.292106 250 0.950000 0.041800 1.158750 0.013896 
36.393184 250 0.950000 0.040850 1.158750 0.013896 
36.494258 250 0.950000 0.040850 1.158750 0.013896 
36.595333 250 0.950000 0.039900 1.158750 0.013896 
36.696354 250 0.950000 0.039900 1.158750 0.013896 
36.797459 250 0.950000 0.039900 1.158750 0.013896 
36.898536 250 0.950000 0.039900 1.158750 0.013896 
36.999605 250 0.950000 0.039900 1.158750 0.013896 
37.100917 250 0.950000 0.039900 1.158750 0.013896 
37.202079 250 0.950000 0.039900 1.158750 0.013896 
37.303146 250 0.950000 0.039900 1.158750 0.013896 
37.404220 250 0.950000 0.039900 1.158750 0.013896 
37.505301 250 0.950000 0.039900 1.158750 0.013896 
37.606358 250 0.950000 0.039900 1.158750 0.013896 
37.707454 250 0.950000 0.039900 1.158750 0.013896 
37.808534 250 0.950000 0.039900 1.158750 0.013896 
37.909608 250 0.950000 0.039900 1.158750 0.013896 
38.010683 250 0.950000 0.039900 1.158750 0.013896 
38.111842 250 0.950000 0.039900 1.158750 0.013896 
38.212931 250 0.950000 0.039900 1.158750 0.013896 
38.314054 250 0.950000 0.039900 1.158750 0.013896 
38.415128 250 0.950000 0.039900 1.158750 0.013896 
38.516211 250 0.950000 0.039900 1.158750 0.013896 
38.617549 250 0.950000 0.039900 1.158750 0.013896 
38.718650 250 0.950000 0.039900 1.158750 0.013896 
38.819726 250 0.950000 0.039900 1.158750 0.013896 
38.920813 250 0.950000 0.039900 1.158750 0.013896 
39.021974 250 0.950000 0.039900 1.158750 0.013896 
39.123059 250 0.950000 0.039900 1.158750 0.013896 
39.224132 250 0.950000 0.039900 1.158750 0.013896 
39.325207 250 0.950000 0.039900 1.158750 0.013896 
39.426339 250 0.950000 0.039900 1.158750 0.013896 
39.527415 250 0.950000 0.039900 1.158750 0.013896 
39.628507 250 0.950000 0.039900 1.158750 0.013896 
39.729589 250 0.950000 0.039900 1.158750 0.013896 
39.830665 250 0.950000 0.039900 1.158750 0.013896 
39.931814 250 0.950000 0.039900 1.158750 0.013896 
40.032888 250 0.950000 0.039900 1.158750 0.013896 
40.133972 250 0.950000 0.039900 1.158750 0.013896 
40.235050 250 0.950000 0.039900 1.158750 0.013896 
40.336136 250 0.950000 0.039900 1.158750 0.013896 
40.437288 250 0.950000 0.039900 1.158750 0.013896 
40.538355 250 0.950000 0.039900 1.158750 0.013896 
40.639433 250 0.950000 0.039900 1.158750 0.013896 
40.740517 250 0.950000 0.039900 1.158750 0.013896 
40.841859 250 0.950000 0.039900 1.158750 0.013896 
40.942937 250 0.950000 0.039900 1.158750 0.013896 
41.044005 250 0.950000 0.039900 1.158750 0.013896 
41.145085 250 0.950000 0.039900 1.158750 0.013896 
41.246158 250 0.950000 0.039900 1.158750 0.013896 
41.347484 250 0.950000 0.039900 1.158750 0.013896 
41.448556 250 0.950000 0.039900 1.158750 0.013896 
41.549639 250 0.950000 0.039900 1.158750 0.013896 
41.650722 250 0.950000 0.039900 1.158750 0.013896 
41.751905 250 0.950000 0.039900 1.158750 0.013896 
41.852984 250 0.950000 0.040850 1.158750 0.013896 
41.954083 250 0.950000 0.040850 1.158750 0.013896 
42.055188 250 0.950000 0.040850 1.158750 0.013896 
42.156269 250 0.950000 0.044650 1.158750 0.013896 
42.257396 250 0.950000 0.044650 1.158750 0.013896 
42.358462 250 0.950000 0.044650 1.158750 0.013896 
42.459541 250 0.950000 0.039900 1.158750 0.013896 
42.560621 250 0.950000 0.039900 1.158750 0.013896 
42.661788 250 0.950000 0.039900 1.158750 0.013896 
42.762890 250 0.950000 0.039900 1.158750 0.013896 
42.863885 250 0.950000 0.039900 1.158750 0.013896 
42.964966 250 0.950000 0.040850 1.158750 0.013896 
43.066043 250 0.950000 0.040850 1.158750 0.013896 
43.167195 250 0.950000 0.040850 1.158750 0.013896 
43.268292 250 0.950000 0.039900 1.158750 0.013896 
43.369368 250 0.950000 0.039900 1.158750 0.013896 
43.470441 250 0.950000 0.039900 1.158750 0.013896 
43.571816 250 0.950000 0.039900 1.158750 0.013896 
43.672903 250 0.950000 0.039900 1.158750 0.013896 
43.774009 250 0.950000 0.039900 1.158750 0.013896 
43.875080 250 0.950000 0.039900 1.158750 0.013896 
43.976153 250 0.950000 0.039900 1.158750 0.013896 
44.077301 250 0.950000 0.039900 1.158750 0.013896 
44.178386 250 0.950000 0.039900 1.158750 0.013896 
44.279466 250 0.950000 0.045600 1.158750 0.013896 
44.380549 250 0.950000 0.045600 1.158750 0.013896 
44.481724 250 0.950000 0.045600 1.158750 0.013896 
44.582805 250 0.950000 0.039900 1.158750 0.013896 
44.683890 250 0.950000 0.039900 1.158750 0.013896 
44.784980 250 0.950000 0.039900 1.158750 0.013896 
44.886063 250 0.950000 0.039900 1.158750 0.013896 
44.987231 250 0.950000 0.039900 1.158750 0.013896 
45.088294 250 0.950000 0.039900 1.158750 0.013896 
45.189364 250 0.950000 0.039900 1.158750 0.013896 
45.290433 250 0.950000 0.039900 1.158750 0.013896 
45.391585 250 0.950000 0.039900 1.158750 0.013896 
45.492644 250 0.950000 0.039900 1.158750 0.013896 
45.593703 250 0.950000 0.039900 1.158750 0.013896 
45.694770 250 0.950000 0.039900 1.158750 0.013896 
45.795841 250 0.950000 0.039900 1.158750 0.013896 
45.896976 250 0.950000 0.039900 1.158750 0.013896 
45.998051 250 0.950000 0.039900 1.158750 0.013896 
46.099122 250 0.950000 0.039900 1.158750 0.013896 
46.200197 250 0.950000 0.039900 1.158750 0.013896 
46.301330 250 0.950000 0.039900 1.158750 0.013896 
46.402416 250 0.950000 0.039900 1.158750 0.013896 
46.503490 250 0.950000 0.039900 1.158750 0.013896 
46.604551 250 0.950000 0.039900 1.158750 0.013896 
46.705617 250 0.950000 0.039900 1.158750 0.013896 
46.806770 250 0.950000 0.039900 1.158750 0.013896 
46.907841 250 0.950000 0.039900 1.158750 0.013896 
47.008911 250 0.950000 0.039900 1.158750 0.013896 
47.109984 250 0.950000 0.039900 1.158750 0.013896 
47.211063 250 0.950000 0.040850 1.158750 0.013896 
47.312209 250 0.950000 0.040850 1.158750 0.013896 
47.413293 250 0.950000 0.040850 1.158750 0.013896 
47.514369 250 0.950000 0.040850 1.158750 0.013896 
47.615454 250 0.950000 0.040850 1.158750 0.013896 
47.716632 250 0.950000 0.039900 1.158750 0.013896 
47.817706 250 0.950000 0.039900 1.158750 0.013896 
47.918811 250 0.950000 0.040850 1.158750 0.013896 
48.019880 250 0.950000 0.040850 1.158750 0.013896 
48.120950 250 0.950000 0.040850 1.158750 0.013896 
48.222111 250 0.950000 0.039900 1.158750 0.013896 
48.323187 250 0.950000 0.039900 1.158750 0.013896 
48.424268 250 0.950000 0.039900 1.158750 0.013896 
48.525347 250 0.950000 0.039900 1.158750 0.013896 
48.626519 250 0.950000 0.039900 1.158750 0.013896 
48.727586 250 0.950000 0.039900 1.158750 0.013896 
48.828664 250 0.950000 0.039900 1.158750 0.013896 
48.929905 250 0.950000 0.039900 1.158750 0.013896 
49.030988 250 0.950000 0.039900 1.158750 0.013896 
49.132139 250 0.950000 0.039900 1.158750 0.013896 
49.233216 250 0.950000 0.039900 1.158750 0.013896 
49.334298 250 0.950000 0.039900 1.158750 0.013896 
49.435402 250 0.950000 0.039900 1.158750 0.013896 
49.536769 250 0.950000 0.039900 1.158750 0.013896 
49.637845 250 0.950000 0.039900 1.158750 0.013896 
49.738929 250 0.950000 0.039900 1.158750 0.013896 
49.839994 250 0.950000 0.039900 1.158750 0.013896 
49.941091 250 0.950000 0.039900 1.158750 0.013896 
50.042231 250 0.950000 0.041800 1.158750 0.013896 
50.143330 250 0.950000 0.041800 1.158750 0.013896 
50.244412 250 0.950000 0.041800 1.158750 0.013896 
50.345476 250 0.950000 0.041800 1.158750 0.013896 
50.446647 250 0.950000 0.041800 1.158750 0.013896 
50.547726 250 0.950000 0.041800 1.158750 0.013896 
50.648808 250 0.950000 0.039900 1.158750 0.013896 
50.749886 250 0.950000 0.039900 1.158750 0.013896 
50.850958 250 0.950000 0.039900 1.158750 0.013896 
50.952132 250 0.950000 0.039900 1.158750 0.013896 
51.053210 250 0.950000 0.039900 1.158750 0.013896 
51.154289 250 0.950000 0.039900 1.158750 0.013896 
51.255367 250 0.950000 0.039900 1.158750 0.013896 
51.356728 250 0.950000 0.039900 1.158750 0.013896 
51.457789 250 0.950000 0.039900 1.158750 0.013896 
51.558870 250 0.950000 0.039900 1.158750 0.013896 
51.659950 250 0.950000 0.039900 1.158750 0.013896 
51.761035 250 0.950000 0.039900 1.158750 0.013896 
51.862206 250 0.950000 0.039900 1.158750 0.013896 
51.963293 250 0.950000 0.039900 1.158750 0.013896 
52.064377 250 0.950000 0.039900 1.158750 0.013896 
52.165453 250 0.950000 0.040850 1.158750 0.013896 
52.266610 250 0.950000 0.040850 1.158750 0.013896 
52.367686 250 0.950000 0.040850 1.158750 0.013896 
52.468789 250 0.950000 0.044650 1.158750 0.013896 
52.569869 250 0.950000 0.044650 1.158750 0.013896 
52.670944 250 0.950000 0.039900 1.158750 0.013896 
52.772100 250 0.950000 0.039900 1.158750 0.013896 
52.873175 250 0.950000 0.039900 1.158750 0.013896 
52.974258 250 0.950000 0.039900 1.158750 0.013896 
53.075341 250 0.950000 0.039900 1.158750 0.013896 
53.176498 250 0.950000 0.039900 1.158750 0.013896 
53.277575 250 0.950000 0.039900 1.158750 0.013896 
53.378649 250 0.950000 0.039900 1.158750 0.013896 
53.479721 250 0.950000 0.039900 1.158750 0.013896 
53.580793 250 0.950000 0.039900 1.158750 0.013896 
53.681948 250 0.950000 0.039900 1.158750 0.013896 
53.783030 250 0.950000 0.039900 1.158750 0.013896 
53.884112 250 0.950000 0.039900 1.158750 0.013896 
53.985209 250 0.950000 0.039900 1.158750 0.013896 
54.086341 250 0.950000 0.039900 1.158750 0.013896 
54.187421 250 0.950000 0.039900 1.158750 0.013896 
54.288494 250 0.950000 0.039900 1.158750 0.013896 
54.389579 250 0.950000 0.039900 1.158750 0.013896 
54.490664 250 0.950000 0.039900 1.158750 0.013896 
54.591833 250 0.950000 0.039900 1.158750 0.013896 
54.692900 250 0.950000 0.039900 1.158750 0.013896 
54.793968 250 0.950000 0.039900 1.158750 0.013896 
54.895038 250 0.950000 0.039900 1.158750 0.013896 
54.996116 250 0.950000 0.039900 1.158750 0.013896 
55.097255 250 0.950000 0.039900 1.158750 0.013896 
55.198322 250 0.950000 0.039900 1.158750 0.013896 
55.299384 250 0.950000 0.039900 1.158750 0.013896 
55.400452 250 0.950000 0.039900 1.158750 0.013896 
55.501613 250 0.950000 0.039900 1.158750 0.013896 
55.602684 250 0.950000 0.039900 1.158750 0.013896 
55.703737 250 0.950000 0.039900 1.158750 0.013896 
55.804804 250 0.950000 0.039900 1.158750 0.013896 
55.905871 250 0.950000 0.039900 1.158750 0.013896 
56.007017 250 0.950000 0.039900 1.158750 0.013896 
56.108085 250 0.950000 0.039900 1.158750 0.013896 
56.209158 250 0.950000 0.039900 1.158750 0.013896 
56.310235 250 0.950000 0.039900 1.158750 0.013896 
56.411333 250 0.950000 0.039900 1.158750 0.013896 
56.512407 250 0.950000 0.039900 1.158750 0.013896 
56.613488 250 0.950000 0.039900 1.158750 0.013896 
56.714551 250 0.950000 0.039900 1.158750 0.013896 
56.815624 250 0.950000 0.039900 1.158750 0.013896 
56.916780 250 0.950000 0.039900 1.158750 0.013896 
57.017896 250 0.950000 0.039900 1.158750 0.013896 
57.119141 250 0.950000 0.039900 1.158750 0.013896 
57.220195 250 0.950000 0.039900 1.158750 0.013896 
57.321260 250 0.950000 0.039900 1.158750 0.013896 
57.422376 250 0.950000 0.039900 1.158750 0.013896 
57.523435 250 0.950000 0.039900 1.158750 0.013896 
57.624516 250 0.950000 0.039900 1.158750 0.013896 
57.725579 250 0.950000 0.039900 1.158750 0.013896 
57.826723 250 0.950000 0.039900 1.158750 0.013896 
57.927805 250 0.950000 0.039900 1.158750 0.013896 
58.028878 250 0.950000 0.039900 1.158750 0.013896 
58.129971 250 0.950000 0.039900 1.158750 0.013896 
58.231036 250 0.950000 0.041800 1.158750 0.013896 
58.332202 250 0.950000 0.041800 1.158750 0.013896 
58.433284 250 0.950000 0.041800 1.158750 0.013896 
58.534365 250 0.950000 0.040850 1.158750 0.013896 
58.635461 250 0.950000 0.040850 1.158750 0.013896 
58.736663 250 0.950000 0.039900 1.158750 0.013896 
58.837747 250 0.950000 0.039900 1.158750 0.013896 
58.938821 250 0.950000 0.039900 1.158750 0.013896 
59.039910 250 0.950000 0.039900 1.158750 0.013896 
59.141004 250 0.950000 0.039900 1.158750 0.013896 
59.242171 250 0.950000 0.039900 1.158750 0.013896 
59.343266 250 0.950000 0.039900 1.158750 0.013896 
59.444358 250 0.950000 0.039900 1.158750 0.013896 
59.545435 250 0.950000 0.039900 1.158750 0.013896 
59.646597 250 0.950000 0.039900 1.158750 0.013896 
59.747677 250 0.950000 0.039900 1.158750 0.013896 
59.848769 250 0.950000 0.039900 1.158750 0.013896 
59.949852 250 0.950000 0.039900 1.158750 0.013896 
60.050922 250 0.950000 0.039900 1.158750 0.013896 
60.152088 250 0.950000 0.039900 1.158750 0.013896 
60.253166 250 0.950000 0.039900 1.158750 0.013896 
60.354245 250 0.950000 0.040850 1.158750 0.013896 
60.455328 250 0.950000 0.040850 1.158750 0.013896 
60.556489 250 0.950000 0.040850 1.158750 0.013896 
60.657574 250 0.950000 0.045600 1.158750 0.013896 
60.758658 250 0.950000 0.045600 1.158750 0.013896 
60.859737 250 0.950000 0.039900 1.158750 0.013896 
60.960808 250 0.950000 0.039900 1.158750 0.013896 
61.061957 250 0.950000 0.039900 1.158750 0.013896 
61.163036 250 0.950000 0.039900 1.158750 0.013896 
61.264125 250 0.950000 0.039900 1.158750 0.013896 
61.365185 250 0.950000 0.039900 1.158750 0.013896 
61.466270 250 0.950000 0.039900 1.158750 0.013896 
61.567401 250 0.950000 0.039900 1.158750 0.013896 
61.668510 250 0.950000 0.039900 1.158750 0.013896 
61.769591 250 0.950000 0.039900 1.158750 0.013896 
