0.000326 800 1.200000 0.018000 0.917500 0.453915 
0.101155 800 1.200000 0.018000 0.917500 0.453915 
0.201766 800 1.200000 0.018000 0.917500 0.453915 
0.302373 800 1.200000 0.018000 0.917500 0.476840 
0.402985 800 1.200000 0.018000 0.917500 0.476840 
0.503593 800 1.200000 0.018000 0.917500 0.476840 
0.604196 800 1.200000 0.018000 0.917500 0.476840 
0.704819 800 1.200000 0.018000 0.917500 0.476840 
0.805511 800 1.200000 0.018000 0.917500 0.491512 
0.906218 800 1.200000 0.018000 0.917500 0.491512 
1.006829 800 1.200000 0.018000 0.917500 0.491512 
1.107436 800 1.200000 0.018000 0.917500 0.480508 
1.208063 800 1.200000 0.018000 0.917500 0.480508 
1.308733 800 1.200000 0.018000 0.917500 0.495180 
1.409423 800 1.200000 0.018000 0.917500 0.495180 
1.510062 800 1.200000 0.018000 0.917500 0.495180 
1.610669 800 1.200000 0.018000 0.917500 0.477757 
1.711363 800 1.200000 0.018000 0.917500 0.477757 
1.812013 800 1.200000 0.018000 0.917500 0.530026 
1.912646 800 1.200000 0.018000 0.917500 0.530026 
2.013251 800 1.200000 0.018000 0.917500 0.530026 
2.113845 800 1.200000 0.018000 0.917500 0.511686 
2.214435 800 1.200000 0.018000 0.917500 0.511686 
2.315031 800 1.200000 0.018000 0.917500 0.511686 
2.415669 800 1.201250 0.018015 0.917500 0.536445 
2.516333 800 1.201250 0.018015 0.917500 0.536445 
2.616948 800 1.200000 0.018000 0.917500 0.531860 
2.717602 800 1.200000 0.018000 0.917500 0.531860 
2.818297 800 1.200000 0.018000 0.917500 0.531860 
2.918957 800 1.200000 0.018000 0.917500 0.519939 
3.019581 800 1.200000 0.018000 0.917500 0.519939 
3.120195 800 1.200000 0.018000 0.917500 0.519939 
3.220796 800 1.200000 0.018000 0.917500 0.527275 
3.321428 800 1.200000 0.018000 0.917500 0.527275 
3.422038 800 1.200000 0.018000 0.917500 0.538279 
3.522632 800 1.200000 0.018000 0.917500 0.538279 
3.623236 800 1.200000 0.018000 0.917500 0.538279 
3.723828 800 1.200000 0.018000 0.917500 0.538279 
3.824419 800 1.200000 0.018000 0.917500 0.538279 
3.925026 800 1.200000 0.018000 0.917500 0.537362 
4.025628 800 1.200000 0.018000 0.917500 0.537362 
4.126262 800 1.200000 0.018000 0.917500 0.537362 
4.226846 800 1.200000 0.018000 0.917500 0.538279 
4.327435 800 1.200000 0.018000 0.917500 0.538279 
4.428045 800 1.200000 0.018000 0.917500 0.538279 
4.528636 800 1.200000 0.018000 0.917500 0.539196 
4.629233 800 1.200000 0.018000 0.917500 0.539196 
4.729820 800 1.200000 0.018000 0.917500 0.539196 
4.830412 800 1.200000 0.018000 0.917500 0.539196 
4.931068 800 1.200000 0.018000 0.917500 0.539196 
5.031676 800 1.200000 0.018000 0.917500 0.534611 
5.132273 800 1.200000 0.018000 0.917500 0.534611 
5.232864 800 1.200000 0.018000 0.917500 0.534611 
5.333465 800 1.200000 0.018000 0.917500 0.539196 
5.434081 800 1.200000 0.018000 0.917500 0.539196 
5.534673 800 1.200000 0.018000 0.917500 0.539196 
5.635263 800 1.200000 0.018000 0.917500 0.539196 
5.735878 800 1.200000 0.018000 0.917500 0.539196 
5.836475 800 1.200000 0.018000 0.917500 0.538279 
5.937075 800 1.200000 0.018000 0.917500 0.538279 
6.037663 800 1.200000 0.018000 0.917500 0.537362 
6.138247 800 1.200000 0.018000 0.917500 0.537362 
6.238830 800 1.200000 0.018000 0.917500 0.537362 
6.339416 800 1.200000 0.018000 0.917500 0.539196 
6.440039 800 1.200000 0.018000 0.917500 0.539196 
6.540626 800 1.200000 0.018000 0.917500 0.539196 
6.641250 800 1.200000 0.018000 0.917500 0.539196 
6.741846 800 1.200000 0.018000 0.917500 0.539196 
6.842437 800 1.200000 0.018000 0.917500 0.538279 
6.943052 800 1.200000 0.018000 0.917500 0.538279 
7.043655 800 1.200000 0.018000 0.917500 0.538279 
7.144242 800 1.200000 0.018000 0.917500 0.538279 
7.244832 800 1.200000 0.018000 0.917500 0.538279 
7.345418 800 1.200000 0.018000 0.917500 0.538279 
7.446073 800 1.200000 0.018000 0.917500 0.538279 
7.546675 800 1.200000 0.018000 0.917500 0.538279 
7.647298 800 1.200000 0.018000 0.917500 0.537362 
7.747898 800 1.200000 0.018000 0.917500 0.537362 
7.848481 800 1.200000 0.018000 0.917500 0.537362 
7.949068 800 1.200000 0.018000 0.917500 0.539196 
8.049656 800 1.200000 0.018000 0.917500 0.539196 
8.150239 800 1.200000 0.018000 0.917500 0.541030 
8.250989 800 1.200000 0.018000 0.917500 0.541030 
8.351613 800 1.200000 0.018000 0.917500 0.541030 
8.452232 800 1.200000 0.018000 0.917500 0.541030 
8.552836 800 1.200000 0.018000 0.917500 0.541030 
8.653438 800 1.200000 0.018000 0.917500 0.541030 
8.754057 800 1.200000 0.018000 0.917500 0.537362 
8.854670 800 1.200000 0.018000 0.917500 0.537362 
8.955277 800 1.200000 0.018000 0.917500 0.535528 
9.055938 800 1.200000 0.018000 0.917500 0.535528 
9.156536 800 1.200000 0.018000 0.917500 0.535528 
9.257128 800 1.200000 0.018000 0.917500 0.539196 
9.357822 800 1.200000 0.018000 0.917500 0.539196 
9.458469 800 1.200000 0.018000 0.917500 0.539196 
9.559119 800 1.200000 0.018000 0.917500 0.524524 
9.659717 800 1.200000 0.018000 0.917500 0.524524 
9.760306 800 1.200000 0.018000 0.917500 0.535528 
9.860882 800 1.200000 0.018000 0.917500 0.535528 
9.961478 800 1.200000 0.018000 0.917500 0.535528 
10.062073 800 1.200000 0.018000 0.917500 0.538279 
10.162672 800 1.200000 0.018000 0.917500 0.538279 
10.263280 800 1.200000 0.018000 0.917500 0.539196 
10.363900 800 1.200000 0.018000 0.917500 0.539196 
10.464524 800 1.200000 0.018000 0.917500 0.539196 
10.565132 800 1.200000 0.018000 0.917500 0.540113 
10.665731 800 1.200000 0.018000 0.917500 0.540113 
10.766372 800 1.200000 0.018000 0.917500 0.540113 
10.866973 800 1.200000 0.018000 0.917500 0.538279 
10.967582 800 1.200000 0.018000 0.917500 0.538279 
11.068176 800 1.200000 0.018000 0.917500 0.538279 
11.168775 800 1.200000 0.018000 0.917500 0.538279 
11.269422 800 1.200000 0.018000 0.917500 0.538279 
11.370119 800 1.200000 0.018000 0.917500 0.537362 
11.470768 800 1.200000 0.018000 0.917500 0.537362 
11.571422 800 1.200000 0.018000 0.917500 0.520856 
11.672041 800 1.200000 0.018000 0.917500 0.520856 
11.772648 800 1.200000 0.018000 0.917500 0.520856 
11.873256 800 1.200000 0.018000 0.917500 0.537362 
11.973868 800 1.200000 0.018000 0.917500 0.537362 
12.074465 800 1.200000 0.018000 0.917500 0.537362 
12.175070 800 1.200000 0.018000 0.917500 0.539196 
12.275673 800 1.200000 0.018000 0.917500 0.539196 
12.376333 800 1.200000 0.018000 0.917500 0.538279 
12.476946 800 1.200000 0.018000 0.917500 0.538279 
12.577567 800 1.200000 0.018000 0.917500 0.538279 
12.678201 800 1.200000 0.018000 0.917500 0.533694 
12.778812 800 1.200000 0.018000 0.917500 0.533694 
12.879419 800 1.200000 0.018000 0.917500 0.533694 
