0.000282 900 1.200000 0.018000 0.928750 0.609696 
0.100923 900 1.200000 0.018000 0.928750 0.609696 
0.201492 900 1.200000 0.018000 0.930000 0.550560 
0.302060 900 1.200000 0.018000 0.930000 0.550560 
0.402637 900 1.200000 0.018000 0.930000 0.529170 
0.503215 900 1.200000 0.018000 0.930000 0.529170 
0.603779 900 1.200000 0.018000 0.930000 0.529170 
0.704352 900 1.200000 0.018000 0.930000 0.540330 
0.804989 900 1.200000 0.018000 0.930000 0.540330 
0.905601 900 1.200000 0.018000 0.930000 0.540330 
1.006171 900 1.200000 0.018000 0.930000 0.527310 
1.106689 900 1.200000 0.018000 0.930000 0.527310 
1.207344 900 1.200000 0.018000 0.930000 0.538470 
1.307970 900 1.200000 0.018000 0.930000 0.538470 
1.408614 900 1.200000 0.018000 0.930000 0.538470 
1.509181 900 1.200000 0.018000 0.928750 0.564224 
1.609728 900 1.200000 0.018000 0.928750 0.564224 
1.710309 900 1.200000 0.018000 0.928750 0.616192 
1.810853 900 1.200000 0.018000 0.928750 0.616192 
1.911398 900 1.200000 0.018000 0.928750 0.616192 
2.011941 900 1.200000 0.018000 0.928750 0.615264 
2.112480 900 1.200000 0.018000 0.928750 0.615264 
2.213018 900 1.200000 0.018000 0.928750 0.615264 
2.313595 900 1.200000 0.018000 0.928750 0.615264 
2.414180 900 1.200000 0.018000 0.928750 0.615264 
2.514743 900 1.200000 0.018000 0.928750 0.615264 
2.615288 900 1.200000 0.018000 0.928750 0.615264 
2.715846 900 1.200000 0.018000 0.928750 0.615264 
2.816481 900 1.200000 0.018000 0.928750 0.617120 
2.917121 900 1.200000 0.018000 0.928750 0.617120 
3.017710 900 1.200000 0.018000 0.928750 0.617120 
3.118305 900 1.200000 0.018000 0.928750 0.589280 
3.218851 900 1.200000 0.018000 0.928750 0.589280 
3.319395 900 1.200000 0.018000 0.928750 0.615264 
3.419961 900 1.200000 0.018000 0.928750 0.615264 
3.520515 900 1.200000 0.018000 0.928750 0.615264 
3.621058 900 1.200000 0.018000 0.928750 0.617120 
3.721604 900 1.200000 0.018000 0.928750 0.617120 
3.822165 900 1.200000 0.018000 0.928750 0.617120 
3.922707 900 1.200000 0.018000 0.928750 0.617120 
4.023220 900 1.200000 0.018000 0.928750 0.617120 
4.123758 900 1.200000 0.018000 0.928750 0.615264 
4.224302 900 1.200000 0.018000 0.928750 0.615264 
4.324859 900 1.200000 0.018000 0.928750 0.615264 
4.425428 900 1.200000 0.018000 0.928750 0.613408 
4.525981 900 1.200000 0.018000 0.928750 0.613408 
4.626536 900 1.200000 0.018000 0.928750 0.617120 
4.727115 900 1.200000 0.018000 0.928750 0.617120 
4.827661 900 1.200000 0.018000 0.928750 0.617120 
4.928216 900 1.200000 0.018000 0.928750 0.615264 
5.028771 900 1.200000 0.018000 0.928750 0.615264 
5.129314 900 1.200000 0.018000 0.928750 0.615264 
5.229854 900 1.200000 0.018000 0.928750 0.615264 
5.330404 900 1.200000 0.018000 0.928750 0.615264 
5.430971 900 1.200000 0.018000 0.928750 0.613408 
5.531526 900 1.200000 0.018000 0.928750 0.613408 
5.632077 900 1.200000 0.018000 0.928750 0.613408 
5.732698 900 1.200000 0.018000 0.928750 0.613408 
5.833327 900 1.200000 0.018000 0.928750 0.613408 
5.933890 900 1.200000 0.018000 0.928750 0.608768 
6.034453 900 1.200000 0.018000 0.928750 0.608768 
6.135008 900 1.200000 0.018000 0.928750 0.608768 
6.235551 900 1.200000 0.018000 0.928750 0.612480 
6.336104 900 1.200000 0.018000 0.928750 0.612480 
6.436686 900 1.200000 0.018000 0.928750 0.612480 
6.537243 900 1.200000 0.018000 0.928750 0.615264 
6.637807 900 1.200000 0.018000 0.928750 0.615264 
6.738397 900 1.200000 0.018000 0.928750 0.612480 
6.838957 900 1.200000 0.018000 0.928750 0.612480 
6.939509 900 1.200000 0.018000 0.928750 0.612480 
7.040060 900 1.200000 0.018000 0.928750 0.615264 
7.140625 900 1.200000 0.018000 0.928750 0.615264 
7.241558 900 1.200000 0.018000 0.928750 0.617120 
7.342127 900 1.200000 0.018000 0.928750 0.617120 
7.442705 900 1.200000 0.018000 0.928750 0.617120 
7.543219 900 1.200000 0.018000 0.928750 0.616192 
7.643804 900 1.200000 0.018000 0.928750 0.616192 
7.744348 900 1.200000 0.018000 0.928750 0.616192 
7.844889 900 1.200000 0.018000 0.928750 0.610624 
7.945447 900 1.200000 0.018000 0.928750 0.610624 
8.045997 900 1.200000 0.018000 0.928750 0.617120 
8.146549 900 1.200000 0.018000 0.928750 0.617120 
8.247244 900 1.200000 0.018000 0.928750 0.617120 
8.347825 900 1.200000 0.018000 0.928750 0.618048 
8.448440 900 1.200000 0.018000 0.928750 0.618048 
8.548994 900 1.200000 0.018000 0.928750 0.618048 
8.649557 900 1.200000 0.018000 0.928750 0.607840 
8.750135 900 1.200000 0.018000 0.928750 0.607840 
8.850696 900 1.200000 0.018000 0.928750 0.612480 
8.951254 900 1.200000 0.018000 0.928750 0.612480 
9.051800 900 1.200000 0.018000 0.928750 0.612480 
9.152350 900 1.200000 0.018000 0.928750 0.617120 
9.252926 900 1.200000 0.018000 0.928750 0.617120 
9.353617 900 1.200000 0.018000 0.928750 0.605056 
9.454222 900 1.200000 0.018000 0.928750 0.605056 
9.554795 900 1.200000 0.018000 0.928750 0.605056 
9.655366 900 1.200000 0.018000 0.928750 0.604128 
9.755937 900 1.200000 0.018000 0.928750 0.604128 
9.856491 900 1.200000 0.018000 0.928750 0.604128 
9.957044 900 1.200000 0.018000 0.928750 0.612480 
10.057622 900 1.200000 0.018000 0.928750 0.612480 
10.158210 900 1.200000 0.018000 0.928750 0.615264 
10.258762 900 1.200000 0.018000 0.928750 0.615264 
10.359318 900 1.200000 0.018000 0.928750 0.615264 
10.459894 900 1.200000 0.018000 0.928750 0.617120 
10.560462 900 1.200000 0.018000 0.928750 0.617120 
10.661017 900 1.200000 0.018000 0.928750 0.617120 
10.761523 900 1.200000 0.018000 0.928750 0.613408 
10.862125 900 1.200000 0.018000 0.928750 0.613408 
10.962710 900 1.200000 0.018000 0.928750 0.590208 
11.063338 900 1.200000 0.018000 0.928750 0.590208 
11.163913 900 1.200000 0.018000 0.928750 0.590208 
11.264507 900 1.200000 0.018000 0.928750 0.613408 
11.365184 900 1.200000 0.018000 0.928750 0.613408 
11.465786 900 1.200000 0.018000 0.928750 0.593920 
11.566355 900 1.200000 0.018000 0.928750 0.593920 
11.666932 900 1.200000 0.018000 0.928750 0.593920 
11.767491 900 1.200000 0.018000 0.928750 0.617120 
11.868075 900 1.200000 0.018000 0.928750 0.617120 
11.968698 900 1.200000 0.018000 0.928750 0.617120 
12.069284 900 1.200000 0.018000 0.928750 0.586496 
12.169868 900 1.200000 0.018000 0.928750 0.586496 
12.270541 900 1.200000 0.018000 0.930000 0.461280 
12.371351 900 1.200000 0.018000 0.930000 0.461280 
