0.000462 450 1.011250 0.095034 1.158750 0.015054 
0.101161 450 1.011250 0.095034 1.158750 0.015054 
0.201806 450 1.011250 0.094023 1.158750 0.015054 
0.302431 450 1.011250 0.094023 1.158750 0.015054 
0.403043 450 1.011250 0.094023 1.158750 0.015054 
0.510230 450 1.011250 0.094023 1.158750 0.015054 
0.610944 450 1.011250 0.094023 1.158750 0.015054 
0.711651 450 1.011250 0.093012 1.158750 0.013896 
0.812338 450 1.011250 0.093012 1.158750 0.013896 
0.913003 450 1.011250 0.093012 1.158750 0.013896 
1.013629 450 1.011250 0.095034 1.158750 0.013896 
1.114253 450 1.011250 0.095034 1.158750 0.013896 
1.214880 450 1.011250 0.094023 1.158750 0.013896 
1.315558 450 1.011250 0.094023 1.158750 0.013896 
1.416177 450 1.011250 0.094023 1.158750 0.013896 
1.516798 450 1.011250 0.093012 1.158750 0.013896 
1.617425 450 1.011250 0.093012 1.158750 0.013896 
1.718056 450 1.011250 0.093012 1.158750 0.013896 
1.818723 450 1.011250 0.094023 1.158750 0.013896 
1.919458 450 1.011250 0.094023 1.158750 0.013896 
2.020213 450 1.011250 0.088968 1.158750 0.015054 
2.120933 450 1.011250 0.088968 1.158750 0.015054 
2.221651 450 1.011250 0.088968 1.158750 0.015054 
2.322370 450 1.011250 0.075825 1.158750 0.013896 
2.423078 450 1.011250 0.075825 1.158750 0.013896 
2.523810 450 1.011250 0.076836 1.158750 0.015054 
2.624491 450 1.011250 0.076836 1.158750 0.015054 
2.725213 450 1.011250 0.076836 1.158750 0.015054 
2.825934 450 1.011250 0.078858 1.158750 0.015054 
2.926653 450 1.011250 0.078858 1.158750 0.015054 
3.027403 450 1.011250 0.078858 1.158750 0.015054 
3.128120 450 1.011250 0.075825 1.158750 0.013896 
3.228839 450 1.011250 0.075825 1.158750 0.013896 
3.329555 450 1.011250 0.074814 1.158750 0.013896 
3.430345 450 1.011250 0.074814 1.158750 0.013896 
3.531062 450 1.011250 0.074814 1.158750 0.013896 
3.631772 450 1.011250 0.075825 1.158750 0.013896 
3.732486 450 1.011250 0.075825 1.158750 0.013896 
3.833186 450 1.011250 0.075825 1.158750 0.015054 
3.933900 450 1.011250 0.075825 1.158750 0.015054 
4.034618 450 1.011250 0.075825 1.158750 0.015054 
4.135404 450 1.011250 0.075825 1.158750 0.015054 
4.236107 450 1.011250 0.075825 1.158750 0.015054 
4.336818 450 1.011250 0.075825 1.158750 0.015054 
4.437535 450 1.011250 0.075825 1.158750 0.013896 
4.538253 450 1.011250 0.075825 1.158750 0.013896 
4.638963 450 1.011250 0.074814 1.158750 0.015054 
4.739679 450 1.011250 0.074814 1.158750 0.015054 
4.840461 450 1.011250 0.074814 1.158750 0.015054 
4.941177 450 1.011250 0.075825 1.158750 0.015054 
5.041891 450 1.011250 0.075825 1.158750 0.015054 
5.142607 450 1.011250 0.075825 1.158750 0.015054 
5.243324 450 1.011250 0.074814 1.158750 0.013896 
5.344045 450 1.011250 0.074814 1.158750 0.013896 
5.444756 450 1.011250 0.075825 1.158750 0.013896 
5.545531 450 1.011250 0.075825 1.158750 0.013896 
5.646247 450 1.011250 0.075825 1.158750 0.013896 
5.746964 450 1.011250 0.075825 1.158750 0.015054 
5.847676 450 1.011250 0.075825 1.158750 0.015054 
5.948383 450 1.011250 0.075825 1.158750 0.015054 
6.049093 450 1.011250 0.075825 1.158750 0.015054 
6.149813 450 1.011250 0.075825 1.158750 0.015054 
6.250589 450 1.011250 0.074814 1.158750 0.013896 
6.351309 450 1.011250 0.074814 1.158750 0.013896 
6.452028 450 1.011250 0.074814 1.158750 0.013896 
6.552753 450 1.011250 0.075825 1.158750 0.013896 
6.653478 450 1.011250 0.075825 1.158750 0.013896 
6.754198 450 1.011250 0.075825 1.158750 0.013896 
6.854901 450 1.011250 0.075825 1.158750 0.013896 
6.955679 450 1.011250 0.075825 1.158750 0.013896 
7.056394 450 1.011250 0.075825 1.158750 0.015054 
7.157119 450 1.011250 0.075825 1.158750 0.015054 
7.257836 450 1.011250 0.075825 1.158750 0.015054 
7.358560 450 1.011250 0.074814 1.158750 0.013896 
7.459276 450 1.011250 0.074814 1.158750 0.013896 
7.560031 450 1.011250 0.075825 1.158750 0.013896 
7.660813 450 1.011250 0.075825 1.158750 0.013896 
7.761532 450 1.011250 0.075825 1.158750 0.013896 
7.862260 450 1.011250 0.075825 1.158750 0.013896 
7.962979 450 1.011250 0.075825 1.158750 0.013896 
8.063691 450 1.011250 0.075825 1.158750 0.013896 
8.164421 450 1.011250 0.075825 1.158750 0.013896 
8.265365 450 1.011250 0.075825 1.158750 0.013896 
8.366089 450 1.011250 0.075825 1.158750 0.013896 
8.466818 450 1.011250 0.075825 1.158750 0.013896 
8.567557 450 1.011250 0.075825 1.158750 0.013896 
8.668269 450 1.011250 0.075825 1.158750 0.013896 
8.769003 450 1.011250 0.075825 1.158750 0.013896 
8.869730 450 1.011250 0.077847 1.158750 0.015054 
8.970526 450 1.011250 0.077847 1.158750 0.015054 
9.071253 450 1.011250 0.077847 1.158750 0.015054 
9.171984 450 1.011250 0.075825 1.158750 0.015054 
9.272709 450 1.011250 0.075825 1.158750 0.015054 
9.373442 450 1.011250 0.078858 1.158750 0.015054 
9.474174 450 1.011250 0.078858 1.158750 0.015054 
9.574908 450 1.011250 0.078858 1.158750 0.015054 
9.675713 450 1.011250 0.075825 1.158750 0.013896 
9.776441 450 1.011250 0.075825 1.158750 0.013896 
9.877160 450 1.011250 0.075825 1.158750 0.013896 
9.977884 450 1.011250 0.075825 1.158750 0.015054 
10.078606 450 1.011250 0.075825 1.158750 0.015054 
10.179346 450 1.011250 0.075825 1.158750 0.013896 
10.280066 450 1.011250 0.075825 1.158750 0.013896 
10.380850 450 1.011250 0.075825 1.158750 0.013896 
10.481574 450 1.011250 0.076836 1.158750 0.015054 
10.582298 450 1.011250 0.076836 1.158750 0.015054 
10.683031 450 1.011250 0.076836 1.158750 0.015054 
10.783754 450 1.011250 0.075825 1.158750 0.015054 
10.884470 450 1.011250 0.075825 1.158750 0.015054 
10.985210 450 1.011250 0.075825 1.158750 0.015054 
11.085931 450 1.011250 0.075825 1.158750 0.015054 
11.186653 450 1.011250 0.075825 1.158750 0.015054 
11.290243 450 1.011250 0.075825 1.158750 0.013896 
11.390971 450 1.011250 0.075825 1.158750 0.013896 
11.491701 450 1.011250 0.080880 1.158750 0.015054 
11.592416 450 1.011250 0.080880 1.158750 0.015054 
11.693144 450 1.011250 0.080880 1.158750 0.015054 
11.793870 450 1.011250 0.080880 1.158750 0.013896 
11.894598 450 1.011250 0.080880 1.158750 0.013896 
11.995536 450 1.011250 0.080880 1.158750 0.013896 
12.096259 450 1.011250 0.075825 1.158750 0.015054 
12.196980 450 1.011250 0.075825 1.158750 0.015054 
12.297714 450 1.011250 0.075825 1.158750 0.013896 
12.398440 450 1.011250 0.075825 1.158750 0.013896 
12.499164 450 1.011250 0.075825 1.158750 0.013896 
12.599901 450 1.011250 0.076836 1.158750 0.013896 
12.700690 450 1.011250 0.076836 1.158750 0.013896 
12.801418 450 1.011250 0.076836 1.158750 0.013896 
12.902139 450 1.011250 0.075825 1.158750 0.013896 
13.002860 450 1.011250 0.075825 1.158750 0.013896 
13.103588 450 1.011250 0.075825 1.158750 0.015054 
13.204324 450 1.011250 0.075825 1.158750 0.015054 
13.305052 450 1.011250 0.075825 1.158750 0.015054 
13.405841 450 1.011250 0.075825 1.158750 0.013896 
13.506565 450 1.011250 0.075825 1.158750 0.013896 
13.607279 450 1.011250 0.074814 1.158750 0.013896 
13.708011 450 1.011250 0.074814 1.158750 0.013896 
13.808745 450 1.011250 0.074814 1.158750 0.013896 
13.909476 450 1.011250 0.075825 1.158750 0.015054 
14.010216 450 1.011250 0.075825 1.158750 0.015054 
14.110951 450 1.011250 0.075825 1.158750 0.015054 
14.211683 450 1.011250 0.075825 1.158750 0.013896 
14.312428 450 1.011250 0.075825 1.158750 0.013896 
14.413154 450 1.011250 0.075825 1.158750 0.015054 
14.513877 450 1.011250 0.075825 1.158750 0.015054 
14.614599 450 1.011250 0.075825 1.158750 0.015054 
14.715400 450 1.011250 0.074814 1.158750 0.013896 
14.816132 450 1.011250 0.074814 1.158750 0.013896 
14.916851 450 1.011250 0.075825 1.158750 0.013896 
15.017576 450 1.011250 0.075825 1.158750 0.013896 
15.118304 450 1.011250 0.075825 1.158750 0.013896 
15.219029 450 1.011250 0.075825 1.158750 0.015054 
15.319764 450 1.011250 0.075825 1.158750 0.015054 
15.420553 450 1.011250 0.075825 1.158750 0.015054 
15.521290 450 1.011250 0.075825 1.158750 0.013896 
15.622010 450 1.011250 0.075825 1.158750 0.013896 
15.722740 450 1.011250 0.075825 1.158750 0.013896 
15.823476 450 1.011250 0.075825 1.158750 0.013896 
15.924210 450 1.011250 0.075825 1.158750 0.013896 
16.024947 450 1.011250 0.076836 1.158750 0.015054 
16.125753 450 1.011250 0.076836 1.158750 0.015054 
16.226483 450 1.011250 0.076836 1.158750 0.015054 
16.327216 450 1.011250 0.075825 1.158750 0.015054 
16.428083 450 1.011250 0.075825 1.158750 0.015054 
16.528826 450 1.011250 0.075825 1.158750 0.013896 
16.629581 450 1.011250 0.075825 1.158750 0.013896 
16.730413 450 1.011250 0.075825 1.158750 0.013896 
16.831147 450 1.011250 0.075825 1.158750 0.015054 
16.931879 450 1.011250 0.075825 1.158750 0.015054 
17.032601 450 1.011250 0.075825 1.158750 0.013896 
17.133327 450 1.011250 0.075825 1.158750 0.013896 
17.234062 450 1.011250 0.075825 1.158750 0.013896 
17.334795 450 1.011250 0.075825 1.158750 0.013896 
17.435583 450 1.011250 0.075825 1.158750 0.013896 
17.536309 450 1.011250 0.075825 1.158750 0.013896 
17.637039 450 1.011250 0.080880 1.158750 0.013896 
17.737770 450 1.011250 0.080880 1.158750 0.013896 
17.838497 450 1.011250 0.075825 1.158750 0.013896 
17.939218 450 1.011250 0.075825 1.158750 0.013896 
18.039950 450 1.011250 0.075825 1.158750 0.013896 
18.140891 450 1.011250 0.076836 1.158750 0.015054 
18.241623 450 1.011250 0.076836 1.158750 0.015054 
18.342346 450 1.011250 0.076836 1.158750 0.015054 
18.443061 450 1.011250 0.076836 1.158750 0.013896 
18.543796 450 1.011250 0.076836 1.158750 0.013896 
18.644526 450 1.011250 0.076836 1.158750 0.015054 
18.745323 450 1.011250 0.076836 1.158750 0.015054 
18.846072 450 1.011250 0.076836 1.158750 0.015054 
18.946789 450 1.011250 0.075825 1.158750 0.013896 
19.047511 450 1.011250 0.075825 1.158750 0.013896 
19.148234 450 1.011250 0.074814 1.158750 0.013896 
19.248960 450 1.011250 0.074814 1.158750 0.013896 
19.349697 450 1.011250 0.074814 1.158750 0.013896 
19.450472 450 1.011250 0.077847 1.158750 0.013896 
19.551217 450 1.011250 0.077847 1.158750 0.013896 
19.651951 450 1.011250 0.077847 1.158750 0.013896 
19.752687 450 1.011250 0.077847 1.158750 0.013896 
19.853419 450 1.011250 0.077847 1.158750 0.013896 
19.954151 450 1.011250 0.078858 1.158750 0.015054 
20.054886 450 1.011250 0.078858 1.158750 0.015054 
20.155685 450 1.011250 0.078858 1.158750 0.015054 
20.256412 450 1.011250 0.075825 1.158750 0.013896 
20.357134 450 1.011250 0.075825 1.158750 0.013896 
20.457856 450 1.011250 0.075825 1.158750 0.013896 
20.558587 450 1.011250 0.075825 1.158750 0.013896 
20.659320 450 1.011250 0.075825 1.158750 0.013896 
20.760050 450 1.011250 0.075825 1.158750 0.013896 
20.860973 450 1.011250 0.075825 1.158750 0.013896 
20.961708 450 1.011250 0.075825 1.158750 0.013896 
21.062464 450 1.011250 0.075825 1.158750 0.015054 
21.163191 450 1.011250 0.075825 1.158750 0.015054 
21.263919 450 1.011250 0.076836 1.158750 0.013896 
21.364633 450 1.011250 0.076836 1.158750 0.013896 
21.465415 450 1.011250 0.076836 1.158750 0.013896 
21.566148 450 1.011250 0.075825 1.158750 0.013896 
21.666880 450 1.011250 0.075825 1.158750 0.013896 
21.767604 450 1.011250 0.075825 1.158750 0.013896 
21.868328 450 1.011250 0.076836 1.158750 0.013896 
21.969067 450 1.011250 0.076836 1.158750 0.013896 
22.069801 450 1.011250 0.076836 1.158750 0.013896 
22.170589 450 1.011250 0.076836 1.158750 0.013896 
22.271315 450 1.011250 0.076836 1.158750 0.013896 
22.372039 450 1.011250 0.075825 1.158750 0.015054 
22.472769 450 1.011250 0.075825 1.158750 0.015054 
22.573496 450 1.011250 0.075825 1.158750 0.013896 
22.674229 450 1.011250 0.075825 1.158750 0.013896 
22.774965 450 1.011250 0.075825 1.158750 0.013896 
22.875768 450 1.011250 0.075825 1.158750 0.013896 
22.976486 450 1.011250 0.075825 1.158750 0.013896 
23.077246 450 1.011250 0.075825 1.158750 0.013896 
23.177950 450 1.011250 0.075825 1.158750 0.013896 
23.278678 450 1.011250 0.075825 1.158750 0.013896 
23.379417 450 1.011250 0.075825 1.158750 0.015054 
23.480193 450 1.011250 0.075825 1.158750 0.015054 
23.580919 450 1.011250 0.075825 1.158750 0.015054 
23.681651 450 1.011250 0.075825 1.158750 0.015054 
23.782383 450 1.011250 0.075825 1.158750 0.015054 
23.883109 450 1.011250 0.075825 1.158750 0.015054 
23.983838 450 1.011250 0.075825 1.158750 0.013896 
24.084575 450 1.011250 0.075825 1.158750 0.013896 
24.185358 450 1.011250 0.075825 1.158750 0.013896 
24.286090 450 1.011250 0.075825 1.158750 0.013896 
24.386818 450 1.011250 0.075825 1.158750 0.013896 
24.487677 450 1.011250 0.075825 1.158750 0.013896 
24.588388 450 1.011250 0.075825 1.158750 0.013896 
24.689114 450 1.011250 0.075825 1.158750 0.013896 
24.789844 450 1.011250 0.075825 1.158750 0.013896 
24.890635 450 1.011250 0.075825 1.158750 0.013896 
24.991370 450 1.011250 0.075825 1.158750 0.013896 
25.092105 450 1.011250 0.075825 1.158750 0.013896 
25.192835 450 1.011250 0.075825 1.158750 0.013896 
25.293568 450 1.011250 0.075825 1.158750 0.015054 
25.394296 450 1.011250 0.075825 1.158750 0.015054 
25.495034 450 1.011250 0.075825 1.158750 0.015054 
25.595816 450 1.011250 0.075825 1.158750 0.015054 
25.696544 450 1.011250 0.075825 1.158750 0.015054 
25.797281 450 1.011250 0.078858 1.158750 0.013896 
25.898011 450 1.011250 0.078858 1.158750 0.013896 
25.998740 450 1.011250 0.075825 1.158750 0.015054 
26.099478 450 1.011250 0.075825 1.158750 0.015054 
26.200215 450 1.011250 0.075825 1.158750 0.015054 
26.300953 450 1.011250 0.075825 1.158750 0.015054 
26.401686 450 1.011250 0.075825 1.158750 0.015054 
26.502424 450 1.011250 0.075825 1.158750 0.015054 
26.603166 450 1.011250 0.075825 1.158750 0.015054 
26.703906 450 1.011250 0.075825 1.158750 0.015054 
26.804642 450 1.011250 0.076836 1.158750 0.013896 
26.905437 450 1.011250 0.076836 1.158750 0.013896 
27.006166 450 1.011250 0.076836 1.158750 0.013896 
27.106892 450 1.011250 0.075825 1.158750 0.013896 
27.207623 450 1.011250 0.075825 1.158750 0.013896 
27.308361 450 1.011250 0.075825 1.158750 0.013896 
27.409106 450 1.011250 0.076836 1.158750 0.015054 
27.515238 450 1.011250 0.076836 1.158750 0.015054 
27.616032 450 1.011250 0.076836 1.158750 0.015054 
27.716780 450 1.011250 0.076836 1.158750 0.015054 
27.817802 450 1.011250 0.076836 1.158750 0.015054 
27.918592 450 1.011250 0.081891 1.158750 0.013896 
28.019337 450 1.011250 0.081891 1.158750 0.013896 
28.120082 450 1.011250 0.075825 1.158750 0.013896 
28.220872 450 1.011250 0.075825 1.158750 0.013896 
28.321619 450 1.011250 0.075825 1.158750 0.013896 
28.422352 450 1.011250 0.075825 1.158750 0.013896 
28.523093 450 1.011250 0.075825 1.158750 0.013896 
28.623830 450 1.011250 0.075825 1.158750 0.013896 
28.724574 450 1.011250 0.075825 1.158750 0.015054 
28.825381 450 1.011250 0.075825 1.158750 0.015054 
28.926118 450 1.011250 0.076836 1.158750 0.015054 
29.026857 450 1.011250 0.076836 1.158750 0.015054 
29.127599 450 1.011250 0.076836 1.158750 0.015054 
29.228341 450 1.011250 0.075825 1.158750 0.015054 
29.330237 450 1.011250 0.075825 1.158750 0.015054 
29.430964 450 1.011250 0.075825 1.158750 0.015054 
29.531704 450 1.011250 0.075825 1.158750 0.015054 
29.632473 450 1.011250 0.075825 1.158750 0.015054 
29.733217 450 1.011250 0.076836 1.158750 0.013896 
29.833961 450 1.011250 0.076836 1.158750 0.013896 
29.934710 450 1.011250 0.076836 1.158750 0.013896 
30.035514 450 1.011250 0.075825 1.158750 0.015054 
30.136252 450 1.011250 0.075825 1.158750 0.015054 
30.236989 450 1.011250 0.075825 1.158750 0.013896 
30.337732 450 1.011250 0.075825 1.158750 0.013896 
30.438475 450 1.011250 0.075825 1.158750 0.013896 
30.539225 450 1.011250 0.075825 1.158750 0.013896 
30.639963 450 1.011250 0.075825 1.158750 0.013896 
30.740765 450 1.011250 0.075825 1.158750 0.013896 
30.841506 450 1.011250 0.075825 1.158750 0.013896 
30.942251 450 1.011250 0.075825 1.158750 0.013896 
31.042993 450 1.011250 0.075825 1.158750 0.015054 
31.143727 450 1.011250 0.075825 1.158750 0.015054 
31.244440 450 1.011250 0.075825 1.158750 0.015054 
31.345206 450 1.011250 0.075825 1.158750 0.015054 
31.445958 450 1.011250 0.075825 1.158750 0.015054 
31.546701 450 1.011250 0.075825 1.158750 0.015054 
31.647443 450 1.011250 0.075825 1.158750 0.015054 
31.748193 450 1.011250 0.075825 1.158750 0.015054 
31.848933 450 1.011250 0.075825 1.158750 0.013896 
31.949682 450 1.011250 0.075825 1.158750 0.013896 
32.050486 450 1.011250 0.075825 1.158750 0.013896 
32.151233 450 1.011250 0.075825 1.158750 0.015054 
32.251973 450 1.011250 0.075825 1.158750 0.015054 
32.352718 450 1.011250 0.075825 1.158750 0.013896 
32.453464 450 1.011250 0.075825 1.158750 0.013896 
32.554211 450 1.011250 0.075825 1.158750 0.013896 
32.655086 450 1.011250 0.075825 1.158750 0.013896 
32.755873 450 1.011250 0.075825 1.158750 0.013896 
32.856604 450 1.011250 0.075825 1.158750 0.013896 
32.957343 450 1.011250 0.075825 1.158750 0.013896 
33.058091 450 1.011250 0.075825 1.158750 0.013896 
33.158834 450 1.011250 0.075825 1.158750 0.013896 
33.259589 450 1.011250 0.075825 1.158750 0.013896 
33.360402 450 1.011250 0.075825 1.158750 0.013896 
33.461143 450 1.011250 0.076836 1.158750 0.013896 
33.561894 450 1.011250 0.076836 1.158750 0.013896 
33.662647 450 1.011250 0.076836 1.158750 0.013896 
33.763392 450 1.011250 0.076836 1.158750 0.013896 
33.864139 450 1.011250 0.076836 1.158750 0.013896 
33.964879 450 1.011250 0.078858 1.158750 0.013896 
34.065687 450 1.011250 0.078858 1.158750 0.013896 
34.166432 450 1.011250 0.078858 1.158750 0.013896 
34.267172 450 1.011250 0.075825 1.158750 0.013896 
34.367917 450 1.011250 0.075825 1.158750 0.013896 
34.468656 450 1.011250 0.076836 1.158750 0.013896 
34.569403 450 1.011250 0.076836 1.158750 0.013896 
34.670185 450 1.011250 0.076836 1.158750 0.013896 
