0.000236 1100 1.200000 0.018000 0.990000 0.744480 
0.100781 1100 1.200000 0.018000 0.990000 0.744480 
0.201281 1100 1.200000 0.018000 0.990000 0.744480 
0.301772 1100 1.200000 0.018000 0.990000 0.763290 
0.402263 1100 1.200000 0.018000 0.990000 0.763290 
0.502786 1100 1.200000 0.018000 0.990000 0.763290 
0.603276 1100 1.200000 0.018000 0.990000 0.763290 
0.703796 1100 1.200000 0.018000 0.990000 0.763290 
0.808527 1100 1.200000 0.018000 0.990000 0.783090 
0.909095 1100 1.200000 0.018000 0.990000 0.783090 
1.009667 1100 1.200000 0.018000 0.990000 0.780120 
1.110206 1100 1.200000 0.018000 0.990000 0.780120 
1.210717 1100 1.200000 0.018000 0.990000 0.780120 
1.311209 1100 1.200000 0.018000 0.990000 0.779130 
1.411703 1100 1.200000 0.018000 0.990000 0.779130 
1.512209 1100 1.200000 0.018000 0.990000 0.779130 
1.612723 1100 1.200000 0.018000 0.990000 0.846450 
1.713224 1100 1.200000 0.018000 0.990000 0.846450 
1.813749 1100 1.200000 0.018000 0.990000 0.809820 
1.914227 1100 1.200000 0.018000 0.990000 0.809820 
2.014716 1100 1.200000 0.018000 0.990000 0.809820 
2.115197 1100 1.200000 0.018000 0.990000 0.850410 
2.215702 1100 1.200000 0.018000 0.990000 0.850410 
2.316178 1100 1.200000 0.018000 0.990000 0.850410 
2.416693 1100 1.200000 0.018000 0.990000 0.856350 
2.517198 1100 1.200000 0.018000 0.990000 0.856350 
2.617682 1100 1.200000 0.018000 0.990000 0.854370 
2.718173 1100 1.200000 0.018000 0.990000 0.854370 
2.818763 1100 1.200000 0.018000 0.990000 0.854370 
2.919320 1100 1.200000 0.018000 0.990000 0.851400 
3.019843 1100 1.200000 0.018000 0.990000 0.851400 
3.120335 1100 1.200000 0.018000 0.990000 0.813780 
3.220835 1100 1.200000 0.018000 0.990000 0.813780 
3.321314 1100 1.200000 0.018000 0.990000 0.813780 
3.421789 1100 1.200000 0.018000 0.990000 0.855360 
3.522282 1100 1.200000 0.018000 0.990000 0.855360 
3.622764 1100 1.200000 0.018000 0.990000 0.855360 
3.723249 1100 1.200000 0.018000 0.990000 0.853380 
3.823763 1100 1.200000 0.018000 0.990000 0.853380 
3.924241 1100 1.200000 0.018000 0.990000 0.853380 
4.024719 1100 1.200000 0.018000 0.990000 0.853380 
4.125189 1100 1.200000 0.018000 0.990000 0.853380 
4.225677 1100 1.200000 0.018000 0.990000 0.856350 
4.326160 1100 1.200000 0.018000 0.990000 0.856350 
4.426630 1100 1.200000 0.018000 0.990000 0.856350 
4.527098 1100 1.200000 0.018000 0.990000 0.855360 
4.627566 1100 1.200000 0.018000 0.990000 0.855360 
4.728046 1100 1.200000 0.018000 0.990000 0.855360 
4.828500 1100 1.200000 0.018000 0.990000 0.855360 
4.928970 1100 1.200000 0.018000 0.990000 0.855360 
5.029462 1100 1.200000 0.018000 0.990000 0.857340 
5.129941 1100 1.200000 0.018000 0.990000 0.857340 
5.230430 1100 1.200000 0.018000 0.990000 0.856350 
5.330926 1100 1.200000 0.018000 0.990000 0.856350 
5.431414 1100 1.200000 0.018000 0.990000 0.856350 
5.531887 1100 1.200000 0.018000 0.990000 0.852390 
5.632358 1100 1.200000 0.018000 0.990000 0.852390 
5.732828 1100 1.200000 0.018000 0.990000 0.852390 
5.833296 1100 1.200000 0.018000 0.990000 0.856350 
5.933799 1100 1.200000 0.018000 0.990000 0.856350 
6.034268 1100 1.200000 0.018000 0.990000 0.857340 
6.134738 1100 1.200000 0.018000 0.990000 0.857340 
6.235231 1100 1.200000 0.018000 0.990000 0.857340 
6.335718 1100 1.200000 0.018000 0.990000 0.853380 
6.436203 1100 1.200000 0.018000 0.990000 0.853380 
6.536676 1100 1.200000 0.018000 0.990000 0.853380 
6.637149 1100 1.200000 0.018000 0.990000 0.856350 
6.737627 1100 1.200000 0.018000 0.990000 0.856350 
6.838104 1100 1.200000 0.018000 0.990000 0.859320 
6.938621 1100 1.200000 0.018000 0.990000 0.859320 
7.039089 1100 1.200000 0.018000 0.990000 0.859320 
7.139581 1100 1.200000 0.018000 0.990000 0.857340 
7.240070 1100 1.200000 0.018000 0.990000 0.857340 
7.340548 1100 1.200000 0.018000 0.990000 0.853380 
7.441038 1100 1.200000 0.018000 0.990000 0.853380 
7.541520 1100 1.200000 0.018000 0.990000 0.853380 
7.641992 1100 1.200000 0.018000 0.990000 0.859320 
7.742479 1100 1.200000 0.018000 0.990000 0.859320 
7.842955 1100 1.200000 0.018000 0.990000 0.859320 
7.943440 1100 1.200000 0.018000 0.990000 0.855360 
8.043945 1100 1.200000 0.018000 0.990000 0.855360 
8.144517 1100 1.200000 0.018000 0.990000 0.850410 
8.245022 1100 1.200000 0.018000 0.990000 0.850410 
8.345513 1100 1.200000 0.018000 0.990000 0.850410 
8.445998 1100 1.200000 0.018000 0.990000 0.850410 
8.546471 1100 1.200000 0.018000 0.990000 0.850410 
8.646942 1100 1.200000 0.018000 0.990000 0.850410 
8.747426 1100 1.200000 0.018000 0.990000 0.854370 
8.847900 1100 1.200000 0.018000 0.990000 0.854370 
8.948368 1100 1.200000 0.018000 0.990000 0.859320 
9.048925 1100 1.200000 0.018000 0.990000 0.859320 
9.149403 1100 1.200000 0.018000 0.990000 0.859320 
9.249963 1100 1.200000 0.018000 0.990000 0.854370 
9.350481 1100 1.200000 0.018000 0.990000 0.854370 
9.450974 1100 1.200000 0.018000 0.990000 0.823680 
9.551453 1100 1.200000 0.018000 0.990000 0.823680 
9.651930 1100 1.200000 0.018000 0.990000 0.823680 
9.752403 1100 1.200000 0.018000 0.990000 0.857340 
9.852880 1100 1.200000 0.018000 0.990000 0.857340 
9.953386 1100 1.200000 0.018000 0.990000 0.857340 
10.053941 1100 1.200000 0.018000 0.990000 0.856350 
