0.000213 1300 1.200000 0.018000 1.051250 1.159253 
0.100692 1300 1.200000 0.018000 1.051250 0.986889 
0.201132 1300 1.200000 0.018000 1.051250 0.986889 
0.301534 1300 1.200000 0.018000 1.051250 0.986889 
0.401999 1300 1.200000 0.018000 1.050000 1.013250 
0.502443 1300 1.200000 0.018000 1.050000 1.013250 
0.602882 1300 1.200000 0.018000 1.051250 1.002654 
0.703341 1300 1.200000 0.018000 1.051250 1.002654 
0.803915 1300 1.200000 0.018000 1.051250 1.002654 
0.904428 1300 1.200000 0.018000 1.051250 0.996348 
1.004934 1300 1.200000 0.018000 1.051250 0.996348 
1.105384 1300 1.200000 0.018000 1.051250 0.996348 
1.205821 1300 1.200000 0.018000 1.051250 1.136131 
1.306250 1300 1.200000 0.018000 1.051250 1.136131 
1.406697 1300 1.200000 0.018000 1.051250 1.146641 
1.507110 1300 1.200000 0.018000 1.051250 1.146641 
1.607565 1300 1.200000 0.018000 1.051250 1.146641 
1.708005 1300 1.200000 0.018000 1.051250 1.150845 
1.808458 1300 1.200000 0.018000 1.051250 1.150845 
1.908952 1300 1.200000 0.018000 1.051250 1.150845 
2.009386 1300 1.200000 0.018000 1.051250 1.152947 
2.109813 1300 1.200000 0.018000 1.051250 1.152947 
2.210233 1300 1.200000 0.018000 1.051250 1.150845 
2.310659 1300 1.200000 0.018000 1.051250 1.150845 
2.411095 1300 1.200000 0.018000 1.051250 1.150845 
2.511535 1300 1.200000 0.018000 1.051250 1.156100 
2.611961 1300 1.200000 0.018000 1.051250 1.156100 
2.712843 1300 1.200000 0.018000 1.051250 1.156100 
2.813268 1300 1.200000 0.018000 1.051250 1.156100 
2.913722 1300 1.200000 0.018000 1.051250 1.156100 
3.014248 1300 1.200000 0.018000 1.051250 1.155049 
3.114698 1300 1.200000 0.018000 1.051250 1.155049 
3.215131 1300 1.200000 0.018000 1.051250 1.155049 
3.315588 1300 1.200000 0.018000 1.051250 1.104601 
3.416050 1300 1.200000 0.018000 1.051250 1.104601 
3.516491 1300 1.200000 0.018000 1.051250 1.146641 
3.616918 1300 1.200000 0.018000 1.051250 1.146641 
3.717339 1300 1.200000 0.018000 1.051250 1.146641 
3.817768 1300 1.200000 0.018000 1.051250 1.155049 
3.918208 1300 1.200000 0.018000 1.051250 1.155049 
4.018634 1300 1.200000 0.018000 1.051250 1.155049 
4.119085 1300 1.200000 0.018000 1.051250 1.152947 
4.219505 1300 1.200000 0.018000 1.051250 1.152947 
4.319935 1300 1.200000 0.018000 1.051250 1.156100 
4.420388 1300 1.200000 0.018000 1.051250 1.156100 
4.520830 1300 1.200000 0.018000 1.051250 1.156100 
4.621262 1300 1.200000 0.018000 1.051250 1.152947 
4.721693 1300 1.200000 0.018000 1.051250 1.152947 
4.822143 1300 1.200000 0.018000 1.051250 1.152947 
4.922573 1300 1.200000 0.018000 1.051250 1.156100 
5.023000 1300 1.200000 0.018000 1.051250 1.156100 
5.123417 1300 1.200000 0.018000 1.051250 1.142437 
5.223878 1300 1.200000 0.018000 1.051250 1.142437 
5.324300 1300 1.200000 0.018000 1.051250 1.142437 
5.424760 1300 1.200000 0.018000 1.051250 1.157151 
5.525198 1300 1.200000 0.018000 1.051250 1.157151 
5.625641 1300 1.200000 0.018000 1.051250 1.148743 
5.726082 1300 1.200000 0.018000 1.051250 1.148743 
5.826506 1300 1.200000 0.018000 1.051250 1.148743 
5.926942 1300 1.200000 0.018000 1.051250 1.157151 
6.027371 1300 1.200000 0.018000 1.051250 1.157151 
6.127803 1300 1.200000 0.018000 1.051250 1.157151 
6.228231 1300 1.200000 0.018000 1.051250 1.152947 
6.328672 1300 1.200000 0.018000 1.051250 1.152947 
6.429157 1300 1.200000 0.018000 1.051250 1.156100 
6.529591 1300 1.200000 0.018000 1.051250 1.156100 
6.630019 1300 1.200000 0.018000 1.051250 1.156100 
6.730440 1300 1.200000 0.018000 1.051250 1.156100 
6.830866 1300 1.200000 0.018000 1.051250 1.156100 
6.931313 1300 1.200000 0.018000 1.051250 1.156100 
7.031741 1300 1.200000 0.018000 1.051250 1.151896 
7.132167 1300 1.200000 0.018000 1.051250 1.151896 
7.232590 1300 1.200000 0.018000 1.051250 1.158202 
7.333018 1300 1.200000 0.018000 1.051250 1.158202 
7.433462 1300 1.200000 0.018000 1.051250 1.158202 
7.533920 1300 1.200000 0.018000 1.051250 1.152947 
7.634363 1300 1.200000 0.018000 1.051250 1.152947 
7.734793 1300 1.200000 0.018000 1.051250 1.142437 
7.835217 1300 1.200000 0.018000 1.051250 1.142437 
7.935640 1300 1.200000 0.018000 1.051250 1.142437 
8.036064 1300 1.200000 0.018000 1.051250 1.157151 
8.136583 1300 1.200000 0.018000 1.051250 1.157151 
8.237030 1300 1.200000 0.018000 1.051250 1.157151 
8.337486 1300 1.200000 0.018000 1.051250 1.138233 
8.437975 1300 1.200000 0.018000 1.051250 1.138233 
