0.000196 1400 1.200000 0.018000 1.090000 1.294920 
0.100646 1400 1.200000 0.018000 1.090000 1.294920 
0.201068 1400 1.200000 0.018000 1.088750 1.136960 
0.301486 1400 1.200000 0.018000 1.088750 1.136960 
0.401905 1400 1.200000 0.018000 1.088750 1.136960 
0.502323 1400 1.200000 0.018000 1.088750 1.169600 
0.602777 1400 1.200000 0.018000 1.088750 1.169600 
0.703577 1400 1.200000 0.018000 1.088750 1.175040 
0.804051 1400 1.200000 0.018000 1.088750 1.175040 
0.904509 1400 1.200000 0.018000 1.088750 1.175040 
1.004994 1400 1.200000 0.018000 1.090000 1.263310 
1.105462 1400 1.200000 0.018000 1.090000 1.263310 
1.205895 1400 1.200000 0.018000 1.090000 1.263310 
1.306326 1400 1.200000 0.018000 1.090000 1.321080 
1.406744 1400 1.200000 0.018000 1.090000 1.321080 
1.507147 1400 1.200000 0.018000 1.090000 1.353780 
1.607556 1400 1.200000 0.018000 1.090000 1.353780 
1.707968 1400 1.200000 0.018000 1.090000 1.353780 
1.808392 1400 1.200000 0.018000 1.090000 1.354870 
1.908807 1400 1.200000 0.018000 1.090000 1.354870 
2.009210 1400 1.200000 0.018000 1.090000 1.354870 
2.109617 1400 1.200000 0.018000 1.090000 1.354870 
2.210027 1400 1.200000 0.018000 1.090000 1.354870 
2.310425 1400 1.200000 0.018000 1.090000 1.348330 
2.410829 1400 1.200000 0.018000 1.090000 1.348330 
2.511247 1400 1.200000 0.018000 1.090000 1.348330 
2.611648 1400 1.200000 0.018000 1.090000 1.358140 
2.712060 1400 1.200000 0.018000 1.090000 1.358140 
2.812475 1400 1.200000 0.018000 1.090000 1.358140 
2.912975 1400 1.200000 0.018000 1.090000 1.350510 
3.013454 1400 1.200000 0.018000 1.090000 1.350510 
3.113883 1400 1.200000 0.018000 1.090000 1.313450 
3.214301 1400 1.200000 0.018000 1.090000 1.313450 
3.314718 1400 1.200000 0.018000 1.090000 1.313450 
3.415140 1400 1.200000 0.018000 1.090000 1.341790 
3.515587 1400 1.200000 0.018000 1.090000 1.341790 
3.616010 1400 1.200000 0.018000 1.090000 1.346150 
3.716424 1400 1.200000 0.018000 1.090000 1.346150 
3.816838 1400 1.200000 0.018000 1.090000 1.346150 
3.917264 1400 1.200000 0.018000 1.091250 1.353931 
4.017713 1400 1.200000 0.018000 1.091250 1.353931 
4.118126 1400 1.200000 0.018000 1.091250 1.353931 
4.218535 1400 1.200000 0.018000 1.091250 1.358295 
4.318944 1400 1.200000 0.018000 1.091250 1.358295 
4.419372 1400 1.200000 0.018000 1.091250 1.348476 
4.519781 1400 1.200000 0.018000 1.091250 1.348476 
4.620184 1400 1.200000 0.018000 1.091250 1.348476 
4.720588 1400 1.200000 0.018000 1.091250 1.357204 
4.820994 1400 1.200000 0.018000 1.091250 1.357204 
4.921418 1400 1.200000 0.018000 1.091250 1.357204 
5.021832 1400 1.200000 0.018000 1.090000 1.357050 
5.122266 1400 1.200000 0.018000 1.090000 1.357050 
5.222710 1400 1.200000 0.018000 1.091250 1.357204 
5.323115 1400 1.200000 0.018000 1.091250 1.357204 
5.423523 1400 1.200000 0.018000 1.091250 1.357204 
5.523947 1400 1.200000 0.018000 1.090000 1.357050 
5.624368 1400 1.200000 0.018000 1.090000 1.357050 
5.724796 1400 1.200000 0.018000 1.090000 1.354870 
5.825214 1400 1.200000 0.018000 1.090000 1.354870 
5.925623 1400 1.200000 0.018000 1.090000 1.354870 
6.026031 1400 1.200000 0.018000 1.090000 1.360320 
6.126464 1400 1.200000 0.018000 1.090000 1.360320 
6.226878 1400 1.200000 0.018000 1.090000 1.360320 
6.327286 1400 1.200000 0.018000 1.090000 1.353780 
6.427726 1400 1.200000 0.018000 1.090000 1.353780 
6.528124 1400 1.200000 0.018000 1.090000 1.352690 
6.628527 1400 1.200000 0.018000 1.090000 1.352690 
6.728940 1400 1.200000 0.018000 1.090000 1.352690 
6.829343 1400 1.200000 0.018000 1.090000 1.358140 
6.929773 1400 1.200000 0.018000 1.090000 1.358140 
7.030191 1400 1.200000 0.018000 1.090000 1.358140 
7.130613 1400 1.200000 0.018000 1.090000 1.352690 
