0.000482 350 0.948750 0.065412 1.158750 0.013896 
0.101323 350 0.948750 0.065412 1.158750 0.013896 
0.202094 350 0.948750 0.064464 1.158750 0.015054 
0.302878 350 0.948750 0.064464 1.158750 0.015054 
0.403639 350 0.948750 0.064464 1.158750 0.015054 
0.504440 350 0.948750 0.064464 1.158750 0.015054 
0.605257 350 0.948750 0.064464 1.158750 0.015054 
0.705999 350 0.948750 0.064464 1.158750 0.013896 
0.806747 350 0.948750 0.064464 1.158750 0.013896 
0.907549 350 0.948750 0.064464 1.158750 0.013896 
1.008294 350 0.948750 0.065412 1.158750 0.013896 
1.109021 350 0.948750 0.065412 1.158750 0.013896 
1.209759 350 0.948750 0.065412 1.158750 0.013896 
1.310485 350 0.948750 0.065412 1.158750 0.013896 
1.411218 350 0.948750 0.065412 1.158750 0.013896 
1.511948 350 0.948750 0.065412 1.158750 0.013896 
1.612724 350 0.948750 0.065412 1.158750 0.013896 
1.713456 350 0.948750 0.065412 1.158750 0.013896 
1.814214 350 0.948750 0.064464 1.158750 0.013896 
1.914936 350 0.948750 0.064464 1.158750 0.013896 
2.015672 350 0.948750 0.064464 1.158750 0.013896 
2.116420 350 0.948750 0.064464 1.158750 0.013896 
2.217159 350 0.948750 0.064464 1.158750 0.013896 
2.318012 350 0.948750 0.064464 1.158750 0.013896 
2.418846 350 0.948750 0.064464 1.158750 0.013896 
2.519690 350 0.948750 0.064464 1.158750 0.013896 
2.620554 350 0.948750 0.061620 1.158750 0.013896 
2.721408 350 0.948750 0.061620 1.158750 0.013896 
2.822268 350 0.948750 0.055932 1.158750 0.013896 
2.923110 350 0.948750 0.055932 1.158750 0.013896 
3.023954 350 0.948750 0.055932 1.158750 0.013896 
3.124795 350 0.948750 0.053088 1.158750 0.013896 
3.225639 350 0.948750 0.053088 1.158750 0.013896 
3.326487 350 0.948750 0.053088 1.158750 0.013896 
3.427413 350 0.948750 0.053088 1.158750 0.013896 
3.528263 350 0.948750 0.053088 1.158750 0.013896 
3.629101 350 0.950000 0.053200 1.158750 0.013896 
3.729991 350 0.950000 0.053200 1.158750 0.013896 
3.830843 350 0.950000 0.053200 1.158750 0.013896 
3.931689 350 0.950000 0.052250 1.158750 0.013896 
4.032597 350 0.950000 0.052250 1.158750 0.013896 
4.133410 350 0.950000 0.053200 1.158750 0.013896 
4.234255 350 0.950000 0.053200 1.158750 0.013896 
4.335100 350 0.950000 0.053200 1.158750 0.013896 
4.435947 350 0.948750 0.053088 1.158750 0.013896 
4.536792 350 0.948750 0.053088 1.158750 0.013896 
4.637696 350 0.948750 0.053088 1.158750 0.013896 
4.738547 350 0.948750 0.053088 1.158750 0.013896 
4.839396 350 0.948750 0.053088 1.158750 0.013896 
4.940243 350 0.948750 0.053088 1.158750 0.013896 
5.041097 350 0.948750 0.053088 1.158750 0.013896 
5.141951 350 0.948750 0.053088 1.158750 0.013896 
5.242871 350 0.948750 0.053088 1.158750 0.013896 
5.343721 350 0.948750 0.053088 1.158750 0.013896 
5.444569 350 0.948750 0.053088 1.158750 0.013896 
5.545420 350 0.948750 0.053088 1.158750 0.013896 
5.646268 350 0.948750 0.053088 1.158750 0.013896 
5.747120 350 0.950000 0.052250 1.158750 0.013896 
5.848027 350 0.950000 0.052250 1.158750 0.013896 
5.948841 350 0.950000 0.052250 1.158750 0.013896 
6.050601 350 0.950000 0.053200 1.158750 0.013896 
6.151441 350 0.950000 0.053200 1.158750 0.013896 
6.252277 350 0.948750 0.053088 1.158750 0.013896 
6.353118 350 0.948750 0.053088 1.158750 0.013896 
6.453961 350 0.948750 0.053088 1.158750 0.013896 
6.554799 350 0.948750 0.053088 1.158750 0.015054 
6.655639 350 0.948750 0.053088 1.158750 0.015054 
6.756473 350 0.948750 0.053088 1.158750 0.015054 
6.857383 350 0.948750 0.053088 1.158750 0.013896 
6.958223 350 0.948750 0.053088 1.158750 0.013896 
7.059058 350 0.948750 0.052140 1.158750 0.013896 
7.159901 350 0.948750 0.052140 1.158750 0.013896 
7.260743 350 0.948750 0.052140 1.158750 0.013896 
7.361587 350 0.948750 0.052140 1.158750 0.013896 
7.462498 350 0.948750 0.052140 1.158750 0.013896 
7.563336 350 0.948750 0.053088 1.158750 0.013896 
7.664176 350 0.948750 0.053088 1.158750 0.013896 
7.765003 350 0.948750 0.053088 1.158750 0.013896 
7.865843 350 0.948750 0.053088 1.158750 0.013896 
7.966683 350 0.948750 0.053088 1.158750 0.013896 
8.067594 350 0.948750 0.053088 1.158750 0.013896 
8.168442 350 0.948750 0.053088 1.158750 0.013896 
8.269437 350 0.948750 0.053088 1.158750 0.013896 
8.370272 350 0.948750 0.053088 1.158750 0.013896 
8.471122 350 0.948750 0.053088 1.158750 0.013896 
8.571972 350 0.948750 0.053088 1.158750 0.013896 
8.672891 350 0.948750 0.053088 1.158750 0.013896 
8.773734 350 0.948750 0.053088 1.158750 0.013896 
8.874490 350 0.948750 0.053088 1.158750 0.013896 
8.975338 350 0.948750 0.053088 1.158750 0.013896 
9.076192 350 0.948750 0.053088 1.158750 0.013896 
9.177040 350 0.948750 0.054984 1.158750 0.013896 
9.277952 350 0.948750 0.054984 1.158750 0.013896 
9.378812 350 0.948750 0.054984 1.158750 0.013896 
9.479661 350 0.948750 0.054984 1.158750 0.013896 
9.580507 350 0.948750 0.054984 1.158750 0.013896 
9.681348 350 0.948750 0.053088 1.158750 0.013896 
9.782185 350 0.948750 0.053088 1.158750 0.013896 
9.883258 350 0.948750 0.053088 1.158750 0.013896 
9.984142 350 0.948750 0.053088 1.158750 0.013896 
10.084986 350 0.948750 0.053088 1.158750 0.013896 
10.185838 350 0.948750 0.053088 1.158750 0.013896 
10.286692 350 0.950000 0.053200 1.158750 0.013896 
10.387610 350 0.950000 0.053200 1.158750 0.013896 
10.488469 350 0.948750 0.053088 1.158750 0.015054 
10.589321 350 0.948750 0.053088 1.158750 0.015054 
10.690181 350 0.948750 0.053088 1.158750 0.015054 
10.791027 350 0.948750 0.052140 1.158750 0.013896 
10.891881 350 0.948750 0.052140 1.158750 0.013896 
10.992793 350 0.948750 0.053088 1.158750 0.013896 
11.093643 350 0.948750 0.053088 1.158750 0.013896 
11.194493 350 0.948750 0.053088 1.158750 0.013896 
11.295334 350 0.948750 0.053088 1.158750 0.013896 
11.396207 350 0.948750 0.053088 1.158750 0.013896 
11.497069 350 0.948750 0.053088 1.158750 0.013896 
11.597978 350 0.948750 0.057828 1.158750 0.013896 
11.698835 350 0.948750 0.057828 1.158750 0.013896 
11.799722 350 0.948750 0.053088 1.158750 0.013896 
11.900571 350 0.948750 0.053088 1.158750 0.013896 
12.001430 350 0.948750 0.053088 1.158750 0.013896 
12.102283 350 0.948750 0.053088 1.158750 0.013896 
12.203136 350 0.948750 0.053088 1.158750 0.013896 
12.303996 350 0.948750 0.053088 1.158750 0.013896 
12.404852 350 0.948750 0.052140 1.158750 0.013896 
12.505709 350 0.948750 0.052140 1.158750 0.013896 
12.606560 350 0.948750 0.053088 1.158750 0.013896 
12.707492 350 0.948750 0.053088 1.158750 0.013896 
12.808344 350 0.948750 0.053088 1.158750 0.013896 
12.909201 350 0.948750 0.053088 1.158750 0.013896 
13.010061 350 0.948750 0.053088 1.158750 0.013896 
13.110903 350 0.948750 0.053088 1.158750 0.013896 
13.211739 350 0.948750 0.053088 1.158750 0.013896 
13.312659 350 0.948750 0.053088 1.158750 0.013896 
13.413520 350 0.948750 0.053088 1.158750 0.013896 
13.514376 350 0.948750 0.053088 1.158750 0.013896 
13.615231 350 0.948750 0.053088 1.158750 0.013896 
13.716105 350 0.948750 0.052140 1.158750 0.013896 
13.816960 350 0.948750 0.052140 1.158750 0.013896 
13.917879 350 0.948750 0.053088 1.158750 0.013896 
14.018738 350 0.948750 0.053088 1.158750 0.013896 
14.119595 350 0.948750 0.053088 1.158750 0.013896 
14.220457 350 0.948750 0.052140 1.158750 0.013896 
14.321316 350 0.948750 0.052140 1.158750 0.013896 
14.422164 350 0.950000 0.053200 1.158750 0.015054 
14.523072 350 0.950000 0.053200 1.158750 0.015054 
14.623930 350 0.950000 0.053200 1.158750 0.015054 
14.724787 350 0.948750 0.052140 1.158750 0.015054 
14.825649 350 0.948750 0.052140 1.158750 0.015054 
14.926511 350 0.948750 0.052140 1.158750 0.015054 
15.027448 350 0.948750 0.053088 1.158750 0.013896 
15.128298 350 0.948750 0.053088 1.158750 0.013896 
15.229151 350 0.950000 0.053200 1.158750 0.015054 
15.330011 350 0.950000 0.053200 1.158750 0.015054 
15.430870 350 0.950000 0.053200 1.158750 0.015054 
15.531723 350 0.950000 0.053200 1.158750 0.013896 
15.632665 350 0.950000 0.053200 1.158750 0.013896 
15.733515 350 0.950000 0.053200 1.158750 0.013896 
15.834374 350 0.950000 0.053200 1.158750 0.013896 
15.935228 350 0.950000 0.053200 1.158750 0.013896 
16.036080 350 0.948750 0.053088 1.158750 0.013896 
16.136941 350 0.948750 0.053088 1.158750 0.013896 
16.237873 350 0.948750 0.053088 1.158750 0.013896 
16.338723 350 0.948750 0.053088 1.158750 0.013896 
16.439696 350 0.948750 0.053088 1.158750 0.013896 
16.540534 350 0.948750 0.053088 1.158750 0.013896 
16.641391 350 0.948750 0.053088 1.158750 0.013896 
16.742275 350 0.948750 0.053088 1.158750 0.013896 
16.843132 350 0.950000 0.053200 1.158750 0.013896 
16.943987 350 0.950000 0.053200 1.158750 0.013896 
17.044849 350 0.950000 0.053200 1.158750 0.013896 
17.145708 350 0.948750 0.053088 1.158750 0.013896 
17.246570 350 0.948750 0.053088 1.158750 0.013896 
17.347508 350 0.948750 0.053088 1.158750 0.013896 
17.448346 350 0.948750 0.053088 1.158750 0.013896 
17.549219 350 0.948750 0.053088 1.158750 0.013896 
17.650055 350 0.948750 0.056880 1.158750 0.013896 
17.750898 350 0.948750 0.056880 1.158750 0.013896 
17.851740 350 0.948750 0.053088 1.158750 0.013896 
17.952655 350 0.948750 0.053088 1.158750 0.013896 
18.053502 350 0.948750 0.053088 1.158750 0.013896 
18.154343 350 0.948750 0.053088 1.158750 0.013896 
18.255195 350 0.948750 0.053088 1.158750 0.013896 
18.356042 350 0.948750 0.053088 1.158750 0.013896 
18.456887 350 0.948750 0.053088 1.158750 0.013896 
18.557799 350 0.948750 0.053088 1.158750 0.013896 
18.658644 350 0.948750 0.053088 1.158750 0.013896 
18.759486 350 0.948750 0.053088 1.158750 0.013896 
18.860300 350 0.948750 0.053088 1.158750 0.013896 
18.961150 350 0.948750 0.053088 1.158750 0.013896 
19.061991 350 0.948750 0.053088 1.158750 0.013896 
19.162901 350 0.948750 0.053088 1.158750 0.013896 
19.263757 350 0.948750 0.053088 1.158750 0.013896 
19.364607 350 0.948750 0.053088 1.158750 0.013896 
19.465457 350 0.948750 0.054036 1.158750 0.013896 
19.566347 350 0.948750 0.054036 1.158750 0.013896 
19.667198 350 0.948750 0.054036 1.158750 0.013896 
19.768245 350 0.948750 0.057828 1.158750 0.013896 
19.869106 350 0.948750 0.057828 1.158750 0.013896 
19.969953 350 0.948750 0.053088 1.158750 0.013896 
20.070810 350 0.948750 0.053088 1.158750 0.013896 
20.171661 350 0.948750 0.053088 1.158750 0.013896 
20.272579 350 0.948750 0.053088 1.158750 0.013896 
20.373422 350 0.948750 0.053088 1.158750 0.013896 
20.474276 350 0.948750 0.053088 1.158750 0.013896 
20.575129 350 0.950000 0.053200 1.158750 0.013896 
20.675985 350 0.950000 0.053200 1.158750 0.013896 
20.776836 350 0.950000 0.053200 1.158750 0.013896 
20.877760 350 0.950000 0.053200 1.158750 0.013896 
20.978600 350 0.950000 0.053200 1.158750 0.013896 
21.079453 350 0.948750 0.053088 1.158750 0.013896 
21.180317 350 0.948750 0.053088 1.158750 0.013896 
21.281162 350 0.948750 0.053088 1.158750 0.013896 
21.382022 350 0.948750 0.053088 1.158750 0.013896 
21.482960 350 0.948750 0.053088 1.158750 0.013896 
21.583816 350 0.948750 0.053088 1.158750 0.013896 
21.684676 350 0.948750 0.053088 1.158750 0.013896 
21.785533 350 0.948750 0.053088 1.158750 0.013896 
21.886426 350 0.950000 0.053200 1.158750 0.013896 
21.987281 350 0.950000 0.053200 1.158750 0.013896 
22.088127 350 0.950000 0.053200 1.158750 0.013896 
22.188984 350 0.950000 0.053200 1.158750 0.013896 
22.289837 350 0.950000 0.053200 1.158750 0.013896 
22.390700 350 0.950000 0.052250 1.158750 0.013896 
22.491578 350 0.950000 0.052250 1.158750 0.013896 
22.592511 350 0.950000 0.052250 1.158750 0.013896 
22.693375 350 0.948750 0.052140 1.158750 0.013896 
22.794235 350 0.948750 0.052140 1.158750 0.013896 
22.895093 350 0.948750 0.053088 1.158750 0.013896 
22.995949 350 0.948750 0.053088 1.158750 0.013896 
23.096803 350 0.948750 0.053088 1.158750 0.013896 
23.197728 350 0.948750 0.053088 1.158750 0.013896 
23.298586 350 0.948750 0.053088 1.158750 0.013896 
23.399445 350 0.948750 0.053088 1.158750 0.013896 
23.500288 350 0.948750 0.053088 1.158750 0.013896 
23.601136 350 0.948750 0.053088 1.158750 0.013896 
23.701993 350 0.948750 0.052140 1.158750 0.015054 
23.802917 350 0.948750 0.052140 1.158750 0.015054 
23.903774 350 0.948750 0.052140 1.158750 0.015054 
24.004635 350 0.948750 0.053088 1.158750 0.013896 
24.105495 350 0.948750 0.053088 1.158750 0.013896 
24.206354 350 0.950000 0.053200 1.158750 0.013896 
24.307262 350 0.950000 0.053200 1.158750 0.013896 
24.408125 350 0.950000 0.053200 1.158750 0.013896 
24.509130 350 0.948750 0.053088 1.158750 0.013896 
24.609997 350 0.948750 0.053088 1.158750 0.013896 
24.710844 350 0.948750 0.053088 1.158750 0.013896 
24.811707 350 0.948750 0.053088 1.158750 0.013896 
24.912646 350 0.948750 0.053088 1.158750 0.013896 
25.013504 350 0.948750 0.053088 1.158750 0.013896 
25.114371 350 0.948750 0.053088 1.158750 0.013896 
25.215235 350 0.948750 0.053088 1.158750 0.013896 
25.316107 350 0.948750 0.053088 1.158750 0.015054 
25.416970 350 0.948750 0.053088 1.158750 0.015054 
25.517899 350 0.948750 0.053088 1.158750 0.013896 
25.618738 350 0.948750 0.053088 1.158750 0.013896 
25.719602 350 0.948750 0.053088 1.158750 0.013896 
25.820469 350 0.948750 0.057828 1.158750 0.013896 
25.921333 350 0.948750 0.057828 1.158750 0.013896 
26.022251 350 0.948750 0.057828 1.158750 0.013896 
26.123110 350 0.948750 0.053088 1.158750 0.013896 
26.223978 350 0.948750 0.053088 1.158750 0.013896 
26.324841 350 0.948750 0.053088 1.158750 0.013896 
26.425704 350 0.948750 0.053088 1.158750 0.013896 
26.526568 350 0.948750 0.053088 1.158750 0.013896 
26.627511 350 0.948750 0.052140 1.158750 0.013896 
26.728373 350 0.948750 0.052140 1.158750 0.013896 
26.829217 350 0.948750 0.053088 1.158750 0.015054 
26.930072 350 0.948750 0.053088 1.158750 0.015054 
27.030929 350 0.948750 0.053088 1.158750 0.015054 
27.131789 350 0.948750 0.053088 1.158750 0.013896 
27.232736 350 0.948750 0.053088 1.158750 0.013896 
27.333576 350 0.948750 0.053088 1.158750 0.013896 
27.434434 350 0.948750 0.053088 1.158750 0.013896 
27.535279 350 0.948750 0.053088 1.158750 0.013896 
27.636144 350 0.948750 0.056880 1.158750 0.013896 
27.737012 350 0.948750 0.056880 1.158750 0.013896 
27.837932 350 0.948750 0.056880 1.158750 0.013896 
27.938792 350 0.948750 0.053088 1.158750 0.013896 
28.039653 350 0.948750 0.053088 1.158750 0.013896 
28.140495 350 0.948750 0.053088 1.158750 0.013896 
28.241349 350 0.948750 0.053088 1.158750 0.013896 
28.342258 350 0.948750 0.053088 1.158750 0.013896 
28.443113 350 0.948750 0.053088 1.158750 0.013896 
28.543957 350 0.948750 0.053088 1.158750 0.013896 
28.644824 350 0.948750 0.053088 1.158750 0.013896 
28.745677 350 0.948750 0.053088 1.158750 0.013896 
28.846522 350 0.948750 0.053088 1.158750 0.013896 
28.947459 350 0.948750 0.052140 1.158750 0.013896 
29.048307 350 0.948750 0.052140 1.158750 0.013896 
29.149162 350 0.948750 0.052140 1.158750 0.013896 
29.250019 350 0.948750 0.053088 1.158750 0.013896 
29.350868 350 0.948750 0.053088 1.158750 0.013896 
29.451717 350 0.948750 0.053088 1.158750 0.013896 
29.552631 350 0.948750 0.053088 1.158750 0.013896 
29.653473 350 0.948750 0.053088 1.158750 0.013896 
29.754325 350 0.948750 0.053088 1.158750 0.013896 
29.855167 350 0.948750 0.053088 1.158750 0.013896 
29.956020 350 0.948750 0.053088 1.158750 0.013896 
30.056873 350 0.948750 0.053088 1.158750 0.013896 
30.157786 350 0.948750 0.053088 1.158750 0.013896 
30.258640 350 0.950000 0.053200 1.158750 0.013896 
30.359489 350 0.950000 0.053200 1.158750 0.013896 
30.460340 350 0.950000 0.053200 1.158750 0.013896 
30.561193 350 0.948750 0.053088 1.158750 0.013896 
30.662047 350 0.948750 0.053088 1.158750 0.013896 
30.762992 350 0.948750 0.053088 1.158750 0.013896 
30.863841 350 0.948750 0.053088 1.158750 0.013896 
30.964691 350 0.948750 0.053088 1.158750 0.013896 
31.065548 350 0.948750 0.053088 1.158750 0.013896 
31.166420 350 0.948750 0.053088 1.158750 0.013896 
31.267289 350 0.948750 0.053088 1.158750 0.013896 
31.368141 350 0.948750 0.053088 1.158750 0.013896 
31.468998 350 0.948750 0.053088 1.158750 0.013896 
31.570372 350 0.948750 0.053088 1.158750 0.013896 
31.671223 350 0.948750 0.053088 1.158750 0.013896 
31.772065 350 0.948750 0.053088 1.158750 0.013896 
31.872986 350 0.950000 0.053200 1.158750 0.013896 
31.973839 350 0.950000 0.053200 1.158750 0.013896 
32.074697 350 0.950000 0.053200 1.158750 0.013896 
32.175555 350 0.948750 0.053088 1.158750 0.013896 
32.276407 350 0.948750 0.053088 1.158750 0.013896 
32.377272 350 0.948750 0.052140 1.158750 0.013896 
32.478123 350 0.948750 0.052140 1.158750 0.013896 
32.578975 350 0.948750 0.052140 1.158750 0.013896 
32.679974 350 0.950000 0.053200 1.158750 0.013896 
32.780823 350 0.950000 0.053200 1.158750 0.013896 
32.881683 350 0.950000 0.053200 1.158750 0.013896 
32.982605 350 0.950000 0.053200 1.158750 0.013896 
33.083463 350 0.950000 0.053200 1.158750 0.013896 
33.184308 350 0.950000 0.053200 1.158750 0.013896 
33.285153 350 0.950000 0.053200 1.158750 0.013896 
33.386019 350 0.950000 0.053200 1.158750 0.013896 
33.486882 350 0.948750 0.053088 1.158750 0.013896 
33.587812 350 0.948750 0.053088 1.158750 0.013896 
33.688714 350 0.948750 0.053088 1.158750 0.013896 
33.789554 350 0.948750 0.053088 1.158750 0.013896 
33.890414 350 0.948750 0.053088 1.158750 0.013896 
33.991272 350 0.948750 0.059724 1.158750 0.013896 
34.092125 350 0.948750 0.059724 1.158750 0.013896 
34.193042 350 0.948750 0.059724 1.158750 0.013896 
34.293902 350 0.948750 0.053088 1.158750 0.013896 
34.394761 350 0.948750 0.053088 1.158750 0.013896 
34.495613 350 0.950000 0.053200 1.158750 0.013896 
34.596476 350 0.950000 0.053200 1.158750 0.013896 
34.697408 350 0.950000 0.053200 1.158750 0.013896 
34.798266 350 0.950000 0.053200 1.158750 0.013896 
34.899129 350 0.950000 0.053200 1.158750 0.013896 
35.000420 350 0.948750 0.053088 1.158750 0.013896 
35.101263 350 0.948750 0.053088 1.158750 0.013896 
35.202119 350 0.948750 0.053088 1.158750 0.013896 
35.303020 350 0.950000 0.053200 1.158750 0.013896 
35.403875 350 0.950000 0.053200 1.158750 0.013896 
35.504727 350 0.950000 0.053200 1.158750 0.013896 
35.605587 350 0.950000 0.053200 1.158750 0.013896 
35.706458 350 0.950000 0.053200 1.158750 0.013896 
35.807402 350 0.950000 0.057950 1.158750 0.013896 
35.908253 350 0.950000 0.057950 1.158750 0.013896 
36.009109 350 0.950000 0.057950 1.158750 0.013896 
36.109966 350 0.948750 0.053088 1.158750 0.013896 
36.210817 350 0.948750 0.053088 1.158750 0.013896 
36.311675 350 0.948750 0.053088 1.158750 0.013896 
36.412604 350 0.948750 0.053088 1.158750 0.013896 
36.513463 350 0.948750 0.053088 1.158750 0.013896 
36.614316 350 0.948750 0.053088 1.158750 0.013896 
36.715174 350 0.948750 0.053088 1.158750 0.013896 
36.816045 350 0.948750 0.053088 1.158750 0.013896 
36.916901 350 0.948750 0.052140 1.158750 0.015054 
37.018012 350 0.948750 0.052140 1.158750 0.015054 
37.118862 350 0.948750 0.053088 1.158750 0.013896 
37.219713 350 0.948750 0.053088 1.158750 0.013896 
37.320574 350 0.948750 0.053088 1.158750 0.013896 
37.421440 350 0.948750 0.053088 1.158750 0.013896 
37.522279 350 0.948750 0.053088 1.158750 0.013896 
37.623172 350 0.948750 0.053088 1.158750 0.013896 
37.724027 350 0.948750 0.053088 1.158750 0.013896 
37.824880 350 0.948750 0.053088 1.158750 0.013896 
37.925730 350 0.948750 0.053088 1.158750 0.015054 
38.026591 350 0.948750 0.053088 1.158750 0.015054 
38.127509 350 0.948750 0.053088 1.158750 0.015054 
38.228370 350 0.948750 0.053088 1.158750 0.013896 
38.329223 350 0.948750 0.053088 1.158750 0.013896 
38.430376 350 0.950000 0.053200 1.158750 0.013896 
38.531235 350 0.950000 0.053200 1.158750 0.013896 
38.632085 350 0.950000 0.053200 1.158750 0.013896 
38.733004 350 0.950000 0.053200 1.158750 0.013896 
38.833859 350 0.950000 0.053200 1.158750 0.013896 
38.934716 350 0.950000 0.053200 1.158750 0.013896 
39.035569 350 0.948750 0.053088 1.158750 0.013896 
39.136417 350 0.948750 0.053088 1.158750 0.013896 
39.237278 350 0.948750 0.053088 1.158750 0.013896 
39.338125 350 0.948750 0.053088 1.158750 0.013896 
39.438968 350 0.948750 0.053088 1.158750 0.013896 
39.539830 350 0.948750 0.053088 1.158750 0.013896 
39.640685 350 0.948750 0.053088 1.158750 0.013896 
39.741538 350 0.948750 0.053088 1.158750 0.013896 
39.842474 350 0.950000 0.054150 1.158750 0.015054 
39.943333 350 0.950000 0.054150 1.158750 0.015054 
40.044187 350 0.948750 0.053088 1.158750 0.015054 
40.145043 350 0.948750 0.053088 1.158750 0.015054 
40.245896 350 0.948750 0.053088 1.158750 0.015054 
40.346755 350 0.948750 0.053088 1.158750 0.013896 
40.447693 350 0.948750 0.053088 1.158750 0.013896 
40.548534 350 0.948750 0.053088 1.158750 0.013896 
40.649391 350 0.948750 0.053088 1.158750 0.013896 
40.750391 350 0.948750 0.053088 1.158750 0.013896 
40.851236 350 0.948750 0.053088 1.158750 0.013896 
40.952087 350 0.948750 0.053088 1.158750 0.013896 
41.052999 350 0.948750 0.053088 1.158750 0.013896 
41.153844 350 0.948750 0.052140 1.158750 0.013896 
41.254681 350 0.948750 0.052140 1.158750 0.013896 
41.355528 350 0.948750 0.053088 1.158750 0.015054 
41.456381 350 0.948750 0.053088 1.158750 0.015054 
41.557254 350 0.948750 0.053088 1.158750 0.015054 
41.658097 350 0.948750 0.053088 1.158750 0.013896 
41.758953 350 0.948750 0.053088 1.158750 0.013896 
41.860392 350 0.948750 0.055932 1.158750 0.013896 
41.961241 350 0.948750 0.055932 1.158750 0.013896 
42.062092 350 0.948750 0.055932 1.158750 0.013896 
42.162999 350 0.948750 0.055932 1.158750 0.013896 
42.263851 350 0.948750 0.055932 1.158750 0.013896 
42.364706 350 0.948750 0.055932 1.158750 0.013896 
42.465561 350 0.948750 0.053088 1.158750 0.013896 
42.566436 350 0.948750 0.053088 1.158750 0.013896 
42.667285 350 0.950000 0.053200 1.158750 0.013896 
42.768150 350 0.950000 0.053200 1.158750 0.013896 
42.869005 350 0.950000 0.053200 1.158750 0.013896 
42.969850 350 0.950000 0.053200 1.158750 0.013896 
43.070688 350 0.950000 0.053200 1.158750 0.013896 
43.171532 350 0.950000 0.053200 1.158750 0.013896 
43.272466 350 0.948750 0.053088 1.158750 0.013896 
43.373311 350 0.948750 0.053088 1.158750 0.013896 
43.474174 350 0.948750 0.053088 1.158750 0.013896 
43.575031 350 0.948750 0.053088 1.158750 0.013896 
43.675900 350 0.948750 0.053088 1.158750 0.013896 
43.776742 350 0.950000 0.053200 1.158750 0.013896 
43.877825 350 0.950000 0.053200 1.158750 0.013896 
43.978672 350 0.948750 0.057828 1.158750 0.013896 
44.079523 350 0.948750 0.057828 1.158750 0.013896 
44.180372 350 0.948750 0.057828 1.158750 0.013896 
44.281227 350 0.950000 0.052250 1.158750 0.013896 
