0.000167 1600 1.200000 0.018000 1.156250 1.727064 
0.100573 1600 1.200000 0.018000 1.156250 1.727064 
0.200972 1600 1.200000 0.018000 1.156250 1.727064 
0.301371 1600 1.200000 0.018000 1.153750 1.498900 
0.401772 1600 1.200000 0.018000 1.153750 1.498900 
0.502173 1600 1.200000 0.018000 1.153750 1.498900 
0.602579 1600 1.200000 0.018000 1.153750 1.534643 
0.703069 1600 1.200000 0.018000 1.153750 1.534643 
0.803479 1600 1.200000 0.018000 1.155000 1.583505 
0.903908 1600 1.200000 0.018000 1.155000 1.583505 
1.004363 1600 1.200000 0.018000 1.155000 1.583505 
1.104767 1600 1.200000 0.018000 1.155000 1.700160 
1.205172 1600 1.200000 0.018000 1.155000 1.700160 
1.305549 1600 1.200000 0.018000 1.155000 1.700160 
1.405955 1600 1.200000 0.018000 1.156250 1.774460 
1.506351 1600 1.200000 0.018000 1.156250 1.774460 
1.606754 1600 1.200000 0.018000 1.156250 1.780240 
1.707135 1600 1.200000 0.018000 1.156250 1.780240 
1.807513 1600 1.200000 0.018000 1.156250 1.780240 
1.907933 1600 1.200000 0.019200 1.156250 1.775616 
2.008318 1600 1.200000 0.019200 1.156250 1.775616 
2.108687 1600 1.200000 0.018000 1.156250 1.782552 
2.209063 1600 1.200000 0.018000 1.156250 1.782552 
2.309436 1600 1.200000 0.018000 1.156250 1.782552 
2.409806 1600 1.200000 0.018000 1.156250 1.779084 
2.510183 1600 1.200000 0.018000 1.156250 1.779084 
2.610581 1600 1.200000 0.018000 1.156250 1.779084 
2.710973 1600 1.200000 0.019200 1.156250 1.776772 
2.811353 1600 1.200000 0.019200 1.156250 1.776772 
2.911748 1600 1.200000 0.018000 1.156250 1.742092 
3.012199 1600 1.200000 0.018000 1.156250 1.742092 
3.112600 1600 1.200000 0.018000 1.156250 1.742092 
3.213020 1600 1.200000 0.018000 1.156250 1.751340 
3.313414 1600 1.200000 0.018000 1.156250 1.751340 
3.413799 1600 1.200000 0.018000 1.156250 1.751340 
3.514182 1600 1.200000 0.018000 1.156250 1.783708 
3.614558 1600 1.200000 0.018000 1.156250 1.783708 
3.714929 1600 1.200000 0.018000 1.156250 1.781396 
3.815310 1600 1.200000 0.018000 1.156250 1.781396 
3.915709 1600 1.200000 0.018000 1.156250 1.781396 
4.016094 1600 1.200000 0.018000 1.156250 1.781396 
4.116485 1600 1.200000 0.018000 1.156250 1.781396 
4.216886 1600 1.200000 0.018000 1.156250 1.777928 
4.317267 1600 1.200000 0.018000 1.156250 1.777928 
4.417657 1600 1.200000 0.018000 1.156250 1.777928 
4.518073 1600 1.200000 0.018000 1.156250 1.761744 
4.618461 1600 1.200000 0.018000 1.156250 1.761744 
4.718841 1600 1.200000 0.018000 1.156250 1.761744 
4.819237 1600 1.200000 0.019200 1.156250 1.781396 
4.919636 1600 1.200000 0.019200 1.156250 1.781396 
5.020018 1600 1.200000 0.018000 1.156250 1.775616 
5.120395 1600 1.200000 0.018000 1.156250 1.775616 
5.220792 1600 1.200000 0.018000 1.156250 1.775616 
5.321168 1600 1.200000 0.018000 1.156250 1.779084 
5.421566 1600 1.200000 0.018000 1.156250 1.779084 
5.521951 1600 1.200000 0.018000 1.156250 1.779084 
5.622331 1600 1.200000 0.018000 1.156250 1.786020 
5.722715 1600 1.200000 0.018000 1.156250 1.786020 
5.823170 1600 1.200000 0.018000 1.156250 1.775616 
5.923577 1600 1.200000 0.018000 1.156250 1.775616 
6.023961 1600 1.200000 0.018000 1.156250 1.775616 
6.124348 1600 1.200000 0.018000 1.156250 1.770992 
