0.000260 1000 1.200000 0.018000 0.952500 0.719712 
0.100839 1000 1.200000 0.018000 0.953750 0.634698 
0.201376 1000 1.200000 0.018000 0.953750 0.634698 
0.301900 1000 1.200000 0.018000 0.953750 0.634698 
0.402417 1000 1.200000 0.018000 0.953750 0.632792 
0.502939 1000 1.200000 0.018000 0.953750 0.632792 
0.603505 1000 1.200000 0.018000 0.953750 0.632792 
0.704420 1000 1.200000 0.018000 0.953750 0.659476 
0.804964 1000 1.200000 0.018000 0.953750 0.659476 
0.905544 1000 1.200000 0.018000 0.953750 0.650899 
1.006074 1000 1.200000 0.018000 0.953750 0.650899 
1.106662 1000 1.200000 0.018000 0.953750 0.650899 
1.207243 1000 1.200000 0.018000 0.953750 0.646134 
1.307780 1000 1.200000 0.018000 0.953750 0.646134 
1.408294 1000 1.200000 0.018000 0.953750 0.646134 
1.508850 1000 1.200000 0.018000 0.952500 0.696864 
1.609352 1000 1.200000 0.018000 0.952500 0.696864 
1.709857 1000 1.200000 0.018000 0.952500 0.716856 
1.810356 1000 1.200000 0.018000 0.952500 0.716856 
1.910848 1000 1.200000 0.018000 0.952500 0.716856 
2.011340 1000 1.200000 0.018000 0.952500 0.716856 
2.111835 1000 1.200000 0.018000 0.952500 0.716856 
2.212353 1000 1.200000 0.018000 0.952500 0.720664 
2.312852 1000 1.200000 0.018000 0.952500 0.720664 
2.413379 1000 1.200000 0.018000 0.952500 0.720664 
2.513889 1000 1.200000 0.018000 0.952500 0.719712 
2.614391 1000 1.200000 0.018000 0.952500 0.719712 
2.714909 1000 1.200000 0.018000 0.952500 0.719712 
2.815463 1000 1.200000 0.018000 0.952500 0.717808 
2.916052 1000 1.200000 0.018000 0.952500 0.717808 
3.016586 1000 1.200000 0.018000 0.952500 0.690200 
3.117101 1000 1.200000 0.018000 0.952500 0.690200 
3.217649 1000 1.200000 0.018000 0.952500 0.690200 
3.318168 1000 1.200000 0.018000 0.952500 0.718760 
3.418796 1000 1.200000 0.018000 0.952500 0.718760 
3.519318 1000 1.200000 0.018000 0.952500 0.718760 
3.619836 1000 1.200000 0.018000 0.952500 0.714952 
3.720361 1000 1.200000 0.018000 0.952500 0.714952 
3.820863 1000 1.200000 0.018000 0.952500 0.717808 
3.921374 1000 1.200000 0.018000 0.952500 0.717808 
4.021874 1000 1.200000 0.018000 0.952500 0.717808 
4.122371 1000 1.200000 0.018000 0.952500 0.720664 
4.222893 1000 1.200000 0.018000 0.952500 0.720664 
4.323385 1000 1.200000 0.018000 0.952500 0.720664 
4.423880 1000 1.200000 0.018000 0.952500 0.720664 
4.524388 1000 1.200000 0.018000 0.952500 0.720664 
4.624896 1000 1.200000 0.018000 0.952500 0.718760 
4.725413 1000 1.200000 0.018000 0.952500 0.718760 
4.825920 1000 1.200000 0.018000 0.952500 0.718760 
4.926422 1000 1.200000 0.018000 0.952500 0.718760 
5.026932 1000 1.200000 0.018000 0.952500 0.718760 
5.127433 1000 1.200000 0.018000 0.952500 0.720664 
5.227949 1000 1.200000 0.018000 0.952500 0.720664 
5.328493 1000 1.200000 0.018000 0.952500 0.720664 
5.429001 1000 1.200000 0.018000 0.952500 0.714952 
5.529510 1000 1.200000 0.018000 0.952500 0.714952 
5.630010 1000 1.200000 0.018000 0.952500 0.714952 
5.730526 1000 1.200000 0.018000 0.952500 0.716856 
5.831032 1000 1.200000 0.018000 0.952500 0.716856 
5.931525 1000 1.200000 0.018000 0.952500 0.716856 
6.032022 1000 1.200000 0.018000 0.952500 0.716856 
6.132516 1000 1.200000 0.018000 0.952500 0.716856 
6.233036 1000 1.200000 0.018000 0.952500 0.718760 
6.333576 1000 1.200000 0.018000 0.952500 0.718760 
6.434099 1000 1.200000 0.018000 0.952500 0.719712 
6.534619 1000 1.200000 0.018000 0.952500 0.719712 
6.635129 1000 1.200000 0.018000 0.952500 0.719712 
6.735641 1000 1.200000 0.018000 0.952500 0.718760 
6.836141 1000 1.200000 0.018000 0.952500 0.718760 
6.936635 1000 1.200000 0.018000 0.952500 0.718760 
7.037139 1000 1.200000 0.018000 0.952500 0.718760 
7.137632 1000 1.200000 0.018000 0.952500 0.718760 
7.238153 1000 1.200000 0.018000 0.952500 0.720664 
7.338676 1000 1.200000 0.018000 0.952500 0.720664 
7.439188 1000 1.200000 0.018000 0.952500 0.720664 
7.539693 1000 1.200000 0.018000 0.952500 0.720664 
7.640200 1000 1.200000 0.018000 0.952500 0.720664 
7.740720 1000 1.200000 0.018000 0.952500 0.720664 
7.841222 1000 1.200000 0.018000 0.952500 0.719712 
7.941725 1000 1.200000 0.018000 0.952500 0.719712 
8.042220 1000 1.200000 0.018000 0.952500 0.715904 
8.142820 1000 1.200000 0.018000 0.952500 0.715904 
8.243430 1000 1.200000 0.018000 0.952500 0.715904 
8.343942 1000 1.200000 0.018000 0.952500 0.717808 
8.444475 1000 1.200000 0.018000 0.952500 0.717808 
8.544995 1000 1.200000 0.018000 0.952500 0.720664 
8.645502 1000 1.200000 0.018000 0.952500 0.720664 
8.746018 1000 1.200000 0.018000 0.952500 0.720664 
8.846523 1000 1.200000 0.018000 0.952500 0.716856 
8.947035 1000 1.200000 0.018000 0.952500 0.716856 
9.047537 1000 1.200000 0.018000 0.952500 0.716856 
9.148041 1000 1.200000 0.018000 0.952500 0.718760 
9.248686 1000 1.200000 0.018000 0.952500 0.718760 
9.349236 1000 1.200000 0.018000 0.952500 0.693056 
9.449783 1000 1.200000 0.018000 0.952500 0.693056 
9.550296 1000 1.200000 0.018000 0.952500 0.693056 
9.650823 1000 1.200000 0.018000 0.952500 0.720664 
9.751352 1000 1.200000 0.018000 0.952500 0.720664 
9.851875 1000 1.200000 0.018000 0.952500 0.720664 
9.952377 1000 1.200000 0.018000 0.952500 0.715904 
10.052883 1000 1.200000 0.018000 0.952500 0.715904 
10.153446 1000 1.200000 0.018000 0.952500 0.715904 
