0.000224 1200 1.200000 0.018000 1.013750 0.977545 
0.100732 1200 1.200000 0.018000 1.013750 0.912713 
0.201194 1200 1.200000 0.018000 1.013750 0.912713 
0.301648 1200 1.200000 0.018000 1.013750 0.912713 
0.402104 1200 1.200000 0.018000 1.015000 0.881020 
0.502556 1200 1.200000 0.018000 1.015000 0.881020 
0.603020 1200 1.200000 0.018000 1.013750 0.911700 
0.703490 1200 1.200000 0.018000 1.013750 0.911700 
0.804050 1200 1.200000 0.018000 1.013750 0.911700 
0.904567 1200 1.200000 0.018000 1.015000 0.901320 
1.005080 1200 1.200000 0.018000 1.015000 0.901320 
1.105577 1200 1.200000 0.018000 1.013750 0.897518 
1.206041 1200 1.200000 0.018000 1.013750 0.897518 
1.306500 1200 1.200000 0.018000 1.013750 0.897518 
1.406955 1200 1.200000 0.018000 1.013750 0.954246 
1.507404 1200 1.200000 0.018000 1.013750 0.954246 
1.607849 1200 1.200000 0.018000 1.013750 0.954246 
1.708283 1200 1.200000 0.018000 1.013750 0.971467 
1.808763 1200 1.200000 0.018000 1.013750 0.971467 
1.909201 1200 1.200000 0.018000 1.013750 0.980584 
2.009654 1200 1.200000 0.018000 1.013750 0.980584 
2.110103 1200 1.200000 0.018000 1.013750 0.980584 
2.210555 1200 1.200000 0.018000 1.012500 0.976580 
2.311065 1200 1.200000 0.018000 1.012500 0.976580 
2.411528 1200 1.200000 0.018000 1.012500 0.976580 
2.512004 1200 1.200000 0.018000 1.013750 0.962350 
2.612459 1200 1.200000 0.018000 1.013750 0.962350 
2.712898 1200 1.200000 0.018000 1.012500 0.980628 
2.813348 1200 1.200000 0.018000 1.012500 0.980628 
2.913926 1200 1.200000 0.018000 1.012500 0.980628 
3.014414 1200 1.200000 0.018000 1.013750 0.943103 
3.114890 1200 1.200000 0.018000 1.013750 0.943103 
3.215340 1200 1.200000 0.018000 1.012500 0.973544 
3.315804 1200 1.200000 0.018000 1.012500 0.973544 
3.416279 1200 1.200000 0.018000 1.012500 0.973544 
3.516738 1200 1.200000 0.018000 1.013750 0.980584 
3.617206 1200 1.200000 0.018000 1.013750 0.980584 
3.717657 1200 1.200000 0.018000 1.013750 0.980584 
3.818099 1200 1.200000 0.018000 1.013750 0.981597 
3.918553 1200 1.200000 0.018000 1.013750 0.981597 
4.019050 1200 1.200000 0.018000 1.013750 0.975519 
4.119502 1200 1.200000 0.018000 1.013750 0.975519 
4.219945 1200 1.200000 0.018000 1.013750 0.975519 
4.320399 1200 1.200000 0.018000 1.013750 0.983623 
4.420867 1200 1.200000 0.018000 1.013750 0.983623 
4.521316 1200 1.200000 0.018000 1.013750 0.983623 
4.621775 1200 1.200000 0.018000 1.012500 0.980628 
4.722219 1200 1.200000 0.018000 1.012500 0.980628 
4.822658 1200 1.200000 0.018000 1.012500 0.980628 
4.923100 1200 1.200000 0.018000 1.012500 0.980628 
5.023561 1200 1.200000 0.018000 1.012500 0.980628 
5.124044 1200 1.200000 0.018000 1.013750 0.976532 
5.224489 1200 1.200000 0.018000 1.013750 0.976532 
5.324925 1200 1.200000 0.018000 1.013750 0.981597 
5.425386 1200 1.200000 0.018000 1.013750 0.981597 
5.525836 1200 1.200000 0.018000 1.013750 0.981597 
5.626282 1200 1.200000 0.018000 1.013750 0.981597 
5.726732 1200 1.200000 0.018000 1.013750 0.981597 
5.827184 1200 1.200000 0.018000 1.013750 0.981597 
5.927628 1200 1.200000 0.018000 1.013750 0.981597 
6.028091 1200 1.200000 0.018000 1.013750 0.981597 
6.128545 1200 1.200000 0.018000 1.012500 0.977592 
6.229026 1200 1.200000 0.018000 1.012500 0.977592 
6.329485 1200 1.200000 0.018000 1.012500 0.977592 
6.429952 1200 1.200000 0.018000 1.013750 0.980584 
6.530416 1200 1.200000 0.018000 1.013750 0.980584 
6.630873 1200 1.200000 0.018000 1.013750 0.980584 
6.731330 1200 1.200000 0.018000 1.012500 0.976580 
6.831787 1200 1.200000 0.018000 1.012500 0.976580 
6.932277 1200 1.200000 0.018000 1.013750 0.982610 
7.032742 1200 1.200000 0.018000 1.013750 0.982610 
7.133199 1200 1.200000 0.018000 1.013750 0.982610 
7.233631 1200 1.200000 0.018000 1.012500 0.973544 
7.334106 1200 1.200000 0.018000 1.012500 0.973544 
7.435159 1200 1.200000 0.018000 1.013750 0.975519 
7.535616 1200 1.200000 0.018000 1.013750 0.975519 
7.636075 1200 1.200000 0.018000 1.013750 0.975519 
7.736526 1200 1.200000 0.018000 1.012500 0.969496 
7.836969 1200 1.200000 0.018000 1.012500 0.969496 
7.937424 1200 1.200000 0.018000 1.012500 0.969496 
8.037882 1200 1.200000 0.018000 1.013750 0.984636 
8.138430 1200 1.200000 0.018000 1.013750 0.984636 
8.238930 1200 1.200000 0.018000 1.012500 0.978604 
8.339396 1200 1.200000 0.018000 1.012500 0.978604 
8.439866 1200 1.200000 0.018000 1.012500 0.978604 
