0.000335 550 1.136250 0.134048 1.158750 0.015054 
0.100933 550 1.136250 0.147680 1.158750 0.015054 
0.201564 550 1.136250 0.147680 1.158750 0.015054 
0.302128 550 1.136250 0.144272 1.158750 0.015054 
0.402712 550 1.136250 0.144272 1.158750 0.015054 
0.503292 550 1.136250 0.144272 1.158750 0.015054 
0.603873 550 1.136250 0.147680 1.158750 0.015054 
0.704483 550 1.136250 0.147680 1.158750 0.015054 
0.805085 550 1.136250 0.147680 1.158750 0.015054 
0.905643 550 1.136250 0.146544 1.158750 0.015054 
1.006187 550 1.136250 0.146544 1.158750 0.015054 
1.106739 550 1.136250 0.148816 1.158750 0.015054 
1.207306 550 1.136250 0.148816 1.158750 0.015054 
1.307883 550 1.136250 0.148816 1.158750 0.015054 
1.408445 550 1.136250 0.147680 1.158750 0.015054 
1.509019 550 1.136250 0.147680 1.158750 0.015054 
1.609688 550 1.136250 0.147680 1.158750 0.015054 
1.710346 550 1.136250 0.142000 1.158750 0.015054 
1.810988 550 1.136250 0.142000 1.158750 0.015054 
1.911686 550 1.136250 0.120416 1.158750 0.015054 
2.012325 550 1.136250 0.120416 1.158750 0.015054 
2.112966 550 1.136250 0.120416 1.158750 0.015054 
2.213608 550 1.136250 0.118144 1.158750 0.015054 
2.314239 550 1.136250 0.118144 1.158750 0.015054 
2.414867 550 1.136250 0.119280 1.158750 0.015054 
2.515508 550 1.136250 0.119280 1.158750 0.015054 
2.616204 550 1.136250 0.119280 1.158750 0.015054 
2.716860 550 1.136250 0.119280 1.158750 0.015054 
2.817490 550 1.136250 0.119280 1.158750 0.015054 
2.918139 550 1.136250 0.119280 1.158750 0.015054 
3.018774 550 1.136250 0.124960 1.158750 0.015054 
3.119419 550 1.136250 0.124960 1.158750 0.015054 
3.220060 550 1.136250 0.119280 1.158750 0.015054 
3.320698 550 1.136250 0.119280 1.158750 0.015054 
3.421401 550 1.136250 0.119280 1.158750 0.015054 
3.522046 550 1.136250 0.119280 1.158750 0.015054 
3.622674 550 1.136250 0.119280 1.158750 0.015054 
3.723314 550 1.136250 0.119280 1.158750 0.015054 
3.823947 550 1.136250 0.119280 1.158750 0.015054 
3.924591 550 1.136250 0.119280 1.158750 0.015054 
4.025232 550 1.136250 0.119280 1.158750 0.015054 
4.125870 550 1.136250 0.119280 1.158750 0.015054 
4.226571 550 1.136250 0.119280 1.158750 0.015054 
4.327209 550 1.136250 0.119280 1.158750 0.015054 
4.427854 550 1.136250 0.119280 1.158750 0.015054 
4.528490 550 1.136250 0.119280 1.158750 0.015054 
4.629131 550 1.136250 0.119280 1.158750 0.015054 
4.729771 550 1.136250 0.119280 1.158750 0.015054 
4.830418 550 1.136250 0.119280 1.158750 0.015054 
4.931062 550 1.136250 0.119280 1.158750 0.015054 
5.031750 550 1.136250 0.119280 1.158750 0.015054 
5.132375 550 1.136250 0.119280 1.158750 0.015054 
5.233018 550 1.136250 0.119280 1.158750 0.015054 
5.333675 550 1.136250 0.119280 1.158750 0.015054 
5.434317 550 1.136250 0.119280 1.158750 0.015054 
5.534951 550 1.136250 0.119280 1.158750 0.015054 
5.635597 550 1.136250 0.118144 1.158750 0.015054 
5.736202 550 1.136250 0.118144 1.158750 0.015054 
5.836841 550 1.136250 0.118144 1.158750 0.015054 
5.937479 550 1.136250 0.119280 1.158750 0.015054 
6.038128 550 1.136250 0.119280 1.158750 0.015054 
6.138772 550 1.136250 0.118144 1.158750 0.015054 
6.239416 550 1.136250 0.118144 1.158750 0.015054 
6.340057 550 1.136250 0.118144 1.158750 0.015054 
6.440702 550 1.136250 0.119280 1.158750 0.015054 
6.541404 550 1.136250 0.119280 1.158750 0.015054 
6.642038 550 1.136250 0.119280 1.158750 0.015054 
6.742676 550 1.136250 0.119280 1.158750 0.015054 
6.843322 550 1.136250 0.119280 1.158750 0.015054 
6.943959 550 1.136250 0.119280 1.158750 0.015054 
7.044602 550 1.136250 0.119280 1.158750 0.015054 
7.145244 550 1.136250 0.119280 1.158750 0.015054 
7.245890 550 1.136250 0.119280 1.158750 0.015054 
7.346590 550 1.136250 0.119280 1.158750 0.015054 
7.447221 550 1.136250 0.119280 1.158750 0.015054 
7.547859 550 1.136250 0.119280 1.158750 0.015054 
7.648501 550 1.136250 0.119280 1.158750 0.015054 
7.749140 550 1.136250 0.119280 1.158750 0.015054 
7.849778 550 1.136250 0.119280 1.158750 0.015054 
7.950427 550 1.136250 0.119280 1.158750 0.015054 
8.051074 550 1.136250 0.119280 1.158750 0.015054 
8.151778 550 1.136250 0.119280 1.158750 0.015054 
8.252547 550 1.136250 0.119280 1.158750 0.015054 
8.353181 550 1.136250 0.119280 1.158750 0.015054 
8.453813 550 1.136250 0.119280 1.158750 0.015054 
8.554446 550 1.136250 0.119280 1.158750 0.015054 
8.655085 550 1.136250 0.119280 1.158750 0.015054 
8.755727 550 1.136250 0.119280 1.158750 0.015054 
8.856415 550 1.136250 0.119280 1.158750 0.015054 
8.957047 550 1.136250 0.119280 1.158750 0.015054 
9.057682 550 1.136250 0.119280 1.158750 0.015054 
9.158319 550 1.136250 0.119280 1.158750 0.015054 
9.258957 550 1.136250 0.119280 1.158750 0.015054 
9.359582 550 1.136250 0.121552 1.158750 0.015054 
9.460225 550 1.136250 0.121552 1.158750 0.015054 
9.560853 550 1.136250 0.123824 1.158750 0.015054 
9.661541 550 1.136250 0.123824 1.158750 0.015054 
9.762182 550 1.136250 0.123824 1.158750 0.015054 
9.862819 550 1.136250 0.119280 1.158750 0.015054 
9.963458 550 1.136250 0.119280 1.158750 0.015054 
10.064094 550 1.136250 0.119280 1.158750 0.015054 
10.164737 550 1.136250 0.119280 1.158750 0.015054 
10.265385 550 1.136250 0.119280 1.158750 0.015054 
10.366025 550 1.136250 0.119280 1.158750 0.015054 
10.466735 550 1.136250 0.119280 1.158750 0.015054 
10.567379 550 1.136250 0.119280 1.158750 0.015054 
10.668017 550 1.136250 0.119280 1.158750 0.015054 
10.768656 550 1.136250 0.119280 1.158750 0.015054 
10.869295 550 1.136250 0.119280 1.158750 0.015054 
10.969941 550 1.136250 0.119280 1.158750 0.015054 
11.070593 550 1.136250 0.119280 1.158750 0.015054 
11.171396 550 1.136250 0.119280 1.158750 0.015054 
11.272039 550 1.136250 0.119280 1.158750 0.015054 
11.372700 550 1.136250 0.119280 1.158750 0.015054 
11.473346 550 1.136250 0.119280 1.158750 0.015054 
11.573969 550 1.136250 0.119280 1.158750 0.015054 
11.674608 550 1.136250 0.124960 1.158750 0.015054 
11.775253 550 1.136250 0.124960 1.158750 0.015054 
11.875902 550 1.136250 0.124960 1.158750 0.015054 
11.976604 550 1.136250 0.119280 1.158750 0.015054 
12.077251 550 1.136250 0.119280 1.158750 0.015054 
12.177894 550 1.136250 0.119280 1.158750 0.015054 
12.278544 550 1.136250 0.119280 1.158750 0.015054 
12.379201 550 1.136250 0.119280 1.158750 0.015054 
12.479847 550 1.136250 0.119280 1.158750 0.015054 
12.580500 550 1.136250 0.119280 1.158750 0.015054 
12.681190 550 1.136250 0.119280 1.158750 0.015054 
12.781839 550 1.136250 0.119280 1.158750 0.015054 
12.882487 550 1.136250 0.119280 1.158750 0.015054 
12.983146 550 1.136250 0.119280 1.158750 0.015054 
13.083796 550 1.136250 0.119280 1.158750 0.015054 
13.184448 550 1.136250 0.119280 1.158750 0.015054 
13.285106 550 1.136250 0.119280 1.158750 0.015054 
13.385758 550 1.136250 0.119280 1.158750 0.015054 
13.486463 550 1.136250 0.119280 1.158750 0.015054 
13.587104 550 1.136250 0.119280 1.158750 0.015054 
13.687759 550 1.136250 0.119280 1.158750 0.015054 
13.788445 550 1.136250 0.119280 1.158750 0.015054 
13.889108 550 1.136250 0.119280 1.158750 0.015054 
13.989764 550 1.136250 0.119280 1.158750 0.015054 
14.090422 550 1.136250 0.119280 1.158750 0.015054 
14.191074 550 1.136250 0.119280 1.158750 0.015054 
14.291776 550 1.136250 0.119280 1.158750 0.015054 
14.392429 550 1.136250 0.119280 1.158750 0.015054 
14.493080 550 1.136250 0.119280 1.158750 0.015054 
14.593769 550 1.136250 0.119280 1.158750 0.015054 
14.694421 550 1.136250 0.119280 1.158750 0.015054 
14.795084 550 1.136250 0.119280 1.158750 0.015054 
14.895745 550 1.136250 0.119280 1.158750 0.015054 
14.996462 550 1.136250 0.119280 1.158750 0.015054 
15.097112 550 1.136250 0.119280 1.158750 0.015054 
15.197759 550 1.136250 0.119280 1.158750 0.015054 
15.298402 550 1.136250 0.119280 1.158750 0.015054 
15.399049 550 1.136250 0.119280 1.158750 0.015054 
15.499705 550 1.136250 0.119280 1.158750 0.015054 
15.600378 550 1.136250 0.119280 1.158750 0.015054 
15.701036 550 1.136250 0.119280 1.158750 0.015054 
15.801748 550 1.136250 0.119280 1.158750 0.015054 
15.902403 550 1.136250 0.119280 1.158750 0.015054 
16.003060 550 1.136250 0.119280 1.158750 0.015054 
16.103721 550 1.136250 0.119280 1.158750 0.015054 
16.204365 550 1.136250 0.119280 1.158750 0.015054 
16.305012 550 1.136250 0.119280 1.158750 0.015054 
16.405786 550 1.136250 0.119280 1.158750 0.015054 
16.506502 550 1.136250 0.119280 1.158750 0.015054 
16.607151 550 1.136250 0.119280 1.158750 0.015054 
16.707807 550 1.136250 0.119280 1.158750 0.015054 
16.808464 550 1.136250 0.119280 1.158750 0.015054 
16.909123 550 1.136250 0.119280 1.158750 0.015054 
17.009784 550 1.136250 0.119280 1.158750 0.015054 
17.110439 550 1.136250 0.119280 1.158750 0.015054 
17.211100 550 1.136250 0.119280 1.158750 0.015054 
17.311799 550 1.136250 0.119280 1.158750 0.015054 
17.412445 550 1.136250 0.119280 1.158750 0.015054 
17.513080 550 1.136250 0.123824 1.158750 0.015054 
17.613741 550 1.136250 0.123824 1.158750 0.015054 
17.714389 550 1.136250 0.121552 1.158750 0.015054 
17.815053 550 1.136250 0.121552 1.158750 0.015054 
17.915716 550 1.136250 0.121552 1.158750 0.015054 
18.016421 550 1.136250 0.119280 1.158750 0.015054 
18.117091 550 1.136250 0.119280 1.158750 0.015054 
18.217744 550 1.136250 0.119280 1.158750 0.015054 
18.318401 550 1.136250 0.119280 1.158750 0.015054 
18.419052 550 1.136250 0.119280 1.158750 0.015054 
18.519703 550 1.136250 0.119280 1.158750 0.015054 
18.620364 550 1.136250 0.119280 1.158750 0.015054 
18.721026 550 1.136250 0.119280 1.158750 0.015054 
18.821739 550 1.136250 0.119280 1.158750 0.015054 
18.922386 550 1.136250 0.119280 1.158750 0.015054 
19.023039 550 1.136250 0.119280 1.158750 0.015054 
19.123694 550 1.136250 0.119280 1.158750 0.015054 
19.224351 550 1.136250 0.119280 1.158750 0.015054 
19.325027 550 1.136250 0.119280 1.158750 0.015054 
19.425668 550 1.136250 0.119280 1.158750 0.015054 
19.526442 550 1.136250 0.119280 1.158750 0.015054 
19.627098 550 1.136250 0.119280 1.158750 0.013896 
19.727760 550 1.136250 0.119280 1.158750 0.013896 
19.828411 550 1.136250 0.127232 1.158750 0.015054 
19.929064 550 1.136250 0.127232 1.158750 0.015054 
20.029734 550 1.136250 0.127232 1.158750 0.015054 
20.130392 550 1.136250 0.119280 1.158750 0.015054 
20.231045 550 1.136250 0.119280 1.158750 0.015054 
20.331742 550 1.136250 0.119280 1.158750 0.015054 
20.432404 550 1.136250 0.119280 1.158750 0.015054 
20.533061 550 1.136250 0.119280 1.158750 0.015054 
20.633724 550 1.136250 0.121552 1.158750 0.015054 
20.734383 550 1.136250 0.121552 1.158750 0.015054 
20.835038 550 1.136250 0.121552 1.158750 0.015054 
20.935696 550 1.136250 0.119280 1.158750 0.015054 
21.036408 550 1.136250 0.119280 1.158750 0.015054 
21.137065 550 1.136250 0.119280 1.158750 0.015054 
21.237726 550 1.136250 0.119280 1.158750 0.015054 
21.338380 550 1.136250 0.119280 1.158750 0.015054 
21.439039 550 1.136250 0.119280 1.158750 0.015054 
21.539705 550 1.136250 0.119280 1.158750 0.015054 
21.640364 550 1.136250 0.119280 1.158750 0.015054 
21.741027 550 1.136250 0.119280 1.158750 0.015054 
21.841741 550 1.136250 0.119280 1.158750 0.015054 
21.942387 550 1.136250 0.119280 1.158750 0.015054 
22.043045 550 1.136250 0.119280 1.158750 0.015054 
22.143701 550 1.136250 0.119280 1.158750 0.015054 
22.244364 550 1.136250 0.119280 1.158750 0.015054 
22.345024 550 1.136250 0.119280 1.158750 0.015054 
22.445685 550 1.136250 0.119280 1.158750 0.015054 
22.546560 550 1.136250 0.118144 1.158750 0.015054 
22.647222 550 1.136250 0.118144 1.158750 0.015054 
22.747883 550 1.136250 0.119280 1.158750 0.015054 
22.848541 550 1.136250 0.119280 1.158750 0.015054 
22.949206 550 1.136250 0.119280 1.158750 0.015054 
23.049858 550 1.136250 0.119280 1.158750 0.015054 
23.150519 550 1.136250 0.119280 1.158750 0.015054 
23.251214 550 1.136250 0.119280 1.158750 0.015054 
23.351864 550 1.136250 0.118144 1.158750 0.015054 
23.452509 550 1.136250 0.118144 1.158750 0.015054 
23.553157 550 1.136250 0.118144 1.158750 0.015054 
23.653806 550 1.136250 0.118144 1.158750 0.015054 
23.754449 550 1.136250 0.118144 1.158750 0.015054 
23.855086 550 1.136250 0.119280 1.158750 0.015054 
23.955736 550 1.136250 0.119280 1.158750 0.015054 
24.056446 550 1.136250 0.119280 1.158750 0.015054 
24.157080 550 1.136250 0.119280 1.158750 0.015054 
24.257715 550 1.136250 0.119280 1.158750 0.015054 
24.358360 550 1.136250 0.119280 1.158750 0.015054 
24.459117 550 1.136250 0.119280 1.158750 0.015054 
24.559755 550 1.136250 0.119280 1.158750 0.015054 
24.660403 550 1.136250 0.118144 1.158750 0.015054 
24.761057 550 1.136250 0.118144 1.158750 0.015054 
24.861751 550 1.136250 0.120416 1.158750 0.015054 
24.962399 550 1.136250 0.120416 1.158750 0.015054 
25.063049 550 1.136250 0.120416 1.158750 0.015054 
25.163703 550 1.136250 0.119280 1.158750 0.015054 
25.264355 550 1.136250 0.119280 1.158750 0.015054 
25.365049 550 1.136250 0.119280 1.158750 0.015054 
25.465742 550 1.136250 0.118144 1.158750 0.015054 
25.566445 550 1.136250 0.118144 1.158750 0.015054 
25.667102 550 1.136250 0.127232 1.158750 0.015054 
25.767760 550 1.136250 0.127232 1.158750 0.015054 
25.868409 550 1.136250 0.127232 1.158750 0.015054 
25.969062 550 1.136250 0.119280 1.158750 0.015054 
26.069715 550 1.136250 0.119280 1.158750 0.015054 
26.170364 550 1.136250 0.119280 1.158750 0.015054 
26.271019 550 1.136250 0.119280 1.158750 0.015054 
26.371726 550 1.136250 0.119280 1.158750 0.015054 
26.472375 550 1.136250 0.119280 1.158750 0.015054 
26.573022 550 1.136250 0.119280 1.158750 0.015054 
26.673676 550 1.136250 0.119280 1.158750 0.015054 
26.774333 550 1.136250 0.119280 1.158750 0.015054 
26.874986 550 1.136250 0.119280 1.158750 0.015054 
26.975634 550 1.136250 0.118144 1.158750 0.015054 
27.076347 550 1.136250 0.118144 1.158750 0.015054 
27.177004 550 1.136250 0.118144 1.158750 0.015054 
27.277660 550 1.136250 0.119280 1.158750 0.015054 
27.378327 550 1.136250 0.119280 1.158750 0.015054 
27.478988 550 1.136250 0.118144 1.158750 0.015054 
27.579665 550 1.136250 0.118144 1.158750 0.015054 
27.680324 550 1.136250 0.118144 1.158750 0.015054 
27.780984 550 1.136250 0.126096 1.158750 0.015054 
27.881689 550 1.136250 0.126096 1.158750 0.015054 
27.982345 550 1.136250 0.126096 1.158750 0.015054 
28.082989 550 1.136250 0.119280 1.158750 0.015054 
28.183661 550 1.136250 0.119280 1.158750 0.015054 
28.284315 550 1.136250 0.119280 1.158750 0.015054 
28.384970 550 1.136250 0.119280 1.158750 0.015054 
