0.000306 800 1.200000 0.018000 0.917500 0.543781 
0.101010 800 1.200000 0.018000 0.917500 0.501599 
0.201624 800 1.200000 0.018000 0.917500 0.501599 
0.302241 800 1.200000 0.018000 0.917500 0.501599 
0.402877 800 1.200000 0.018000 0.917500 0.487844 
0.503529 800 1.200000 0.018000 0.917500 0.487844 
0.604096 800 1.200000 0.018000 0.917500 0.533694 
0.704665 800 1.200000 0.018000 0.917500 0.533694 
0.805246 800 1.200000 0.018000 0.917500 0.533694 
0.905809 800 1.200000 0.018000 0.917500 0.545615 
1.006447 800 1.200000 0.018000 0.917500 0.545615 
1.107116 800 1.200000 0.018000 0.917500 0.545615 
1.207693 800 1.200000 0.018000 0.917500 0.545615 
