0.000286 600 1.198750 0.144958 1.158750 0.013896 
0.100855 600 1.198750 0.144958 1.158750 0.013896 
0.201407 600 1.198750 0.144958 1.158750 0.015054 
0.301960 600 1.198750 0.144958 1.158750 0.015054 
0.402537 600 1.198750 0.179700 1.158750 0.015054 
0.503135 600 1.198750 0.179700 1.158750 0.015054 
0.603706 600 1.198750 0.179700 1.158750 0.015054 
0.704238 600 1.198750 0.171314 1.158750 0.015054 
0.804765 600 1.198750 0.171314 1.158750 0.015054 
0.905310 600 1.198750 0.171314 1.158750 0.015054 
1.005899 600 1.198750 0.144958 1.158750 0.013896 
1.106497 600 1.198750 0.144958 1.158750 0.013896 
1.207045 600 1.198750 0.146156 1.158750 0.013896 
1.307576 600 1.198750 0.146156 1.158750 0.013896 
1.408093 600 1.198750 0.146156 1.158750 0.013896 
1.508654 600 1.198750 0.144958 1.158750 0.013896 
1.609178 600 1.198750 0.144958 1.158750 0.013896 
1.709702 600 1.198750 0.144958 1.158750 0.013896 
1.810237 600 1.198750 0.144958 1.158750 0.015054 
1.910766 600 1.198750 0.144958 1.158750 0.015054 
2.011287 600 1.198750 0.146156 1.158750 0.015054 
2.112069 600 1.198750 0.146156 1.158750 0.015054 
2.212616 600 1.198750 0.146156 1.158750 0.015054 
2.313173 600 1.198750 0.144958 1.158750 0.013896 
2.413754 600 1.198750 0.144958 1.158750 0.013896 
2.514888 600 1.198750 0.144958 1.158750 0.013896 
2.615433 600 1.198750 0.144958 1.158750 0.013896 
2.715973 600 1.198750 0.144958 1.158750 0.013896 
2.816503 600 1.198750 0.144958 1.158750 0.013896 
