0.000353 450 1.011250 0.074814 1.158750 0.013896 
0.101158 450 1.011250 0.074814 1.158750 0.013896 
0.201827 450 1.011250 0.074814 1.158750 0.013896 
0.302469 450 1.011250 0.074814 1.158750 0.013896 
0.403107 450 1.011250 0.092001 1.158750 0.013896 
0.503793 450 1.011250 0.092001 1.158750 0.013896 
0.604518 450 1.011250 0.094023 1.158750 0.013896 
0.705191 450 1.011250 0.094023 1.158750 0.013896 
0.805899 450 1.011250 0.094023 1.158750 0.013896 
0.906619 450 1.011250 0.077847 1.158750 0.013896 
1.007373 450 1.011250 0.077847 1.158750 0.013896 
1.108078 450 1.011250 0.076836 1.158750 0.015054 
1.208751 450 1.011250 0.076836 1.158750 0.015054 
1.309400 450 1.011250 0.076836 1.158750 0.015054 
1.410042 450 1.011250 0.073803 1.158750 0.013896 
1.510736 450 1.011250 0.073803 1.158750 0.013896 
1.611367 450 1.011250 0.073803 1.158750 0.013896 
1.712004 450 1.011250 0.074814 1.158750 0.013896 
1.812632 450 1.011250 0.074814 1.158750 0.013896 
1.913267 450 1.011250 0.073803 1.158750 0.013896 
2.013920 450 1.011250 0.073803 1.158750 0.013896 
2.114561 450 1.011250 0.073803 1.158750 0.013896 
2.215217 450 1.011250 0.074814 1.158750 0.013896 
2.315905 450 1.011250 0.074814 1.158750 0.013896 
2.416541 450 1.011250 0.074814 1.158750 0.013896 
2.517168 450 1.011250 0.074814 1.158750 0.013896 
2.617820 450 1.011250 0.074814 1.158750 0.013896 
2.718461 450 1.011250 0.074814 1.158750 0.013896 
2.819110 450 1.011250 0.074814 1.158750 0.013896 
2.919751 450 1.011250 0.074814 1.158750 0.013896 
3.020453 450 1.011250 0.074814 1.158750 0.013896 
3.121163 450 1.011250 0.074814 1.158750 0.013896 
3.221818 450 1.011250 0.078858 1.158750 0.013896 
3.322457 450 1.011250 0.078858 1.158750 0.013896 
3.423120 450 1.011250 0.078858 1.158750 0.013896 
3.523762 450 1.011250 0.073803 1.158750 0.013896 
3.624413 450 1.011250 0.073803 1.158750 0.013896 
3.725049 450 1.011250 0.073803 1.158750 0.013896 
