0.000330 500 1.075000 0.094600 1.158750 0.013896 
0.100967 500 1.075000 0.094600 1.158750 0.013896 
0.201621 500 1.073750 0.106227 1.158750 0.013896 
0.302211 500 1.073750 0.106227 1.158750 0.013896 
0.402802 500 1.073750 0.106227 1.158750 0.013896 
0.503495 500 1.073750 0.116957 1.158750 0.013896 
0.604133 500 1.073750 0.116957 1.158750 0.013896 
0.704735 500 1.073750 0.116957 1.158750 0.013896 
0.805321 500 1.073750 0.107300 1.158750 0.013896 
0.905932 500 1.073750 0.107300 1.158750 0.013896 
1.006661 500 1.075000 0.094600 1.158750 0.013896 
1.107310 500 1.075000 0.094600 1.158750 0.013896 
1.207928 500 1.075000 0.094600 1.158750 0.013896 
1.308520 500 1.075000 0.097825 1.158750 0.013896 
1.409117 500 1.075000 0.097825 1.158750 0.013896 
1.509698 500 1.075000 0.097825 1.158750 0.013896 
1.610277 500 1.075000 0.094600 1.158750 0.013896 
1.710867 500 1.075000 0.094600 1.158750 0.013896 
1.811495 500 1.075000 0.094600 1.158750 0.013896 
1.912076 500 1.075000 0.094600 1.158750 0.013896 
2.012663 500 1.075000 0.094600 1.158750 0.013896 
2.113268 500 1.075000 0.094600 1.158750 0.015054 
2.213874 500 1.075000 0.094600 1.158750 0.015054 
2.314453 500 1.075000 0.094600 1.158750 0.013896 
2.415058 500 1.075000 0.094600 1.158750 0.013896 
2.515642 500 1.075000 0.094600 1.158750 0.013896 
2.616302 500 1.075000 0.094600 1.158750 0.013896 
2.716903 500 1.075000 0.094600 1.158750 0.013896 
2.817517 500 1.075000 0.094600 1.158750 0.013896 
2.918137 500 1.075000 0.094600 1.158750 0.013896 
3.018791 500 1.075000 0.094600 1.158750 0.013896 
3.119420 500 1.075000 0.095675 1.158750 0.013896 
3.220022 500 1.075000 0.095675 1.158750 0.013896 
3.320625 500 1.075000 0.095675 1.158750 0.013896 
3.421337 500 1.073750 0.094424 1.158750 0.013896 
3.521930 500 1.073750 0.094424 1.158750 0.013896 
