0.000308 550 1.136250 0.118144 1.158750 0.013896 
0.100921 550 1.136250 0.118144 1.158750 0.013896 
0.201557 550 1.136250 0.118144 1.158750 0.013896 
0.302121 550 1.136250 0.130640 1.158750 0.013896 
0.402686 550 1.136250 0.130640 1.158750 0.013896 
0.503328 550 1.135000 0.146415 1.158750 0.013896 
0.603909 550 1.135000 0.146415 1.158750 0.013896 
0.704464 550 1.135000 0.146415 1.158750 0.013896 
0.805042 550 1.136250 0.128368 1.158750 0.013896 
0.905628 550 1.136250 0.128368 1.158750 0.013896 
1.006304 550 1.136250 0.117008 1.158750 0.013896 
1.106904 550 1.136250 0.117008 1.158750 0.013896 
1.207457 550 1.136250 0.117008 1.158750 0.013896 
1.308011 550 1.136250 0.121552 1.158750 0.013896 
1.408567 550 1.136250 0.121552 1.158750 0.013896 
1.509152 550 1.136250 0.121552 1.158750 0.013896 
1.609722 550 1.136250 0.117008 1.158750 0.015054 
1.710303 550 1.136250 0.117008 1.158750 0.015054 
1.810879 550 1.136250 0.118144 1.158750 0.013896 
1.911790 550 1.136250 0.118144 1.158750 0.013896 
2.012393 550 1.136250 0.118144 1.158750 0.013896 
2.112952 550 1.136250 0.118144 1.158750 0.013896 
2.213516 550 1.136250 0.118144 1.158750 0.013896 
2.314076 550 1.136250 0.118144 1.158750 0.013896 
2.414632 550 1.136250 0.118144 1.158750 0.013896 
2.515224 550 1.136250 0.118144 1.158750 0.013896 
2.615805 550 1.136250 0.118144 1.158750 0.013896 
2.716396 550 1.136250 0.118144 1.158750 0.013896 
2.816973 550 1.136250 0.118144 1.158750 0.013896 
2.917539 550 1.136250 0.118144 1.158750 0.013896 
3.018148 550 1.136250 0.118144 1.158750 0.013896 
