0.000224 1100 1.200000 0.018000 0.990000 0.870210 
0.100766 1100 1.200000 0.018000 0.990000 0.870210 
0.201271 1100 1.200000 0.018000 0.990000 0.736560 
0.301804 1100 1.200000 0.018000 0.990000 0.736560 
0.402282 1100 1.200000 0.018000 0.990000 0.736560 
0.502731 1100 1.200000 0.018000 0.990000 0.736560 
0.603172 1100 1.200000 0.018000 0.990000 0.736560 
0.703678 1100 1.200000 0.018000 0.990000 0.847440 
0.804122 1100 1.200000 0.018000 0.990000 0.847440 
0.904565 1100 1.200000 0.018000 0.990000 0.847440 
