0.000479 300 0.950000 0.045600 1.158750 0.013896 
0.101446 300 0.950000 0.045600 1.158750 0.013896 
0.202376 300 0.948750 0.053088 1.158750 0.013896 
0.303222 300 0.948750 0.053088 1.158750 0.013896 
0.404068 300 0.948750 0.054984 1.158750 0.013896 
0.504901 300 0.948750 0.054984 1.158750 0.013896 
0.605735 300 0.948750 0.054984 1.158750 0.013896 
0.706616 300 0.948750 0.056880 1.158750 0.013896 
0.807652 300 0.948750 0.056880 1.158750 0.013896 
0.908586 300 0.948750 0.056880 1.158750 0.013896 
1.009522 300 0.950000 0.053200 1.158750 0.013896 
1.110384 300 0.950000 0.053200 1.158750 0.013896 
1.211220 300 0.950000 0.047500 1.158750 0.013896 
1.312134 300 0.950000 0.047500 1.158750 0.013896 
1.413027 300 0.950000 0.047500 1.158750 0.013896 
1.513931 300 0.950000 0.045600 1.158750 0.013896 
1.614796 300 0.950000 0.045600 1.158750 0.013896 
1.715651 300 0.950000 0.045600 1.158750 0.013896 
1.816499 300 0.950000 0.045600 1.158750 0.013896 
1.917455 300 0.950000 0.045600 1.158750 0.013896 
2.018325 300 0.950000 0.045600 1.158750 0.013896 
2.119222 300 0.950000 0.045600 1.158750 0.013896 
2.220083 300 0.950000 0.045600 1.158750 0.013896 
2.320937 300 0.950000 0.045600 1.158750 0.013896 
2.421886 300 0.950000 0.045600 1.158750 0.013896 
2.522766 300 0.950000 0.045600 1.158750 0.013896 
2.623609 300 0.950000 0.045600 1.158750 0.013896 
2.724441 300 0.950000 0.045600 1.158750 0.013896 
2.825275 300 0.950000 0.045600 1.158750 0.013896 
2.926211 300 0.950000 0.045600 1.158750 0.013896 
3.027205 300 0.950000 0.045600 1.158750 0.013896 
3.128093 300 0.950000 0.047500 1.158750 0.013896 
3.228962 300 0.950000 0.047500 1.158750 0.013896 
3.329822 300 0.950000 0.045600 1.158750 0.013896 
3.430705 300 0.950000 0.045600 1.158750 0.013896 
3.531542 300 0.950000 0.045600 1.158750 0.013896 
3.632427 300 0.950000 0.045600 1.158750 0.013896 
3.733265 300 0.950000 0.045600 1.158750 0.013896 
3.834138 300 0.950000 0.045600 1.158750 0.013896 
3.934989 300 0.950000 0.045600 1.158750 0.013896 
4.035838 300 0.950000 0.045600 1.158750 0.013896 
4.136702 300 0.950000 0.045600 1.158750 0.013896 
4.237645 300 0.950000 0.045600 1.158750 0.013896 
4.338507 300 0.950000 0.045600 1.158750 0.013896 
4.439371 300 0.950000 0.045600 1.158750 0.013896 
4.540218 300 0.950000 0.045600 1.158750 0.013896 
4.641052 300 0.950000 0.045600 1.158750 0.013896 
4.741889 300 0.950000 0.045600 1.158750 0.013896 
4.842759 300 0.950000 0.045600 1.158750 0.013896 
4.943619 300 0.950000 0.045600 1.158750 0.013896 
5.044468 300 0.950000 0.045600 1.158750 0.013896 
5.145341 300 0.950000 0.045600 1.158750 0.013896 
5.246271 300 0.950000 0.045600 1.158750 0.013896 
5.347221 300 0.950000 0.045600 1.158750 0.013896 
5.448083 300 0.950000 0.045600 1.158750 0.013896 
5.548940 300 0.950000 0.045600 1.158750 0.013896 
5.649776 300 0.950000 0.045600 1.158750 0.013896 
5.750609 300 0.950000 0.045600 1.158750 0.013896 
5.851443 300 0.950000 0.045600 1.158750 0.013896 
5.952361 300 0.950000 0.045600 1.158750 0.013896 
6.053242 300 0.950000 0.045600 1.158750 0.013896 
