0.000572 250 0.950000 0.042750 1.158750 0.013896 
0.101686 250 0.950000 0.042750 1.158750 0.013896 
0.202730 250 0.950000 0.042750 1.158750 0.013896 
0.303682 250 0.950000 0.048450 1.158750 0.013896 
0.404646 250 0.950000 0.048450 1.158750 0.013896 
0.505599 250 0.950000 0.048450 1.158750 0.013896 
0.606590 250 0.950000 0.048450 1.158750 0.013896 
0.707609 250 0.950000 0.048450 1.158750 0.013896 
0.808578 250 0.950000 0.048450 1.158750 0.013896 
0.909615 250 0.950000 0.048450 1.158750 0.013896 
1.010691 250 0.948750 0.048348 1.158750 0.013896 
1.111729 250 0.948750 0.048348 1.158750 0.013896 
1.212818 250 0.948750 0.048348 1.158750 0.013896 
1.313805 250 0.950000 0.039900 1.158750 0.013896 
1.414807 250 0.950000 0.039900 1.158750 0.013896 
1.515769 250 0.950000 0.039900 1.158750 0.013896 
1.622501 250 0.950000 0.038950 1.158750 0.013896 
1.723503 250 0.950000 0.038950 1.158750 0.013896 
1.824593 250 0.950000 0.040850 1.158750 0.013896 
1.925595 250 0.950000 0.040850 1.158750 0.013896 
2.026582 250 0.950000 0.040850 1.158750 0.013896 
2.127633 250 0.950000 0.039900 1.158750 0.013896 
2.228602 250 0.950000 0.039900 1.158750 0.013896 
2.329599 250 0.950000 0.038950 1.158750 0.013896 
2.430605 250 0.950000 0.038950 1.158750 0.013896 
2.531585 250 0.950000 0.038950 1.158750 0.013896 
2.632628 250 0.950000 0.038950 1.158750 0.013896 
2.733625 250 0.950000 0.038950 1.158750 0.013896 
2.834676 250 0.950000 0.038950 1.158750 0.013896 
2.935749 250 0.950000 0.040850 1.158750 0.013896 
3.036789 250 0.950000 0.040850 1.158750 0.013896 
3.137852 250 0.950000 0.039900 1.158750 0.013896 
3.238831 250 0.950000 0.039900 1.158750 0.013896 
3.339815 250 0.950000 0.039900 1.158750 0.013896 
3.440833 250 0.950000 0.039900 1.158750 0.013896 
3.541820 250 0.950000 0.039900 1.158750 0.013896 
3.642867 250 0.950000 0.038950 1.158750 0.013896 
3.743836 250 0.950000 0.038950 1.158750 0.013896 
3.844802 250 0.950000 0.038950 1.158750 0.013896 
3.945767 250 0.950000 0.038950 1.158750 0.013896 
4.046786 250 0.950000 0.038950 1.158750 0.013896 
4.147843 250 0.950000 0.038950 1.158750 0.013896 
4.248823 250 0.950000 0.038950 1.158750 0.013896 
4.349831 250 0.950000 0.038950 1.158750 0.013896 
4.450845 250 0.950000 0.038950 1.158750 0.013896 
4.551826 250 0.950000 0.038950 1.158750 0.013896 
4.652878 250 0.950000 0.038950 1.158750 0.013896 
4.753866 250 0.950000 0.038950 1.158750 0.013896 
4.854832 250 0.950000 0.038950 1.158750 0.013896 
4.955802 250 0.950000 0.038950 1.158750 0.013896 
5.056841 250 0.950000 0.038950 1.158750 0.013896 
5.157884 250 0.950000 0.038950 1.158750 0.013896 
5.258867 250 0.950000 0.038950 1.158750 0.013896 
5.359857 250 0.950000 0.038950 1.158750 0.013896 
5.460860 250 0.950000 0.038950 1.158750 0.013896 
5.561841 250 0.950000 0.038950 1.158750 0.013896 
5.662904 250 0.950000 0.038950 1.158750 0.013896 
5.763868 250 0.950000 0.038950 1.158750 0.013896 
5.864825 250 0.950000 0.038950 1.158750 0.013896 
5.965793 250 0.950000 0.038950 1.158750 0.013896 
6.066760 250 0.950000 0.039900 1.158750 0.013896 
6.167838 250 0.950000 0.039900 1.158750 0.013896 
6.268856 250 0.950000 0.039900 1.158750 0.013896 
6.369846 250 0.950000 0.038950 1.158750 0.013896 
6.470863 250 0.950000 0.038950 1.158750 0.013896 
6.571869 250 0.950000 0.038950 1.158750 0.013896 
6.672914 250 0.950000 0.038950 1.158750 0.013896 
6.773914 250 0.950000 0.038950 1.158750 0.013896 
6.874898 250 0.950000 0.039900 1.158750 0.013896 
6.975878 250 0.950000 0.039900 1.158750 0.013896 
7.076845 250 0.950000 0.038950 1.158750 0.013896 
7.177874 250 0.950000 0.038950 1.158750 0.013896 
