0.000386 400 0.961250 0.059582 1.158750 0.013896 
0.101151 400 0.961250 0.059582 1.158750 0.013896 
0.201862 400 0.961250 0.068231 1.158750 0.013896 
0.302617 400 0.961250 0.068231 1.158750 0.013896 
0.403314 400 0.961250 0.068231 1.158750 0.013896 
0.504007 400 0.961250 0.074958 1.158750 0.013896 
0.604799 400 0.961250 0.074958 1.158750 0.013896 
0.705516 400 0.961250 0.074958 1.158750 0.013896 
0.806229 400 0.961250 0.074958 1.158750 0.013896 
0.906975 400 0.961250 0.074958 1.158750 0.013896 
1.007801 400 0.961250 0.060543 1.158750 0.013896 
1.108534 400 0.961250 0.060543 1.158750 0.013896 
1.209248 400 0.961250 0.060543 1.158750 0.013896 
1.309966 400 0.961250 0.062465 1.158750 0.013896 
1.410663 400 0.961250 0.062465 1.158750 0.013896 
1.511344 400 0.961250 0.062465 1.158750 0.013896 
1.612020 400 0.961250 0.059582 1.158750 0.013896 
1.712748 400 0.961250 0.059582 1.158750 0.013896 
1.813424 400 0.961250 0.060543 1.158750 0.013896 
1.914110 400 0.961250 0.060543 1.158750 0.013896 
2.014786 400 0.961250 0.060543 1.158750 0.013896 
2.115479 400 0.961250 0.059582 1.158750 0.013896 
2.216183 400 0.961250 0.059582 1.158750 0.013896 
2.316905 400 0.961250 0.059582 1.158750 0.013896 
2.417650 400 0.961250 0.059582 1.158750 0.013896 
2.518339 400 0.961250 0.059582 1.158750 0.013896 
2.619064 400 0.961250 0.059582 1.158750 0.013896 
2.719767 400 0.961250 0.059582 1.158750 0.013896 
2.822435 400 0.961250 0.059582 1.158750 0.013896 
2.923177 400 0.961250 0.059582 1.158750 0.013896 
3.023938 400 0.961250 0.059582 1.158750 0.013896 
3.124656 400 0.961250 0.060543 1.158750 0.013896 
3.225367 400 0.961250 0.060543 1.158750 0.013896 
3.326080 400 0.961250 0.060543 1.158750 0.013896 
3.426767 400 0.961250 0.059582 1.158750 0.013896 
3.527515 400 0.961250 0.059582 1.158750 0.013896 
3.628657 400 0.961250 0.059582 1.158750 0.013896 
3.729347 400 0.961250 0.059582 1.158750 0.013896 
3.830060 400 0.961250 0.059582 1.158750 0.013896 
3.930747 400 0.961250 0.059582 1.158750 0.013896 
4.031440 400 0.961250 0.059582 1.158750 0.013896 
4.132142 400 0.961250 0.059582 1.158750 0.013896 
4.232873 400 0.961250 0.060543 1.158750 0.013896 
4.333578 400 0.961250 0.060543 1.158750 0.013896 
4.434261 400 0.961250 0.060543 1.158750 0.013896 
4.534976 400 0.961250 0.060543 1.158750 0.013896 
