0.000433 350 0.948750 0.054036 1.158750 0.013896 
0.101290 350 0.948750 0.054036 1.158750 0.013896 
0.202072 350 0.948750 0.064464 1.158750 0.013896 
0.302862 350 0.948750 0.064464 1.158750 0.013896 
0.403621 350 0.948750 0.064464 1.158750 0.013896 
0.504373 350 0.948750 0.062568 1.158750 0.013896 
0.605137 350 0.948750 0.062568 1.158750 0.013896 
0.705988 350 0.948750 0.063516 1.158750 0.013896 
0.806832 350 0.948750 0.063516 1.158750 0.013896 
0.907781 350 0.948750 0.063516 1.158750 0.013896 
1.008619 350 0.948750 0.054036 1.158750 0.013896 
1.109407 350 0.948750 0.054036 1.158750 0.013896 
1.210169 350 0.948750 0.052140 1.158750 0.013896 
1.310922 350 0.948750 0.052140 1.158750 0.013896 
1.411694 350 0.948750 0.052140 1.158750 0.013896 
1.512545 350 0.948750 0.052140 1.158750 0.013896 
1.613314 350 0.948750 0.052140 1.158750 0.013896 
1.714080 350 0.948750 0.052140 1.158750 0.013896 
1.814849 350 0.948750 0.052140 1.158750 0.013896 
1.915601 350 0.948750 0.052140 1.158750 0.013896 
2.016351 350 0.948750 0.052140 1.158750 0.013896 
2.117141 350 0.948750 0.052140 1.158750 0.013896 
2.217942 350 0.948750 0.052140 1.158750 0.013896 
2.318736 350 0.948750 0.052140 1.158750 0.013896 
2.419535 350 0.948750 0.052140 1.158750 0.013896 
2.520335 350 0.948750 0.052140 1.158750 0.013896 
2.621115 350 0.950000 0.052250 1.158750 0.013896 
2.721886 350 0.950000 0.052250 1.158750 0.013896 
2.822709 350 0.948750 0.052140 1.158750 0.013896 
2.923547 350 0.948750 0.052140 1.158750 0.013896 
3.024384 350 0.948750 0.052140 1.158750 0.013896 
3.125162 350 0.948750 0.052140 1.158750 0.013896 
3.225932 350 0.948750 0.052140 1.158750 0.013896 
3.326732 350 0.948750 0.053088 1.158750 0.013896 
3.427573 350 0.948750 0.053088 1.158750 0.013896 
3.528370 350 0.948750 0.053088 1.158750 0.013896 
3.629138 350 0.950000 0.052250 1.158750 0.013896 
3.729898 350 0.950000 0.052250 1.158750 0.013896 
3.830685 350 0.950000 0.052250 1.158750 0.013896 
3.931466 350 0.950000 0.052250 1.158750 0.013896 
4.032241 350 0.950000 0.052250 1.158750 0.013896 
4.132997 350 0.948750 0.052140 1.158750 0.013896 
4.233797 350 0.948750 0.052140 1.158750 0.013896 
4.334586 350 0.948750 0.052140 1.158750 0.013896 
4.435389 350 0.948750 0.052140 1.158750 0.013896 
4.536191 350 0.948750 0.052140 1.158750 0.013896 
4.636957 350 0.948750 0.052140 1.158750 0.013896 
4.737782 350 0.948750 0.052140 1.158750 0.013896 
4.838569 350 0.948750 0.052140 1.158750 0.013896 
4.939333 350 0.950000 0.052250 1.158750 0.013896 
