0.000267 900 1.200000 0.018000 0.928750 0.612480 
0.100903 900 1.200000 0.018000 0.928750 0.623616 
0.201461 900 1.200000 0.018000 0.928750 0.623616 
0.302015 900 1.200000 0.018000 0.928750 0.542880 
0.402621 900 1.200000 0.018000 0.928750 0.542880 
0.503122 900 1.200000 0.018000 0.928750 0.542880 
0.603651 900 1.200000 0.018000 0.928750 0.566080 
0.704170 900 1.200000 0.018000 0.928750 0.566080 
0.804701 900 1.200000 0.018000 0.928750 0.566080 
0.905244 900 1.200000 0.018000 0.928750 0.623616 
1.005825 900 1.200000 0.018000 0.928750 0.623616 
1.106434 900 1.200000 0.018000 0.928750 0.617120 
1.206980 900 1.200000 0.018000 0.928750 0.617120 
