0.000309 800 1.200000 0.018000 0.917500 0.528192 
0.101012 800 1.200000 0.018000 0.917500 0.528192 
0.201627 800 1.200000 0.018000 0.917500 0.449330 
0.302271 800 1.200000 0.018000 0.917500 0.449330 
0.402934 800 1.200000 0.018000 0.917500 0.449330 
0.503569 800 1.200000 0.018000 0.917500 0.490595 
0.604137 800 1.200000 0.018000 0.917500 0.490595 
0.704696 800 1.200000 0.018000 0.917500 0.490595 
0.805266 800 1.200000 0.018000 0.917500 0.535528 
0.905870 800 1.200000 0.018000 0.917500 0.535528 
1.006544 800 1.200000 0.018000 0.917500 0.512603 
1.107229 800 1.200000 0.018000 0.917500 0.512603 
1.207884 800 1.200000 0.018000 0.917500 0.512603 
1.308498 800 1.200000 0.018000 0.917500 0.519022 
1.409088 800 1.200000 0.018000 0.917500 0.519022 
1.509727 800 1.200000 0.018000 0.917500 0.519022 
1.610308 800 1.200000 0.018000 0.917500 0.531860 
1.710993 800 1.200000 0.018000 0.917500 0.531860 
1.811642 800 1.200000 0.018000 0.917500 0.531860 
1.912485 800 1.200000 0.018000 0.917500 0.531860 
2.013366 800 1.200000 0.018000 0.917500 0.531860 
2.114201 800 1.200000 0.018000 0.917500 0.449330 
2.215036 800 1.200000 0.018000 0.917500 0.449330 
2.315871 800 1.200000 0.018000 0.920000 0.072680 
2.416621 800 1.200000 0.018000 0.920000 0.072680 
2.517336 800 1.200000 0.018000 0.920000 0.072680 
2.618047 800 1.200000 0.018000 0.920000 0.071760 
2.718716 800 1.200000 0.018000 0.920000 0.071760 
2.819488 800 1.200000 0.018000 0.920000 0.071760 
2.920159 800 1.200000 0.018000 0.920000 0.094760 
3.020924 800 1.200000 0.018000 0.920000 0.094760 
3.121682 800 1.200000 0.018000 0.918750 0.150552 
3.222439 800 1.200000 0.018000 0.918750 0.150552 
3.323222 800 1.200000 0.018000 0.918750 0.150552 
3.423902 800 1.200000 0.018000 0.920000 0.184000 
3.524637 800 1.200000 0.018000 0.920000 0.184000 
3.625355 800 1.200000 0.018000 0.920000 0.055200 
3.726738 800 1.200000 0.018000 0.920000 0.055200 
