0.000440 350 0.948750 0.053088 1.158750 0.013896 
0.101279 350 0.948750 0.053088 1.158750 0.013896 
0.202053 350 0.948750 0.053088 1.158750 0.013896 
0.302803 350 0.948750 0.064464 1.158750 0.013896 
0.403517 350 0.948750 0.064464 1.158750 0.013896 
0.504247 350 0.948750 0.064464 1.158750 0.013896 
0.605043 350 0.948750 0.064464 1.158750 0.013896 
0.705874 350 0.948750 0.064464 1.158750 0.013896 
0.806974 350 0.948750 0.061620 1.158750 0.013896 
0.907798 350 0.948750 0.061620 1.158750 0.013896 
1.008620 350 0.948750 0.053088 1.158750 0.013896 
1.109425 350 0.948750 0.053088 1.158750 0.013896 
1.210227 350 0.948750 0.053088 1.158750 0.013896 
1.310994 350 0.948750 0.053088 1.158750 0.013896 
1.411726 350 0.948750 0.053088 1.158750 0.013896 
1.512446 350 0.948750 0.053088 1.158750 0.013896 
1.613191 350 0.948750 0.050244 1.158750 0.013896 
1.713929 350 0.948750 0.050244 1.158750 0.013896 
1.814809 350 0.948750 0.051192 1.158750 0.013896 
1.915551 350 0.948750 0.051192 1.158750 0.013896 
2.016276 350 0.948750 0.051192 1.158750 0.013896 
2.117009 350 0.948750 0.050244 1.158750 0.013896 
2.217740 350 0.948750 0.050244 1.158750 0.013896 
2.318521 350 0.948750 0.050244 1.158750 0.013896 
2.419303 350 0.948750 0.050244 1.158750 0.013896 
2.520122 350 0.948750 0.050244 1.158750 0.013896 
2.620874 350 0.948750 0.050244 1.158750 0.013896 
2.721606 350 0.948750 0.050244 1.158750 0.013896 
2.822442 350 0.948750 0.050244 1.158750 0.013896 
2.923287 350 0.948750 0.052140 1.158750 0.013896 
3.024096 350 0.948750 0.052140 1.158750 0.013896 
3.124972 350 0.948750 0.054984 1.158750 0.013896 
3.225733 350 0.948750 0.054984 1.158750 0.013896 
3.326500 350 0.948750 0.054984 1.158750 0.013896 
3.427232 350 0.950000 0.050350 1.158750 0.013896 
3.527980 350 0.950000 0.050350 1.158750 0.013896 
3.628732 350 0.950000 0.050350 1.158750 0.013896 
3.729426 350 0.950000 0.050350 1.158750 0.013896 
3.830230 350 0.950000 0.050350 1.158750 0.013896 
3.930973 350 0.948750 0.050244 1.158750 0.013896 
4.031730 350 0.948750 0.050244 1.158750 0.013896 
4.132471 350 0.948750 0.050244 1.158750 0.013896 
4.233188 350 0.948750 0.050244 1.158750 0.013896 
4.333949 350 0.948750 0.050244 1.158750 0.013896 
4.434757 350 0.948750 0.050244 1.158750 0.013896 
4.535533 350 0.948750 0.050244 1.158750 0.013896 
4.636290 350 0.948750 0.050244 1.158750 0.013896 
4.737027 350 0.948750 0.050244 1.158750 0.013896 
4.837833 350 0.948750 0.050244 1.158750 0.013896 
4.938568 350 0.948750 0.050244 1.158750 0.013896 
5.039284 350 0.948750 0.051192 1.158750 0.013896 
5.140216 350 0.948750 0.051192 1.158750 0.013896 
5.240944 350 0.948750 0.050244 1.158750 0.013896 
5.341707 350 0.948750 0.050244 1.158750 0.013896 
5.442435 350 0.948750 0.050244 1.158750 0.013896 
5.543181 350 0.948750 0.050244 1.158750 0.013896 
5.643994 350 0.948750 0.050244 1.158750 0.013896 
5.746045 350 0.948750 0.050244 1.158750 0.013896 
5.847154 350 0.948750 0.052140 1.158750 0.013896 
5.947996 350 0.948750 0.052140 1.158750 0.013896 
6.048791 350 0.948750 0.057828 1.158750 0.013896 
6.149847 350 0.948750 0.057828 1.158750 0.013896 
6.250853 350 0.948750 0.057828 1.158750 0.013896 
6.351704 350 0.950000 0.038000 1.158750 0.013896 
6.453192 350 0.950000 0.038000 1.158750 0.013896 
6.554119 350 0.950000 0.055100 1.158750 0.013896 
6.655018 350 0.950000 0.055100 1.158750 0.013896 
6.755835 350 0.950000 0.055100 1.158750 0.013896 
6.856702 350 0.950000 0.030400 1.158750 0.013896 
6.957580 350 0.950000 0.030400 1.158750 0.013896 
7.058452 350 0.950000 0.030400 1.158750 0.013896 
7.159327 350 0.950000 0.039900 1.158750 0.013896 
7.260358 350 0.950000 0.039900 1.158750 0.013896 
7.361192 350 0.951250 0.009510 1.158750 0.013896 
7.462053 350 0.951250 0.009510 1.158750 0.013896 
7.562913 350 0.951250 0.009510 1.158750 0.013896 
