0.000195 1400 1.200000 0.018000 1.090000 1.347240 
0.100643 1400 1.200000 0.018000 1.090000 1.331980 
0.201079 1400 1.200000 0.018000 1.090000 1.331980 
0.301523 1400 1.200000 0.018000 1.090000 1.331980 
0.401903 1400 1.200000 0.018000 1.088750 1.152192 
0.502347 1400 1.200000 0.018000 1.088750 1.152192 
0.602793 1400 1.200000 0.018000 1.090000 1.308000 
0.703347 1400 1.200000 0.018000 1.090000 1.308000 
0.803788 1400 1.200000 0.018000 1.090000 1.308000 
0.904212 1400 1.200000 0.018000 1.090000 1.312360 
1.004625 1400 1.200000 0.018000 1.090000 1.312360 
1.105095 1400 1.200000 0.018000 1.090000 1.312360 
1.205717 1400 1.200000 0.018000 1.090000 1.301460 
1.306200 1400 1.200000 0.018000 1.090000 1.301460 
1.406798 1400 1.200000 0.018000 1.092500 0.526344 
1.507409 1400 1.200000 0.018000 1.092500 0.526344 
1.608019 1400 1.200000 0.018000 1.092500 0.526344 
1.708477 1400 1.200000 0.018000 1.095000 0.169725 
1.809031 1400 1.200000 0.018000 1.095000 0.169725 
1.909495 1400 1.200000 0.018000 1.095000 0.169725 
2.009957 1400 1.200000 0.018000 1.091250 0.688421 
2.110416 1400 1.200000 0.018000 1.091250 0.688421 
2.210930 1400 1.200000 0.018000 1.091250 0.532408 
2.311453 1400 1.200000 0.018000 1.091250 0.532408 
2.411964 1400 1.200000 0.018000 1.091250 0.532408 
2.512421 1400 1.200000 0.018000 1.095000 0.180675 
2.612882 1400 1.200000 0.018000 1.095000 0.180675 
2.713382 1400 1.200000 0.018000 1.093750 0.243739 
2.813914 1400 1.200000 0.018000 1.093750 0.243739 
2.914421 1400 1.200000 0.018000 1.093750 0.243739 
