0.000496 300 0.948750 0.053088 1.158750 0.013896 
0.101455 300 0.948750 0.053088 1.158750 0.013896 
0.202381 300 0.948750 0.053088 1.158750 0.013896 
0.303199 300 0.948750 0.055932 1.158750 0.013896 
0.404014 300 0.948750 0.055932 1.158750 0.013896 
0.504846 300 0.948750 0.055932 1.158750 0.013896 
0.605675 300 0.948750 0.056880 1.158750 0.013896 
0.706526 300 0.948750 0.056880 1.158750 0.013896 
0.807543 300 0.948750 0.053088 1.158750 0.013896 
0.908467 300 0.948750 0.053088 1.158750 0.013896 
1.009381 300 0.948750 0.053088 1.158750 0.013896 
1.110278 300 0.950000 0.050350 1.158750 0.013896 
1.211172 300 0.950000 0.050350 1.158750 0.013896 
1.312072 300 0.950000 0.043700 1.158750 0.013896 
1.412908 300 0.950000 0.043700 1.158750 0.013896 
1.513770 300 0.950000 0.043700 1.158750 0.013896 
1.614594 300 0.950000 0.044650 1.158750 0.013896 
1.715450 300 0.950000 0.044650 1.158750 0.013896 
1.816287 300 0.950000 0.044650 1.158750 0.013896 
1.917199 300 0.950000 0.044650 1.158750 0.013896 
2.018110 300 0.950000 0.044650 1.158750 0.013896 
2.118963 300 0.950000 0.044650 1.158750 0.013896 
2.219804 300 0.950000 0.044650 1.158750 0.013896 
2.320653 300 0.950000 0.044650 1.158750 0.013896 
2.421508 300 0.950000 0.043700 1.158750 0.013896 
2.522454 300 0.950000 0.043700 1.158750 0.013896 
2.623292 300 0.950000 0.043700 1.158750 0.013896 
2.724136 300 0.950000 0.043700 1.158750 0.013896 
2.825003 300 0.950000 0.043700 1.158750 0.013896 
2.925920 300 0.950000 0.043700 1.158750 0.013896 
3.027075 300 0.950000 0.043700 1.158750 0.013896 
3.127995 300 0.950000 0.043700 1.158750 0.013896 
3.228834 300 0.948750 0.047400 1.158750 0.013896 
3.329671 300 0.948750 0.047400 1.158750 0.013896 
3.430512 300 0.950000 0.045600 1.158750 0.013896 
3.531391 300 0.950000 0.045600 1.158750 0.013896 
3.632392 300 0.950000 0.045600 1.158750 0.013896 
3.733324 300 0.950000 0.044650 1.158750 0.013896 
3.834255 300 0.950000 0.044650 1.158750 0.013896 
3.935176 300 0.950000 0.044650 1.158750 0.013896 
4.036084 300 0.950000 0.046550 1.158750 0.013896 
4.137032 300 0.950000 0.046550 1.158750 0.013896 
4.237867 300 0.950000 0.044650 1.158750 0.013896 
4.338700 300 0.950000 0.044650 1.158750 0.013896 
4.439548 300 0.950000 0.044650 1.158750 0.013896 
4.540400 300 0.950000 0.043700 1.158750 0.013896 
4.641237 300 0.950000 0.043700 1.158750 0.013896 
4.742297 300 0.950000 0.044650 1.158750 0.013896 
4.846957 300 0.950000 0.044650 1.158750 0.013896 
4.947846 300 0.950000 0.044650 1.158750 0.013896 
5.048732 300 0.950000 0.044650 1.158750 0.013896 
5.149566 300 0.950000 0.044650 1.158750 0.013896 
5.250383 300 0.950000 0.044650 1.158750 0.013896 
5.351207 300 0.950000 0.044650 1.158750 0.013896 
5.452120 300 0.950000 0.044650 1.158750 0.013896 
5.552952 300 0.950000 0.043700 1.158750 0.013896 
5.653776 300 0.950000 0.043700 1.158750 0.013896 
5.754604 300 0.950000 0.043700 1.158750 0.013896 
5.855467 300 0.950000 0.043700 1.158750 0.013896 
5.956365 300 0.950000 0.043700 1.158750 0.013896 
6.057629 300 0.950000 0.044650 1.158750 0.013896 
6.158461 300 0.950000 0.044650 1.158750 0.013896 
6.259298 300 0.950000 0.044650 1.158750 0.013896 
6.360150 300 0.950000 0.043700 1.158750 0.013896 
6.461021 300 0.950000 0.043700 1.158750 0.013896 
6.561889 300 0.950000 0.043700 1.158750 0.013896 
6.662717 300 0.950000 0.043700 1.158750 0.013896 
6.763571 300 0.950000 0.043700 1.158750 0.013896 
6.864441 300 0.950000 0.048450 1.158750 0.013896 
6.965460 300 0.950000 0.048450 1.158750 0.013896 
7.066369 300 0.950000 0.048450 1.158750 0.013896 
7.167385 300 0.950000 0.029450 1.158750 0.013896 
7.268349 300 0.950000 0.029450 1.158750 0.013896 
7.369296 300 0.950000 0.029450 1.158750 0.013896 
7.470245 300 0.951250 0.010461 1.158750 0.013896 
7.571164 300 0.951250 0.010461 1.158750 0.013896 
7.672132 300 0.951250 0.008559 1.158750 0.013896 
7.773049 300 0.951250 0.008559 1.158750 0.013896 
7.874054 300 0.951250 0.008559 1.158750 0.013896 
7.975036 300 0.950000 0.033250 1.158750 0.013896 
8.076020 300 0.950000 0.033250 1.158750 0.013896 
8.177110 300 0.951250 0.012363 1.158750 0.013896 
8.278562 300 0.951250 0.012363 1.158750 0.013896 
8.379574 300 0.951250 0.012363 1.158750 0.013896 
8.480584 300 0.951250 0.011412 1.158750 0.013896 
