0.000308 550 1.136250 0.118144 1.158750 0.013896 
0.100908 550 1.136250 0.118144 1.158750 0.013896 
0.201486 550 1.136250 0.115872 1.158750 0.013896 
0.302077 550 1.136250 0.115872 1.158750 0.013896 
0.402637 550 1.136250 0.144272 1.158750 0.013896 
0.503318 550 1.136250 0.144272 1.158750 0.013896 
0.603943 550 1.136250 0.144272 1.158750 0.013896 
0.704520 550 1.136250 0.144272 1.158750 0.013896 
0.805095 550 1.136250 0.144272 1.158750 0.013896 
0.905691 550 1.136250 0.144272 1.158750 0.013896 
1.006317 550 1.136250 0.114736 1.158750 0.013896 
1.106941 550 1.136250 0.114736 1.158750 0.013896 
1.207551 550 1.136250 0.121552 1.158750 0.013896 
1.308162 550 1.136250 0.121552 1.158750 0.013896 
1.408758 550 1.136250 0.121552 1.158750 0.013896 
1.509321 550 1.136250 0.118144 1.158750 0.013896 
1.610170 550 1.136250 0.118144 1.158750 0.013896 
1.710752 550 1.136250 0.114736 1.158750 0.013896 
1.811362 550 1.136250 0.114736 1.158750 0.013896 
1.911965 550 1.136250 0.114736 1.158750 0.013896 
2.012595 550 1.136250 0.117008 1.158750 0.013896 
2.113263 550 1.136250 0.117008 1.158750 0.013896 
2.213869 550 1.136250 0.117008 1.158750 0.013896 
2.314482 550 1.136250 0.114736 1.158750 0.013896 
2.415128 550 1.136250 0.114736 1.158750 0.013896 
2.515766 550 1.136250 0.115872 1.158750 0.013896 
2.616400 550 1.136250 0.115872 1.158750 0.013896 
2.717023 550 1.136250 0.115872 1.158750 0.013896 
2.817640 550 1.136250 0.127232 1.158750 0.013896 
2.918328 550 1.136250 0.127232 1.158750 0.013896 
3.018953 550 1.136250 0.127232 1.158750 0.013896 
3.119565 550 1.136250 0.118144 1.158750 0.013896 
3.220185 550 1.136250 0.118144 1.158750 0.013896 
3.321159 550 1.136250 0.123824 1.158750 0.013896 
3.421766 550 1.136250 0.123824 1.158750 0.013896 
3.522385 550 1.136250 0.123824 1.158750 0.013896 
3.622943 550 1.136250 0.114736 1.158750 0.013896 
3.723617 550 1.136250 0.114736 1.158750 0.013896 
3.824234 550 1.136250 0.115872 1.158750 0.013896 
3.924827 550 1.136250 0.115872 1.158750 0.013896 
4.025419 550 1.136250 0.115872 1.158750 0.013896 
4.126087 550 1.136250 0.121552 1.158750 0.013896 
4.226712 550 1.136250 0.121552 1.158750 0.013896 
4.327316 550 1.136250 0.121552 1.158750 0.013896 
4.427952 550 1.136250 0.123824 1.158750 0.013896 
4.528617 550 1.136250 0.123824 1.158750 0.013896 
4.629204 550 1.136250 0.127232 1.158750 0.013896 
4.729799 550 1.136250 0.127232 1.158750 0.013896 
4.830428 550 1.136250 0.127232 1.158750 0.013896 
4.931046 550 1.136250 0.126096 1.158750 0.013896 
5.031628 550 1.136250 0.126096 1.158750 0.013896 
5.132211 550 1.136250 0.126096 1.158750 0.013896 
5.233045 550 1.136250 0.140864 1.158750 0.013896 
5.333730 550 1.136250 0.140864 1.158750 0.013896 
5.434355 550 1.136250 0.135184 1.158750 0.013896 
5.535002 550 1.136250 0.135184 1.158750 0.013896 
5.635619 550 1.136250 0.135184 1.158750 0.013896 
5.736270 550 1.136250 0.132912 1.158750 0.013896 
5.836896 550 1.136250 0.132912 1.158750 0.013896 
5.937518 550 1.137500 0.048891 1.158750 0.013896 
6.038344 550 1.137500 0.048891 1.158750 0.013896 
6.138999 550 1.137500 0.048891 1.158750 0.013896 
6.239620 550 1.136250 0.092016 1.158750 0.013896 
6.340241 550 1.136250 0.092016 1.158750 0.013896 
6.440914 550 1.136250 0.092016 1.158750 0.013896 
6.541507 550 1.137500 0.046617 1.158750 0.013896 
6.642147 550 1.137500 0.046617 1.158750 0.013896 
