0.000184 1500 1.200000 0.018000 1.127500 1.340003 
0.100614 1500 1.200000 0.018000 1.127500 1.351273 
0.201038 1500 1.200000 0.018000 1.127500 1.351273 
0.301481 1500 1.200000 0.018000 1.127500 1.351273 
0.401954 1500 1.200000 0.018000 1.127500 1.385083 
0.502396 1500 1.200000 0.018000 1.127500 1.385083 
0.602832 1500 1.200000 0.018000 1.128750 1.417896 
0.703264 1500 1.200000 0.018000 1.128750 1.417896 
0.803682 1500 1.200000 0.018000 1.128750 1.417896 
0.904039 1500 1.200000 0.018000 1.128750 1.438200 
1.004414 1500 1.200000 0.018000 1.128750 1.438200 
1.104841 1500 1.200000 0.018000 1.130000 1.553750 
1.205302 1500 1.200000 0.018000 1.130000 1.553750 
1.305825 1500 1.200000 0.018000 1.130000 1.553750 
1.406301 1500 1.200000 0.018000 1.127500 1.374940 
1.506797 1500 1.200000 0.018000 1.127500 1.374940 
1.607376 1500 1.200000 0.018000 1.127500 1.374940 
1.707885 1500 1.200000 0.018000 1.130000 0.513020 
1.808381 1500 1.200000 0.018000 1.130000 0.513020 
1.908862 1500 1.200000 0.018000 1.132500 0.172064 
2.009208 1500 1.200000 0.018000 1.132500 0.172064 
2.109597 1500 1.200000 0.018000 1.132500 0.172064 
2.210023 1500 1.200000 0.018000 1.131250 0.271440 
2.310423 1500 1.200000 0.018000 1.131250 0.271440 
2.410797 1500 1.200000 0.018000 1.131250 0.271440 
2.511317 1500 1.200000 0.018000 1.127500 0.570262 
2.611899 1500 1.200000 0.018000 1.127500 0.570262 
2.712479 1500 1.200000 0.018000 1.130000 0.548050 
2.813060 1500 1.200000 0.018000 1.130000 0.548050 
2.913641 1500 1.200000 0.018000 1.130000 0.548050 
3.014201 1500 1.200000 0.018000 1.132500 0.130180 
3.114652 1500 1.200000 0.018000 1.132500 0.130180 
3.215103 1500 1.200000 0.018000 1.132500 0.184516 
3.315543 1500 1.200000 0.018000 1.132500 0.184516 
3.415993 1500 1.200000 0.018000 1.132500 0.184516 
3.516436 1500 1.200000 0.018000 1.131250 0.338169 
3.616917 1500 1.200000 0.018000 1.131250 0.338169 
