0.000351 500 1.073750 0.091205 1.158750 0.013896 
0.100989 500 1.073750 0.091205 1.158750 0.013896 
0.201601 500 1.073750 0.108373 1.158750 0.013896 
0.302189 500 1.073750 0.108373 1.158750 0.013896 
0.402817 500 1.073750 0.118030 1.158750 0.013896 
0.503543 500 1.073750 0.118030 1.158750 0.013896 
0.604186 500 1.073750 0.118030 1.158750 0.013896 
0.704850 500 1.073750 0.100862 1.158750 0.013896 
0.805478 500 1.073750 0.100862 1.158750 0.013896 
0.906153 500 1.073750 0.100862 1.158750 0.013896 
1.006816 500 1.073750 0.097643 1.158750 0.013896 
1.107714 500 1.073750 0.097643 1.158750 0.013896 
1.208439 500 1.073750 0.103008 1.158750 0.013896 
1.309135 500 1.073750 0.103008 1.158750 0.013896 
1.410051 500 1.073750 0.103008 1.158750 0.013896 
1.510727 500 1.073750 0.100862 1.158750 0.013896 
1.611419 500 1.073750 0.100862 1.158750 0.013896 
1.712099 500 1.073750 0.100862 1.158750 0.013896 
1.812750 500 1.073750 0.100862 1.158750 0.013896 
1.913626 500 1.073750 0.100862 1.158750 0.013896 
2.014358 500 1.073750 0.100862 1.158750 0.013896 
2.115036 500 1.073750 0.100862 1.158750 0.013896 
2.215716 500 1.073750 0.100862 1.158750 0.013896 
2.316364 500 1.073750 0.100862 1.158750 0.013896 
2.417034 500 1.073750 0.100862 1.158750 0.013896 
2.517681 500 1.073750 0.094424 1.158750 0.013896 
2.618370 500 1.073750 0.094424 1.158750 0.013896 
2.718986 500 1.073750 0.094424 1.158750 0.013896 
2.819617 500 1.073750 0.091205 1.158750 0.013896 
2.920284 500 1.073750 0.091205 1.158750 0.013896 
3.020923 500 1.073750 0.091205 1.158750 0.013896 
3.121582 500 1.073750 0.091205 1.158750 0.013896 
3.222245 500 1.073750 0.091205 1.158750 0.013896 
3.322888 500 1.073750 0.097643 1.158750 0.013896 
3.423682 500 1.073750 0.097643 1.158750 0.013896 
3.524339 500 1.073750 0.097643 1.158750 0.013896 
3.624954 500 1.073750 0.092278 1.158750 0.013896 
3.725564 500 1.073750 0.092278 1.158750 0.013896 
3.826186 500 1.075000 0.091375 1.158750 0.013896 
3.926790 500 1.075000 0.091375 1.158750 0.013896 
4.027410 500 1.075000 0.091375 1.158750 0.013896 
4.128115 500 1.073750 0.091205 1.158750 0.013896 
4.228767 500 1.073750 0.091205 1.158750 0.013896 
4.329368 500 1.073750 0.091205 1.158750 0.013896 
4.429961 500 1.073750 0.091205 1.158750 0.013896 
4.530614 500 1.073750 0.091205 1.158750 0.013896 
4.631221 500 1.073750 0.090132 1.158750 0.013896 
4.731808 500 1.073750 0.090132 1.158750 0.013896 
4.832393 500 1.073750 0.090132 1.158750 0.013896 
4.933011 500 1.073750 0.092278 1.158750 0.013896 
5.034072 500 1.073750 0.092278 1.158750 0.013896 
5.134709 500 1.073750 0.092278 1.158750 0.013896 
5.235426 500 1.075000 0.091375 1.158750 0.013896 
5.336111 500 1.075000 0.091375 1.158750 0.013896 
5.436833 500 1.075000 0.090300 1.158750 0.013896 
5.537804 500 1.075000 0.090300 1.158750 0.013896 
5.638641 500 1.075000 0.090300 1.158750 0.013896 
5.739359 500 1.076250 0.023672 1.158750 0.013896 
5.840067 500 1.076250 0.023672 1.158750 0.013896 
5.940729 500 1.076250 0.024748 1.158750 0.013896 
6.041439 500 1.076250 0.024748 1.158750 0.013896 
6.142092 500 1.076250 0.024748 1.158750 0.013896 
6.242791 500 1.076250 0.027976 1.158750 0.013896 
6.343646 500 1.076250 0.027976 1.158750 0.013896 
6.444327 500 1.076250 0.027976 1.158750 0.013896 
