0.000245 1000 1.200000 0.018000 0.952500 0.685440 
0.100832 1000 1.200000 0.018000 0.952500 0.685440 
0.201381 1000 1.200000 0.018000 0.952500 0.685440 
0.301919 1000 1.200000 0.018000 0.952500 0.658784 
0.402461 1000 1.200000 0.018000 0.952500 0.658784 
0.503327 1000 1.200000 0.018000 0.953750 0.631839 
0.603843 1000 1.200000 0.018000 0.953750 0.631839 
0.704326 1000 1.200000 0.018000 0.953750 0.631839 
0.804792 1000 1.200000 0.018000 0.952500 0.707336 
0.905276 1000 1.200000 0.018000 0.952500 0.707336 
1.005786 1000 1.200000 0.018000 0.952500 0.707336 
1.106381 1000 1.200000 0.018000 0.952500 0.716856 
1.206942 1000 1.200000 0.018000 0.952500 0.716856 
1.307441 1000 1.200000 0.018000 0.952500 0.679728 
1.407993 1000 1.200000 0.018000 0.952500 0.679728 
1.508754 1000 1.200000 0.018000 0.952500 0.679728 
1.609355 1000 1.200000 0.018000 0.952500 0.657832 
1.709934 1000 1.200000 0.018000 0.952500 0.657832 
1.810526 1000 1.200000 0.018000 0.952500 0.657832 
1.911164 1000 1.200000 0.018000 0.957500 0.114840 
2.011792 1000 1.200000 0.018000 0.957500 0.114840 
2.112429 1000 1.200000 0.018000 0.958750 0.060354 
2.213051 1000 1.200000 0.018000 0.958750 0.060354 
2.318426 1000 1.200000 0.018000 0.958750 0.060354 
2.419148 1000 1.200000 0.018000 0.956250 0.254296 
2.519885 1000 1.200000 0.018000 0.956250 0.254296 
2.620612 1000 1.200000 0.018000 0.957500 0.196185 
2.721350 1000 1.200000 0.018000 0.957500 0.196185 
2.822087 1000 1.200000 0.018000 0.957500 0.196185 
2.922662 1000 1.200000 0.018000 0.957500 0.079431 
3.023391 1000 1.200000 0.018000 0.957500 0.079431 
3.124119 1000 1.200000 0.018000 0.957500 0.079431 
3.224855 1000 1.200000 0.018000 0.957500 0.185658 
3.325595 1000 1.200000 0.018000 0.957500 0.185658 
