0.000178 1600 1.200000 0.018000 1.155000 1.690920 
0.100595 1600 1.200000 0.018000 1.153750 1.574998 
0.201030 1600 1.200000 0.018000 1.153750 1.574998 
0.301463 1600 1.200000 0.018000 1.153750 1.574998 
0.401896 1600 1.200000 0.019200 1.152500 1.476864 
0.502324 1600 1.200000 0.019200 1.152500 1.476864 
0.602668 1600 1.200000 0.018000 1.155000 1.632015 
0.703010 1600 1.200000 0.018000 1.155000 1.632015 
0.803392 1600 1.200000 0.018000 1.155000 1.632015 
0.903740 1600 1.200000 0.018000 1.156250 1.768680 
1.004135 1600 1.200000 0.018000 1.156250 1.768680 
1.104564 1600 1.200000 0.018000 1.155000 1.519980 
1.205042 1600 1.200000 0.018000 1.155000 1.519980 
1.305478 1600 1.200000 0.018000 1.155000 1.519980 
1.405960 1600 1.200000 0.018000 1.156250 0.536384 
1.506451 1600 1.200000 0.018000 1.156250 0.536384 
1.606886 1600 1.200000 0.018000 1.156250 0.536384 
1.707303 1600 1.200000 0.018000 1.157500 0.126113 
1.807732 1600 1.200000 0.018000 1.157500 0.126113 
1.908247 1600 1.200000 0.018000 1.156250 0.793016 
2.008675 1600 1.200000 0.018000 1.156250 0.793016 
2.109260 1600 1.200000 0.018000 1.156250 0.793016 
2.209733 1600 1.200000 0.018000 1.157500 0.318175 
2.310198 1600 1.200000 0.018000 1.157500 0.318175 
2.410663 1600 1.200000 0.018000 1.157500 0.318175 
2.511127 1600 1.200000 0.018000 1.156250 0.228888 
2.611591 1600 1.200000 0.018000 1.156250 0.228888 
2.712052 1600 1.200000 0.018000 1.156250 0.228888 
2.812516 1600 1.200000 0.018000 1.156250 0.228888 
2.912971 1600 1.200000 0.018000 1.156250 0.228888 
