0.000209 1200 1.200000 0.018000 1.012500 0.976580 
0.100711 1200 1.200000 0.018000 1.012500 0.976580 
0.201197 1200 1.200000 0.018000 1.013750 0.908661 
0.301703 1200 1.200000 0.018000 1.013750 0.908661 
0.402127 1200 1.200000 0.018000 1.015000 0.860720 
0.502564 1200 1.200000 0.018000 1.015000 0.860720 
0.603031 1200 1.200000 0.018000 1.015000 0.860720 
0.703452 1200 1.200000 0.018000 1.012500 0.976580 
0.803912 1200 1.200000 0.018000 1.012500 0.976580 
0.904324 1200 1.200000 0.018000 1.012500 0.976580 
1.004807 1200 1.200000 0.018000 1.012500 0.978604 
1.105337 1200 1.200000 0.018000 1.012500 0.978604 
1.205947 1200 1.200000 0.018000 1.013750 0.932973 
1.306597 1200 1.200000 0.018000 1.013750 0.932973 
1.407251 1200 1.200000 0.018000 1.013750 0.932973 
1.507906 1200 1.200000 0.018000 1.017500 0.431208 
1.608593 1200 1.200000 0.018000 1.017500 0.431208 
1.709130 1200 1.200000 0.018000 1.021250 0.115373 
1.810120 1200 1.200000 0.018000 1.021250 0.115373 
1.910696 1200 1.200000 0.018000 1.021250 0.115373 
2.011270 1200 1.200000 0.018000 1.020000 0.107100 
2.111779 1200 1.200000 0.018000 1.020000 0.107100 
2.212346 1200 1.200000 0.018000 1.020000 0.107100 
2.312911 1200 1.200000 0.018000 1.020000 0.163200 
2.413483 1200 1.200000 0.018000 1.020000 0.163200 
2.514098 1200 1.200000 0.018000 1.021250 0.155192 
2.614676 1200 1.200000 0.018000 1.021250 0.155192 
2.715328 1200 1.200000 0.018000 1.021250 0.155192 
2.815905 1200 1.200000 0.018000 1.020000 0.094860 
2.916542 1200 1.200000 0.018000 1.020000 0.094860 
3.017115 1200 1.200000 0.018000 1.020000 0.094860 
3.117757 1200 1.200000 0.018000 1.020000 0.176460 
