0.000389 400 0.961250 0.058621 1.158750 0.013896 
0.101141 400 0.961250 0.062465 1.158750 0.013896 
0.201851 400 0.961250 0.062465 1.158750 0.013896 
0.302600 400 0.961250 0.062465 1.158750 0.013896 
0.403280 400 0.961250 0.074958 1.158750 0.013896 
0.504787 400 0.961250 0.074958 1.158750 0.013896 
0.606051 400 0.961250 0.074958 1.158750 0.013896 
0.706804 400 0.961250 0.074958 1.158750 0.013896 
0.807593 400 0.961250 0.074958 1.158750 0.013896 
0.908598 400 0.961250 0.063426 1.158750 0.013896 
1.009346 400 0.961250 0.063426 1.158750 0.013896 
1.110089 400 0.961250 0.063426 1.158750 0.013896 
1.210852 400 0.961250 0.062465 1.158750 0.013896 
1.311615 400 0.961250 0.062465 1.158750 0.013896 
1.412389 400 0.961250 0.060543 1.158750 0.013896 
1.513360 400 0.961250 0.060543 1.158750 0.013896 
1.614206 400 0.961250 0.060543 1.158750 0.013896 
1.714986 400 0.961250 0.065348 1.158750 0.013896 
1.815755 400 0.961250 0.065348 1.158750 0.013896 
1.916773 400 0.961250 0.065348 1.158750 0.013896 
2.017529 400 0.961250 0.064387 1.158750 0.013896 
2.118310 400 0.961250 0.064387 1.158750 0.013896 
2.218991 400 0.961250 0.058621 1.158750 0.013896 
2.319740 400 0.961250 0.058621 1.158750 0.013896 
2.420485 400 0.961250 0.058621 1.158750 0.013896 
2.521229 400 0.961250 0.058621 1.158750 0.013896 
2.621983 400 0.961250 0.058621 1.158750 0.013896 
2.722795 400 0.961250 0.059582 1.158750 0.013896 
2.826799 400 0.961250 0.059582 1.158750 0.013896 
2.927537 400 0.961250 0.059582 1.158750 0.013896 
3.028378 400 0.961250 0.060543 1.158750 0.013896 
3.129153 400 0.961250 0.060543 1.158750 0.013896 
3.229919 400 0.961250 0.060543 1.158750 0.013896 
3.330671 400 0.961250 0.064387 1.158750 0.013896 
3.431429 400 0.961250 0.064387 1.158750 0.013896 
3.532144 400 0.961250 0.058621 1.158750 0.013896 
3.632946 400 0.961250 0.058621 1.158750 0.013896 
3.733703 400 0.961250 0.058621 1.158750 0.013896 
3.834458 400 0.961250 0.058621 1.158750 0.013896 
3.935169 400 0.961250 0.058621 1.158750 0.013896 
4.035869 400 0.961250 0.057660 1.158750 0.013896 
4.142254 400 0.961250 0.057660 1.158750 0.013896 
4.243075 400 0.961250 0.057660 1.158750 0.013896 
4.343787 400 0.961250 0.058621 1.158750 0.013896 
4.444471 400 0.961250 0.058621 1.158750 0.013896 
4.545163 400 0.961250 0.058621 1.158750 0.013896 
4.645880 400 0.961250 0.057660 1.158750 0.013896 
4.746584 400 0.961250 0.057660 1.158750 0.013896 
4.847287 400 0.961250 0.057660 1.158750 0.013896 
4.948024 400 0.961250 0.057660 1.158750 0.013896 
5.049031 400 0.961250 0.057660 1.158750 0.013896 
5.149794 400 0.961250 0.058621 1.158750 0.013896 
5.250558 400 0.961250 0.058621 1.158750 0.013896 
5.351306 400 0.961250 0.058621 1.158750 0.013896 
5.452067 400 0.961250 0.059582 1.158750 0.013896 
5.552875 400 0.961250 0.059582 1.158750 0.013896 
5.653625 400 0.961250 0.059582 1.158750 0.013896 
5.754383 400 0.961250 0.059582 1.158750 0.013896 
5.855134 400 0.961250 0.059582 1.158750 0.013896 
5.955922 400 0.961250 0.059582 1.158750 0.013896 
6.056845 400 0.961250 0.059582 1.158750 0.013896 
6.157708 400 0.961250 0.062465 1.158750 0.013896 
6.258479 400 0.961250 0.062465 1.158750 0.013896 
6.359227 400 0.961250 0.062465 1.158750 0.013896 
6.459984 400 0.962500 0.036556 1.158750 0.013896 
6.560776 400 0.962500 0.036556 1.158750 0.013896 
6.661527 400 0.962500 0.036556 1.158750 0.013896 
6.762346 400 0.962500 0.022126 1.158750 0.013896 
6.863154 400 0.962500 0.022126 1.158750 0.013896 
6.964376 400 0.962500 0.028860 1.158750 0.013896 
7.065147 400 0.962500 0.028860 1.158750 0.013896 
7.166160 400 0.962500 0.028860 1.158750 0.013896 
7.266999 400 0.962500 0.050986 1.158750 0.013896 
7.367831 400 0.962500 0.050986 1.158750 0.013896 
7.469019 400 0.962500 0.026936 1.158750 0.013896 
7.569796 400 0.962500 0.026936 1.158750 0.013896 
7.670546 400 0.962500 0.026936 1.158750 0.013896 
7.771322 400 0.962500 0.019240 1.158750 0.013896 
7.872056 400 0.962500 0.019240 1.158750 0.013896 
