0.000576 250 0.950000 0.045600 1.158750 0.013896 
0.101808 250 0.950000 0.045600 1.158750 0.013896 
0.203006 250 0.950000 0.045600 1.158750 0.013896 
0.304121 250 0.950000 0.047500 1.158750 0.013896 
0.405195 250 0.950000 0.047500 1.158750 0.013896 
0.506166 250 0.950000 0.046550 1.158750 0.013896 
0.607157 250 0.950000 0.046550 1.158750 0.013896 
0.711627 250 0.950000 0.046550 1.158750 0.013896 
0.812637 250 0.950000 0.048450 1.158750 0.013896 
0.913711 250 0.950000 0.048450 1.158750 0.013896 
1.014768 250 0.950000 0.048450 1.158750 0.013896 
1.115801 250 0.948750 0.047400 1.158750 0.013896 
1.216953 250 0.948750 0.047400 1.158750 0.013896 
1.318004 250 0.950000 0.043700 1.158750 0.013896 
1.419055 250 0.950000 0.043700 1.158750 0.013896 
1.520066 250 0.950000 0.043700 1.158750 0.013896 
1.621038 250 0.950000 0.038950 1.158750 0.013896 
1.722061 250 0.950000 0.038950 1.158750 0.013896 
1.823016 250 0.950000 0.038000 1.158750 0.013896 
1.924005 250 0.950000 0.038000 1.158750 0.013896 
2.024981 250 0.950000 0.038000 1.158750 0.013896 
2.125937 250 0.950000 0.038000 1.158750 0.013896 
2.226952 250 0.950000 0.038000 1.158750 0.013896 
2.327919 250 0.950000 0.038000 1.158750 0.013896 
2.428968 250 0.950000 0.038000 1.158750 0.013896 
2.529983 250 0.950000 0.038000 1.158750 0.013896 
2.630960 250 0.950000 0.038000 1.158750 0.013896 
2.732037 250 0.950000 0.038000 1.158750 0.013896 
2.833092 250 0.950000 0.038000 1.158750 0.013896 
2.934148 250 0.950000 0.038000 1.158750 0.013896 
3.035212 250 0.950000 0.038000 1.158750 0.013896 
3.136288 250 0.950000 0.038000 1.158750 0.013896 
3.237339 250 0.950000 0.040850 1.158750 0.013896 
3.338320 250 0.950000 0.040850 1.158750 0.013896 
3.439371 250 0.950000 0.040850 1.158750 0.013896 
3.540382 250 0.950000 0.040850 1.158750 0.013896 
3.641428 250 0.950000 0.040850 1.158750 0.013896 
3.742386 250 0.950000 0.038000 1.158750 0.013896 
3.843350 250 0.950000 0.038000 1.158750 0.013896 
3.944343 250 0.950000 0.038000 1.158750 0.013896 
4.045346 250 0.950000 0.038000 1.158750 0.013896 
4.146475 250 0.950000 0.038000 1.158750 0.013896 
4.247428 250 0.950000 0.038000 1.158750 0.013896 
4.348387 250 0.950000 0.038000 1.158750 0.013896 
4.449439 250 0.950000 0.038000 1.158750 0.013896 
4.550451 250 0.950000 0.038000 1.158750 0.013896 
4.651482 250 0.950000 0.038000 1.158750 0.013896 
4.752520 250 0.950000 0.038000 1.158750 0.013896 
4.853482 250 0.950000 0.038000 1.158750 0.013896 
4.954492 250 0.950000 0.038000 1.158750 0.013896 
5.055471 250 0.950000 0.038950 1.158750 0.013896 
5.156505 250 0.950000 0.038950 1.158750 0.013896 
5.257483 250 0.950000 0.038000 1.158750 0.013896 
5.358472 250 0.950000 0.038000 1.158750 0.013896 
5.459506 250 0.950000 0.038000 1.158750 0.013896 
5.560529 250 0.950000 0.038000 1.158750 0.013896 
5.661961 250 0.950000 0.038000 1.158750 0.013896 
5.762980 250 0.950000 0.038000 1.158750 0.013896 
5.863965 250 0.950000 0.038000 1.158750 0.013896 
5.964964 250 0.950000 0.038000 1.158750 0.013896 
6.065975 250 0.950000 0.038000 1.158750 0.013896 
6.167013 250 0.950000 0.038000 1.158750 0.013896 
6.267994 250 0.950000 0.038000 1.158750 0.013896 
6.368968 250 0.950000 0.038000 1.158750 0.013896 
6.470053 250 0.950000 0.038000 1.158750 0.013896 
6.571065 250 0.950000 0.038000 1.158750 0.013896 
6.672105 250 0.950000 0.038000 1.158750 0.013896 
6.773095 250 0.950000 0.038000 1.158750 0.013896 
6.874062 250 0.950000 0.038000 1.158750 0.013896 
6.975069 250 0.950000 0.038000 1.158750 0.013896 
7.076040 250 0.950000 0.038000 1.158750 0.013896 
7.177072 250 0.950000 0.038000 1.158750 0.013896 
7.278029 250 0.950000 0.038000 1.158750 0.013896 
7.379004 250 0.950000 0.038000 1.158750 0.013896 
7.480052 250 0.950000 0.038000 1.158750 0.013896 
7.581062 250 0.950000 0.038000 1.158750 0.013896 
7.682123 250 0.950000 0.038000 1.158750 0.013896 
7.783085 250 0.950000 0.038000 1.158750 0.013896 
7.884043 250 0.950000 0.038000 1.158750 0.013896 
7.985036 250 0.950000 0.038000 1.158750 0.013896 
8.086016 250 0.950000 0.038000 1.158750 0.013896 
8.187263 250 0.950000 0.038000 1.158750 0.013896 
8.288451 250 0.950000 0.038000 1.158750 0.013896 
8.389531 250 0.950000 0.038000 1.158750 0.013896 
8.490781 250 0.950000 0.044650 1.158750 0.013896 
8.592092 250 0.950000 0.044650 1.158750 0.013896 
8.693346 250 0.951250 0.011412 1.158750 0.013896 
8.794599 250 0.951250 0.011412 1.158750 0.013896 
8.895851 250 0.951250 0.011412 1.158750 0.013896 
8.997170 250 0.951250 0.008559 1.158750 0.013896 
9.098226 250 0.951250 0.008559 1.158750 0.013896 
9.199301 250 0.951250 0.008559 1.158750 0.013896 
9.300469 250 0.951250 0.019020 1.158750 0.013896 
9.401650 250 0.951250 0.019020 1.158750 0.013896 
9.502789 250 0.951250 0.025677 1.158750 0.013896 
9.604040 250 0.951250 0.025677 1.158750 0.013896 
9.705288 250 0.951250 0.025677 1.158750 0.013896 
9.806436 250 0.951250 0.008559 1.158750 0.013896 
9.907675 250 0.951250 0.008559 1.158750 0.013896 
