0.000202 1300 1.200000 0.018000 1.051250 1.147692 
0.100678 1300 1.200000 0.018000 1.051250 1.062561 
0.201115 1300 1.200000 0.018000 1.051250 1.062561 
0.301580 1300 1.200000 0.018000 1.051250 1.036286 
0.401982 1300 1.200000 0.018000 1.051250 1.036286 
0.502385 1300 1.200000 0.018000 1.051250 1.036286 
0.602831 1300 1.200000 0.018000 1.051250 1.148743 
0.703292 1300 1.200000 0.018000 1.051250 1.148743 
0.803750 1300 1.200000 0.018000 1.051250 1.148743 
0.904231 1300 1.200000 0.018000 1.051250 1.148743 
1.004666 1300 1.200000 0.018000 1.051250 1.148743 
1.105195 1300 1.200000 0.018000 1.051250 1.105652 
1.205771 1300 1.200000 0.018000 1.051250 1.105652 
1.306407 1300 1.200000 0.018000 1.051250 1.105652 
1.407039 1300 1.200000 0.018000 1.051250 1.096193 
1.507667 1300 1.200000 0.018000 1.051250 1.096193 
1.608212 1300 1.200000 0.018000 1.057500 0.248395 
1.708836 1300 1.200000 0.018000 1.057500 0.248395 
1.809468 1300 1.200000 0.018000 1.057500 0.248395 
1.910104 1300 1.200000 0.018000 1.058750 0.123786 
2.010743 1300 1.200000 0.018000 1.058750 0.123786 
2.111367 1300 1.200000 0.018000 1.058750 0.123786 
2.212040 1300 1.200000 0.018000 1.057500 0.112042 
2.312673 1300 1.200000 0.018000 1.057500 0.112042 
2.413312 1300 1.200000 0.018000 1.056250 0.272448 
2.513952 1300 1.200000 0.018000 1.056250 0.272448 
2.614459 1300 1.200000 0.018000 1.056250 0.272448 
2.714977 1300 1.200000 0.018000 1.058750 0.108974 
2.815498 1300 1.200000 0.018000 1.058750 0.108974 
2.915978 1300 1.200000 0.018000 1.057500 0.107814 
3.016535 1300 1.200000 0.018000 1.057500 0.107814 
