0.000287 600 1.198750 0.155740 1.158750 0.013896 
0.100857 600 1.198750 0.149750 1.158750 0.013896 
0.201446 600 1.198750 0.149750 1.158750 0.013896 
0.302010 600 1.198750 0.149750 1.158750 0.013896 
0.402575 600 1.198750 0.178502 1.158750 0.013896 
0.503196 600 1.198750 0.178502 1.158750 0.013896 
0.603773 600 1.198750 0.167720 1.158750 0.013896 
0.704370 600 1.198750 0.167720 1.158750 0.013896 
0.804959 600 1.198750 0.167720 1.158750 0.013896 
0.905570 600 1.198750 0.140166 1.158750 0.013896 
1.006173 600 1.198750 0.140166 1.158750 0.013896 
1.106816 600 1.198750 0.140166 1.158750 0.013896 
1.207424 600 1.198750 0.149750 1.158750 0.013896 
1.308014 600 1.198750 0.149750 1.158750 0.013896 
1.408605 600 1.198750 0.142562 1.158750 0.013896 
1.509196 600 1.198750 0.142562 1.158750 0.013896 
1.609772 600 1.198750 0.142562 1.158750 0.013896 
1.710352 600 1.198750 0.140166 1.158750 0.013896 
1.810912 600 1.198750 0.140166 1.158750 0.013896 
1.911448 600 1.198750 0.141364 1.158750 0.013896 
2.011978 600 1.198750 0.141364 1.158750 0.013896 
2.112513 600 1.198750 0.141364 1.158750 0.013896 
2.213103 600 1.198750 0.142562 1.158750 0.013896 
2.313659 600 1.198750 0.142562 1.158750 0.013896 
2.414201 600 1.198750 0.142562 1.158750 0.013896 
2.514736 600 1.198750 0.142562 1.158750 0.013896 
2.615337 600 1.198750 0.142562 1.158750 0.013896 
2.715910 600 1.198750 0.141364 1.158750 0.013896 
2.816464 600 1.198750 0.141364 1.158750 0.013896 
2.917049 600 1.198750 0.141364 1.158750 0.013896 
3.017647 600 1.198750 0.142562 1.158750 0.013896 
3.118243 600 1.198750 0.142562 1.158750 0.013896 
3.218845 600 1.198750 0.142562 1.158750 0.013896 
3.319412 600 1.198750 0.143760 1.158750 0.013896 
3.420037 600 1.198750 0.143760 1.158750 0.013896 
3.520656 600 1.198750 0.150948 1.158750 0.013896 
3.621452 600 1.198750 0.150948 1.158750 0.013896 
3.722033 600 1.198750 0.150948 1.158750 0.013896 
3.822726 600 1.200000 0.084000 1.158750 0.013896 
3.923307 600 1.200000 0.084000 1.158750 0.013896 
4.023892 600 1.200000 0.027600 1.158750 0.013896 
4.124472 600 1.200000 0.027600 1.158750 0.013896 
4.225099 600 1.200000 0.027600 1.158750 0.013896 
4.325704 600 1.200000 0.042000 1.158750 0.013896 
4.426335 600 1.200000 0.042000 1.158750 0.013896 
4.526978 600 1.200000 0.042000 1.158750 0.013896 
4.627551 600 1.200000 0.042000 1.158750 0.013896 
4.728186 600 1.200000 0.042000 1.158750 0.013896 
4.828821 600 1.200000 0.076800 1.158750 0.013896 
4.929459 600 1.200000 0.076800 1.158750 0.013896 
5.030093 600 1.200000 0.076800 1.158750 0.013896 
5.130718 600 1.200000 0.026400 1.158750 0.013896 
5.231352 600 1.200000 0.026400 1.158750 0.013896 
5.332018 600 1.200000 0.026400 1.158750 0.013896 
5.432764 600 1.200000 0.026400 1.158750 0.013896 
5.533523 600 1.200000 0.026400 1.158750 0.013896 
5.634261 600 1.200000 0.032400 1.158750 0.013896 
5.735016 600 1.200000 0.032400 1.158750 0.013896 
5.835900 600 1.200000 0.032400 1.158750 0.013896 
5.936641 600 1.200000 0.026400 1.158750 0.013896 
6.037234 600 1.200000 0.026400 1.158750 0.013896 
6.137851 600 1.200000 0.024000 1.158750 0.013896 
6.238460 600 1.200000 0.024000 1.158750 0.013896 
6.339116 600 1.200000 0.024000 1.158750 0.013896 
