0.000230 1100 1.200000 0.018000 0.990000 0.801900 
0.100764 1100 1.200000 0.018000 0.990000 0.801900 
0.201253 1100 1.200000 0.018000 0.990000 0.801900 
0.301770 1100 1.200000 0.018000 0.990000 0.759330 
0.402275 1100 1.200000 0.018000 0.990000 0.759330 
0.502782 1100 1.200000 0.018000 0.990000 0.835560 
0.603223 1100 1.200000 0.018000 0.990000 0.835560 
0.703737 1100 1.200000 0.018000 0.990000 0.835560 
0.804174 1100 1.200000 0.018000 0.990000 0.853380 
0.904630 1100 1.200000 0.018000 0.990000 0.853380 
1.005110 1100 1.200000 0.018000 0.990000 0.853380 
1.105635 1100 1.200000 0.018000 0.990000 0.819720 
1.206136 1100 1.200000 0.018000 0.990000 0.819720 
1.313447 1100 1.200000 0.018000 0.991250 0.676853 
1.414046 1100 1.200000 0.018000 0.991250 0.676853 
1.514711 1100 1.200000 0.018000 0.991250 0.676853 
1.615385 1100 1.200000 0.018000 0.993750 0.308823 
1.715946 1100 1.200000 0.018000 0.993750 0.308823 
1.816482 1100 1.200000 0.018000 0.993750 0.308823 
1.917082 1100 1.200000 0.018000 0.993750 0.308823 
2.017689 1100 1.200000 0.018000 0.993750 0.308823 
2.118295 1100 1.200000 0.018000 0.995000 0.116415 
2.218900 1100 1.200000 0.018000 0.995000 0.116415 
2.319449 1100 1.200000 0.018000 0.995000 0.116415 
2.419985 1100 1.200000 0.018000 0.995000 0.113430 
2.520593 1100 1.200000 0.018000 0.995000 0.113430 
2.621195 1100 1.200000 0.018000 0.993750 0.207537 
2.721826 1100 1.200000 0.018000 0.993750 0.207537 
2.822430 1100 1.200000 0.018000 0.993750 0.207537 
2.922961 1100 1.200000 0.018000 0.995000 0.195020 
3.023596 1100 1.200000 0.018000 0.995000 0.195020 
3.124202 1100 1.200000 0.018000 0.995000 0.195020 
3.224884 1100 1.200000 0.018000 0.995000 0.080595 
