0.000359 450 1.011250 0.071781 1.158750 0.013896 
0.101064 450 1.011250 0.071781 1.158750 0.013896 
0.201720 450 1.011250 0.073803 1.158750 0.013896 
0.302338 450 1.011250 0.073803 1.158750 0.013896 
0.402977 450 1.011250 0.090990 1.158750 0.013896 
0.503711 450 1.011250 0.090990 1.158750 0.013896 
0.604423 450 1.011250 0.090990 1.158750 0.013896 
0.705116 450 1.011250 0.094023 1.158750 0.013896 
0.805761 450 1.011250 0.094023 1.158750 0.013896 
0.906441 450 1.011250 0.094023 1.158750 0.013896 
1.007160 450 1.011250 0.074814 1.158750 0.013896 
1.107870 450 1.011250 0.074814 1.158750 0.013896 
1.209543 450 1.011250 0.075825 1.158750 0.013896 
1.310218 450 1.011250 0.075825 1.158750 0.013896 
1.410902 450 1.011250 0.075825 1.158750 0.013896 
1.511643 450 1.011250 0.074814 1.158750 0.013896 
1.612351 450 1.011250 0.074814 1.158750 0.013896 
1.713009 450 1.011250 0.071781 1.158750 0.013896 
1.813721 450 1.011250 0.071781 1.158750 0.013896 
1.914365 450 1.011250 0.071781 1.158750 0.013896 
2.015032 450 1.011250 0.072792 1.158750 0.013896 
2.115727 450 1.011250 0.072792 1.158750 0.013896 
2.216374 450 1.011250 0.072792 1.158750 0.013896 
2.317009 450 1.011250 0.071781 1.158750 0.013896 
2.417656 450 1.011250 0.071781 1.158750 0.013896 
2.518388 450 1.011250 0.071781 1.158750 0.013896 
2.619057 450 1.011250 0.071781 1.158750 0.013896 
2.719736 450 1.011250 0.071781 1.158750 0.013896 
2.820431 450 1.011250 0.071781 1.158750 0.013896 
2.921128 450 1.011250 0.071781 1.158750 0.013896 
3.021814 450 1.011250 0.076836 1.158750 0.013896 
3.122518 450 1.011250 0.076836 1.158750 0.013896 
3.223293 450 1.011250 0.076836 1.158750 0.013896 
3.324006 450 1.011250 0.083913 1.158750 0.013896 
3.424691 450 1.011250 0.083913 1.158750 0.013896 
3.525386 450 1.011250 0.083913 1.158750 0.013896 
3.626352 450 1.011250 0.081891 1.158750 0.013896 
3.727036 450 1.011250 0.081891 1.158750 0.013896 
3.827731 450 1.011250 0.085935 1.158750 0.013896 
3.928484 450 1.011250 0.085935 1.158750 0.013896 
4.029173 450 1.011250 0.085935 1.158750 0.013896 
4.129861 450 1.011250 0.082902 1.158750 0.013896 
4.230595 450 1.011250 0.082902 1.158750 0.013896 
4.331334 450 1.011250 0.082902 1.158750 0.013896 
4.432044 450 1.011250 0.079869 1.158750 0.013896 
4.532739 450 1.011250 0.079869 1.158750 0.013896 
4.633481 450 1.011250 0.081891 1.158750 0.013896 
4.734148 450 1.011250 0.081891 1.158750 0.013896 
4.834796 450 1.011250 0.081891 1.158750 0.013896 
4.935432 450 1.011250 0.071781 1.158750 0.013896 
5.036114 450 1.011250 0.071781 1.158750 0.013896 
5.136806 450 1.011250 0.071781 1.158750 0.013896 
5.237454 450 1.011250 0.071781 1.158750 0.013896 
5.338104 450 1.011250 0.071781 1.158750 0.013896 
5.438800 450 1.011250 0.071781 1.158750 0.013896 
5.539429 450 1.011250 0.071781 1.158750 0.013896 
5.640269 450 1.011250 0.071781 1.158750 0.013896 
5.741140 450 1.011250 0.081891 1.158750 0.013896 
5.841839 450 1.011250 0.081891 1.158750 0.013896 
5.942703 450 1.013750 0.022286 1.158750 0.013896 
6.043453 450 1.013750 0.022286 1.158750 0.013896 
6.144331 450 1.013750 0.022286 1.158750 0.013896 
6.245207 450 1.012500 0.040480 1.158750 0.013896 
6.346077 450 1.012500 0.040480 1.158750 0.013896 
6.446797 450 1.013750 0.018234 1.158750 0.013896 
6.547530 450 1.013750 0.018234 1.158750 0.013896 
6.648303 450 1.013750 0.018234 1.158750 0.013896 
6.749008 450 1.011250 0.084924 1.158750 0.013896 
6.849873 450 1.011250 0.084924 1.158750 0.013896 
6.950657 450 1.011250 0.084924 1.158750 0.013896 
7.051347 450 1.013750 0.038494 1.158750 0.013896 
7.152131 450 1.013750 0.038494 1.158750 0.013896 
7.252918 450 1.012500 0.028336 1.158750 0.013896 
7.353663 450 1.012500 0.028336 1.158750 0.013896 
7.454367 450 1.012500 0.028336 1.158750 0.013896 
7.555123 450 1.013750 0.030390 1.158750 0.013896 
7.655832 450 1.013750 0.030390 1.158750 0.013896 
7.756535 450 1.013750 0.030390 1.158750 0.013896 
7.857303 450 1.013750 0.030390 1.158750 0.013896 
7.958057 450 1.013750 0.030390 1.158750 0.013896 
8.058852 450 1.012500 0.053636 1.158750 0.013896 
