0.000271 900 1.200000 0.018000 0.928750 0.573504 
0.100902 900 1.200000 0.018000 0.928750 0.573504 
0.201460 900 1.200000 0.018000 0.928750 0.566080 
0.302048 900 1.200000 0.018000 0.928750 0.566080 
0.402654 900 1.200000 0.018000 0.928750 0.566080 
0.503199 900 1.200000 0.018000 0.930000 0.554280 
0.603714 900 1.200000 0.018000 0.930000 0.554280 
0.704280 900 1.200000 0.018000 0.927500 0.612747 
0.804806 900 1.200000 0.018000 0.927500 0.612747 
0.905342 900 1.200000 0.018000 0.927500 0.612747 
1.005920 900 1.200000 0.018000 0.928750 0.609696 
1.106525 900 1.200000 0.018000 0.928750 0.609696 
1.207505 900 1.200000 0.018000 0.928750 0.581856 
1.308029 900 1.200000 0.018000 0.928750 0.581856 
1.408658 900 1.200000 0.018000 0.928750 0.581856 
1.509237 900 1.200000 0.018000 0.928750 0.605984 
1.609833 900 1.200000 0.018000 0.928750 0.605984 
1.710542 900 1.200000 0.018000 0.928750 0.605984 
1.811313 900 1.200000 0.018000 0.930000 0.352470 
1.911914 900 1.200000 0.018000 0.930000 0.352470 
2.012699 900 1.200000 0.018000 0.932500 0.128616 
2.113512 900 1.200000 0.018000 0.932500 0.128616 
2.214288 900 1.200000 0.018000 0.932500 0.128616 
2.314980 900 1.200000 0.018000 0.932500 0.064308 
2.415634 900 1.200000 0.018000 0.932500 0.064308 
2.516251 900 1.200000 0.018000 0.932500 0.064308 
2.616949 900 1.200000 0.018000 0.932500 0.099724 
2.717513 900 1.200000 0.018000 0.932500 0.099724 
2.818296 900 1.200000 0.018000 0.931250 0.252301 
2.918909 900 1.200000 0.018000 0.931250 0.252301 
3.019552 900 1.200000 0.018000 0.931250 0.252301 
3.120233 900 1.200000 0.018000 0.932500 0.167760 
3.221007 900 1.200000 0.018000 0.932500 0.167760 
3.321622 900 1.200000 0.018000 0.932500 0.080152 
3.422390 900 1.200000 0.018000 0.932500 0.080152 
3.523163 900 1.200000 0.018000 0.932500 0.080152 
3.623983 900 1.200000 0.018000 0.931250 0.223440 
