0.000301 600 1.198750 0.182096 1.158750 0.013896 
0.101080 600 1.198750 0.182096 1.158750 0.013896 
0.201667 600 1.198750 0.182096 1.158750 0.013896 
0.302157 600 1.198750 0.182096 1.158750 0.013896 
0.402582 600 1.198750 0.182096 1.158750 0.013896 
0.502989 600 1.198750 0.182096 1.158750 0.013896 
0.603449 600 1.198750 0.188086 1.158750 0.013896 
0.703883 600 1.198750 0.188086 1.158750 0.013896 
0.804285 600 1.198750 0.188086 1.158750 0.013896 
0.904675 600 1.198750 0.191680 1.158750 0.013896 
1.005118 600 1.198750 0.191680 1.158750 0.013896 
1.105739 600 1.198750 0.191680 1.158750 0.013896 
1.206310 600 1.198750 0.185690 1.158750 0.013896 
1.306733 600 1.198750 0.185690 1.158750 0.013896 
1.407138 600 1.198750 0.185690 1.158750 0.013896 
1.507531 600 1.198750 0.185690 1.158750 0.013896 
1.607978 600 1.198750 0.185690 1.158750 0.013896 
1.708399 600 1.198750 0.189284 1.158750 0.013896 
1.808796 600 1.198750 0.189284 1.158750 0.013896 
1.909184 600 1.198750 0.189284 1.158750 0.013896 
2.009571 600 1.198750 0.190482 1.158750 0.013896 
2.109958 600 1.198750 0.190482 1.158750 0.013896 
2.210449 600 1.198750 0.188086 1.158750 0.013896 
2.310919 600 1.198750 0.188086 1.158750 0.013896 
2.411357 600 1.198750 0.188086 1.158750 0.013896 
2.511805 600 1.198750 0.190482 1.158750 0.013896 
2.612254 600 1.198750 0.190482 1.158750 0.013896 
2.712690 600 1.198750 0.190482 1.158750 0.013896 
2.813088 600 1.198750 0.186888 1.158750 0.013896 
2.913484 600 1.198750 0.186888 1.158750 0.013896 
3.013913 600 1.198750 0.188086 1.158750 0.013896 
3.114489 600 1.198750 0.188086 1.158750 0.013896 
3.214960 600 1.198750 0.188086 1.158750 0.013896 
3.315365 600 1.198750 0.186888 1.158750 0.013896 
3.415729 600 1.198750 0.186888 1.158750 0.013896 
3.516129 600 1.198750 0.189284 1.158750 0.013896 
3.616590 600 1.198750 0.189284 1.158750 0.013896 
3.717020 600 1.198750 0.189284 1.158750 0.013896 
3.817420 600 1.198750 0.190482 1.158750 0.013896 
3.917809 600 1.198750 0.190482 1.158750 0.013896 
4.018208 600 1.198750 0.190482 1.158750 0.013896 
4.118598 600 1.198750 0.190482 1.158750 0.013896 
4.218986 600 1.198750 0.190482 1.158750 0.013896 
4.319389 600 1.198750 0.184492 1.158750 0.013896 
4.419808 600 1.198750 0.184492 1.158750 0.013896 
4.520241 600 1.198750 0.184492 1.158750 0.013896 
4.620659 600 1.198750 0.186888 1.158750 0.013896 
4.721114 600 1.198750 0.186888 1.158750 0.013896 
4.821527 600 1.198750 0.186888 1.158750 0.013896 
4.921918 600 1.198750 0.191680 1.158750 0.013896 
5.022314 600 1.198750 0.191680 1.158750 0.013896 
5.122723 600 1.198750 0.190482 1.158750 0.013896 
5.223118 600 1.198750 0.190482 1.158750 0.013896 
5.323502 600 1.198750 0.190482 1.158750 0.013896 
5.423902 600 1.198750 0.190482 1.158750 0.013896 
5.524348 600 1.198750 0.190482 1.158750 0.013896 
5.624800 600 1.198750 0.190482 1.158750 0.013896 
5.725237 600 1.198750 0.190482 1.158750 0.013896 
5.825661 600 1.198750 0.190482 1.158750 0.013896 
5.926104 600 1.198750 0.188086 1.158750 0.013896 
6.026551 600 1.198750 0.188086 1.158750 0.013896 
6.126970 600 1.198750 0.188086 1.158750 0.013896 
6.227368 600 1.198750 0.190482 1.158750 0.013896 
6.327764 600 1.198750 0.190482 1.158750 0.013896 
6.428226 600 1.198750 0.188086 1.158750 0.013896 
6.528676 600 1.198750 0.188086 1.158750 0.013896 
6.629115 600 1.198750 0.188086 1.158750 0.013896 
6.729535 600 1.198750 0.188086 1.158750 0.013896 
6.829961 600 1.198750 0.188086 1.158750 0.013896 
6.930365 600 1.198750 0.188086 1.158750 0.013896 
7.030727 600 1.198750 0.190482 1.158750 0.013896 
7.131117 600 1.198750 0.190482 1.158750 0.013896 
7.231759 600 1.198750 0.188086 1.158750 0.013896 
7.332244 600 1.198750 0.188086 1.158750 0.013896 
7.432812 600 1.198750 0.188086 1.158750 0.013896 
7.533356 600 1.198750 0.188086 1.158750 0.013896 
7.633902 600 1.198750 0.188086 1.158750 0.013896 
7.734466 600 1.198750 0.189284 1.158750 0.013896 
7.835027 600 1.198750 0.189284 1.158750 0.013896 
7.935577 600 1.198750 0.189284 1.158750 0.013896 
8.036147 600 1.198750 0.185690 1.158750 0.013896 
8.136740 600 1.198750 0.185690 1.158750 0.013896 
8.237498 600 1.198750 0.185690 1.158750 0.013896 
8.338073 600 1.198750 0.185690 1.158750 0.013896 
8.438515 600 1.198750 0.185690 1.158750 0.013896 
8.538970 600 1.198750 0.182096 1.158750 0.013896 
8.639443 600 1.198750 0.182096 1.158750 0.013896 
8.739897 600 1.198750 0.182096 1.158750 0.013896 
8.840337 600 1.198750 0.190482 1.158750 0.013896 
8.940903 600 1.198750 0.190482 1.158750 0.013896 
9.041446 600 1.198750 0.190482 1.158750 0.013896 
9.141936 600 1.198750 0.190482 1.158750 0.013896 
9.242367 600 1.198750 0.190482 1.158750 0.013896 
9.342986 600 1.198750 0.190482 1.158750 0.013896 
9.443597 600 1.198750 0.190482 1.158750 0.013896 
9.544168 600 1.198750 0.190482 1.158750 0.013896 
9.644615 600 1.198750 0.179700 1.158750 0.013896 
9.745039 600 1.198750 0.179700 1.158750 0.013896 
9.845434 600 1.198750 0.188086 1.158750 0.013896 
9.945856 600 1.198750 0.188086 1.158750 0.013896 
10.046238 600 1.198750 0.188086 1.158750 0.013896 
10.146650 600 1.198750 0.190482 1.158750 0.013896 
10.247255 600 1.198750 0.190482 1.158750 0.013896 
10.347863 600 1.198750 0.190482 1.158750 0.013896 
10.448446 600 1.198750 0.179700 1.158750 0.013896 
10.548920 600 1.198750 0.179700 1.158750 0.013896 
10.649387 600 1.198750 0.188086 1.158750 0.013896 
10.749839 600 1.198750 0.188086 1.158750 0.013896 
10.850446 600 1.198750 0.188086 1.158750 0.013896 
10.951111 600 1.198750 0.184492 1.158750 0.013896 
11.051702 600 1.198750 0.184492 1.158750 0.013896 
11.156163 600 1.198750 0.184492 1.158750 0.013896 
11.256748 600 1.198750 0.185690 1.158750 0.013896 
11.357291 600 1.198750 0.185690 1.158750 0.013896 
11.457853 600 1.198750 0.173710 1.158750 0.013896 
11.558429 600 1.198750 0.173710 1.158750 0.013896 
11.658857 600 1.198750 0.173710 1.158750 0.013896 
11.759284 600 1.198750 0.182096 1.158750 0.013896 
11.859699 600 1.198750 0.182096 1.158750 0.013896 
11.960252 600 1.198750 0.188086 1.158750 0.013896 
12.060883 600 1.198750 0.188086 1.158750 0.013896 
12.161461 600 1.198750 0.188086 1.158750 0.013896 
12.262040 600 1.198750 0.185690 1.158750 0.013896 
12.362622 600 1.198750 0.185690 1.158750 0.013896 
12.463194 600 1.198750 0.185690 1.158750 0.013896 
12.563762 600 1.198750 0.183294 1.158750 0.013896 
12.664289 600 1.198750 0.183294 1.158750 0.013896 
12.764824 600 1.198750 0.189284 1.158750 0.013896 
12.865357 600 1.198750 0.189284 1.158750 0.013896 
12.965947 600 1.198750 0.189284 1.158750 0.013896 
13.066459 600 1.198750 0.189284 1.158750 0.013896 
13.166880 600 1.198750 0.189284 1.158750 0.013896 
13.267283 600 1.198750 0.189284 1.158750 0.013896 
13.367685 600 1.198750 0.189284 1.158750 0.013896 
13.468090 600 1.198750 0.189284 1.158750 0.013896 
13.568586 600 1.198750 0.188086 1.158750 0.013896 
13.669006 600 1.198750 0.188086 1.158750 0.013896 
13.769429 600 1.198750 0.188086 1.158750 0.013896 
13.869828 600 1.198750 0.189284 1.158750 0.013896 
13.970229 600 1.198750 0.189284 1.158750 0.013896 
14.070623 600 1.198750 0.188086 1.158750 0.013896 
14.171045 600 1.198750 0.188086 1.158750 0.013896 
14.271447 600 1.198750 0.188086 1.158750 0.013896 
14.371839 600 1.198750 0.190482 1.158750 0.013896 
14.472272 600 1.198750 0.190482 1.158750 0.013896 
14.572712 600 1.198750 0.190482 1.158750 0.013896 
14.673117 600 1.198750 0.188086 1.158750 0.013896 
14.773531 600 1.198750 0.188086 1.158750 0.013896 
14.873973 600 1.198750 0.189284 1.158750 0.013896 
14.974378 600 1.198750 0.189284 1.158750 0.013896 
15.074783 600 1.198750 0.189284 1.158750 0.013896 
15.175177 600 1.198750 0.188086 1.158750 0.013896 
15.275587 600 1.198750 0.188086 1.158750 0.013896 
15.376009 600 1.198750 0.188086 1.158750 0.013896 
15.476430 600 1.198750 0.189284 1.158750 0.013896 
15.576859 600 1.198750 0.189284 1.158750 0.013896 
15.677257 600 1.198750 0.191680 1.158750 0.013896 
15.777654 600 1.198750 0.191680 1.158750 0.013896 
15.878054 600 1.198750 0.191680 1.158750 0.013896 
15.978453 600 1.198750 0.190482 1.158750 0.013896 
16.078864 600 1.198750 0.190482 1.158750 0.013896 
16.179297 600 1.198750 0.190482 1.158750 0.013896 
16.279730 600 1.198750 0.190482 1.158750 0.013896 
16.380240 600 1.198750 0.190482 1.158750 0.013896 
16.480737 600 1.198750 0.189284 1.158750 0.013896 
16.581232 600 1.198750 0.189284 1.158750 0.013896 
16.681660 600 1.198750 0.189284 1.158750 0.013896 
16.782090 600 1.198750 0.189284 1.158750 0.013896 
16.882531 600 1.198750 0.189284 1.158750 0.013896 
16.982939 600 1.198750 0.189284 1.158750 0.013896 
17.083340 600 1.198750 0.189284 1.158750 0.013896 
17.183758 600 1.198750 0.189284 1.158750 0.013896 
17.284159 600 1.198750 0.189284 1.158750 0.013896 
17.384565 600 1.198750 0.189284 1.158750 0.013896 
17.485147 600 1.198750 0.189284 1.158750 0.013896 
17.585627 600 1.198750 0.184492 1.158750 0.013896 
17.686084 600 1.198750 0.184492 1.158750 0.013896 
17.786505 600 1.198750 0.189284 1.158750 0.013896 
17.886964 600 1.198750 0.189284 1.158750 0.013896 
17.987371 600 1.198750 0.189284 1.158750 0.013896 
18.087781 600 1.198750 0.190482 1.158750 0.013896 
18.188207 600 1.198750 0.190482 1.158750 0.013896 
18.288612 600 1.198750 0.191680 1.158750 0.013896 
18.389009 600 1.198750 0.191680 1.158750 0.013896 
18.489435 600 1.198750 0.191680 1.158750 0.013896 
18.589881 600 1.198750 0.188086 1.158750 0.013896 
18.690292 600 1.198750 0.188086 1.158750 0.013896 
18.790717 600 1.198750 0.188086 1.158750 0.013896 
18.891118 600 1.198750 0.185690 1.158750 0.013896 
18.991540 600 1.198750 0.185690 1.158750 0.013896 
19.091966 600 1.198750 0.190482 1.158750 0.013896 
19.192377 600 1.198750 0.190482 1.158750 0.013896 
19.295926 600 1.198750 0.190482 1.158750 0.013896 
19.396493 600 1.198750 0.190482 1.158750 0.013896 
19.497084 600 1.198750 0.190482 1.158750 0.013896 
19.597601 600 1.198750 0.190482 1.158750 0.013896 
19.698044 600 1.198750 0.186888 1.158750 0.013896 
19.798461 600 1.198750 0.186888 1.158750 0.013896 
19.898904 600 1.198750 0.188086 1.158750 0.013896 
19.999319 600 1.198750 0.188086 1.158750 0.013896 
20.099745 600 1.198750 0.188086 1.158750 0.013896 
20.200151 600 1.198750 0.191680 1.158750 0.013896 
20.300571 600 1.198750 0.191680 1.158750 0.013896 
20.401023 600 1.198750 0.190482 1.158750 0.013896 
20.501440 600 1.198750 0.190482 1.158750 0.013896 
20.601912 600 1.198750 0.190482 1.158750 0.013896 
20.702354 600 1.198750 0.191680 1.158750 0.013896 
20.802767 600 1.198750 0.191680 1.158750 0.013896 
20.903168 600 1.198750 0.191680 1.158750 0.013896 
21.003565 600 1.198750 0.188086 1.158750 0.013896 
21.104058 600 1.198750 0.188086 1.158750 0.013896 
21.204831 600 1.198750 0.148552 1.158750 0.013896 
21.305515 600 1.198750 0.148552 1.158750 0.013896 
21.406137 600 1.198750 0.148552 1.158750 0.013896 
