0.000353 550 1.136250 0.149952 1.158750 0.013896 
0.101002 550 1.136250 0.149952 1.158750 0.013896 
0.201605 550 1.136250 0.149952 1.158750 0.013896 
0.302064 550 1.136250 0.149952 1.158750 0.013896 
0.402540 550 1.136250 0.148816 1.158750 0.013896 
0.502959 550 1.136250 0.148816 1.158750 0.013896 
0.603369 550 1.135000 0.147550 1.158750 0.013896 
0.703780 550 1.135000 0.147550 1.158750 0.013896 
0.804242 550 1.135000 0.147550 1.158750 0.013896 
0.904660 550 1.135000 0.147550 1.158750 0.013896 
1.005110 550 1.135000 0.147550 1.158750 0.013896 
1.105715 550 1.135000 0.147550 1.158750 0.013896 
1.206308 550 1.136250 0.147680 1.158750 0.013896 
1.306760 550 1.136250 0.147680 1.158750 0.013896 
1.407179 550 1.136250 0.146544 1.158750 0.013896 
1.507625 550 1.136250 0.146544 1.158750 0.013896 
1.608035 550 1.136250 0.146544 1.158750 0.013896 
1.708467 550 1.136250 0.147680 1.158750 0.013896 
1.808929 550 1.136250 0.147680 1.158750 0.013896 
1.909352 550 1.136250 0.147680 1.158750 0.013896 
2.009818 550 1.136250 0.149952 1.158750 0.013896 
2.110235 550 1.136250 0.149952 1.158750 0.013896 
2.210666 550 1.135000 0.147550 1.158750 0.013896 
2.311081 550 1.135000 0.147550 1.158750 0.013896 
2.411489 550 1.135000 0.147550 1.158750 0.013896 
2.511893 550 1.136250 0.147680 1.158750 0.013896 
2.612315 550 1.136250 0.147680 1.158750 0.013896 
2.712816 550 1.136250 0.148816 1.158750 0.013896 
2.813285 550 1.136250 0.148816 1.158750 0.013896 
2.913708 550 1.136250 0.148816 1.158750 0.013896 
3.014138 550 1.136250 0.147680 1.158750 0.013896 
3.114737 550 1.136250 0.147680 1.158750 0.013896 
3.215206 550 1.136250 0.147680 1.158750 0.013896 
3.315632 550 1.136250 0.146544 1.158750 0.013896 
3.416047 550 1.136250 0.146544 1.158750 0.013896 
3.516454 550 1.136250 0.146544 1.158750 0.013896 
3.616865 550 1.136250 0.146544 1.158750 0.013896 
3.717313 550 1.136250 0.146544 1.158750 0.013896 
3.817800 550 1.136250 0.147680 1.158750 0.013896 
3.918230 550 1.136250 0.147680 1.158750 0.013896 
4.018668 550 1.136250 0.147680 1.158750 0.013896 
4.119081 550 1.136250 0.147680 1.158750 0.013896 
4.219491 550 1.136250 0.147680 1.158750 0.013896 
4.319898 550 1.136250 0.148816 1.158750 0.013896 
4.420344 550 1.136250 0.148816 1.158750 0.013896 
4.520764 550 1.136250 0.148816 1.158750 0.013896 
4.621213 550 1.136250 0.146544 1.158750 0.013896 
4.721799 550 1.136250 0.146544 1.158750 0.013896 
4.822308 550 1.136250 0.146544 1.158750 0.013896 
4.922743 550 1.136250 0.146544 1.158750 0.013896 
5.023215 550 1.136250 0.146544 1.158750 0.013896 
5.123641 550 1.136250 0.147680 1.158750 0.013896 
5.224092 550 1.136250 0.147680 1.158750 0.013896 
5.324545 550 1.136250 0.147680 1.158750 0.013896 
5.425069 550 1.135000 0.147550 1.160000 0.013920 
5.525577 550 1.135000 0.147550 1.160000 0.013920 
5.626023 550 1.136250 0.147680 1.158750 0.013896 
5.726450 550 1.136250 0.147680 1.158750 0.013896 
5.826937 550 1.136250 0.147680 1.158750 0.013896 
5.927439 550 1.136250 0.147680 1.158750 0.013896 
6.027886 550 1.136250 0.147680 1.158750 0.013896 
6.128306 550 1.136250 0.147680 1.158750 0.013896 
6.228725 550 1.136250 0.146544 1.158750 0.013896 
6.329145 550 1.136250 0.146544 1.158750 0.013896 
6.429597 550 1.136250 0.147680 1.158750 0.013896 
6.530028 550 1.136250 0.147680 1.158750 0.013896 
6.630441 550 1.136250 0.147680 1.158750 0.013896 
6.730874 550 1.135000 0.147550 1.158750 0.013896 
6.831347 550 1.135000 0.147550 1.158750 0.013896 
6.931799 550 1.135000 0.147550 1.158750 0.013896 
7.032244 550 1.135000 0.147550 1.158750 0.013896 
7.132704 550 1.135000 0.147550 1.158750 0.013896 
7.233112 550 1.135000 0.147550 1.158750 0.013896 
7.333523 550 1.135000 0.147550 1.158750 0.013896 
7.433928 550 1.135000 0.147550 1.158750 0.013896 
7.534332 550 1.136250 0.147680 1.158750 0.013896 
7.634737 550 1.136250 0.147680 1.158750 0.013896 
7.735165 550 1.136250 0.147680 1.158750 0.013896 
7.835620 550 1.136250 0.147680 1.158750 0.013896 
7.936051 550 1.136250 0.147680 1.158750 0.013896 
8.036492 550 1.136250 0.149952 1.158750 0.013896 
8.136931 550 1.136250 0.149952 1.158750 0.013896 
8.237492 550 1.136250 0.149952 1.158750 0.013896 
8.337991 550 1.136250 0.147680 1.158750 0.013896 
8.438470 550 1.136250 0.147680 1.158750 0.013896 
8.538908 550 1.136250 0.147680 1.158750 0.013896 
8.639336 550 1.136250 0.147680 1.158750 0.013896 
8.739775 550 1.136250 0.147680 1.158750 0.013896 
8.840241 550 1.136250 0.147680 1.158750 0.013896 
8.940775 550 1.136250 0.147680 1.158750 0.013896 
9.041249 550 1.136250 0.146544 1.158750 0.013896 
9.141683 550 1.136250 0.146544 1.158750 0.013896 
9.242115 550 1.136250 0.146544 1.158750 0.013896 
9.342753 550 1.136250 0.147680 1.158750 0.013896 
9.443240 550 1.136250 0.147680 1.158750 0.013896 
9.543667 550 1.136250 0.147680 1.158750 0.013896 
9.644081 550 1.136250 0.146544 1.158750 0.013896 
9.744558 550 1.136250 0.146544 1.158750 0.013896 
9.845023 550 1.136250 0.146544 1.158750 0.013896 
9.945458 550 1.136250 0.146544 1.158750 0.013896 
10.045871 550 1.136250 0.146544 1.158750 0.013896 
10.146285 550 1.136250 0.147680 1.158750 0.013896 
10.246703 550 1.136250 0.147680 1.158750 0.013896 
10.347112 550 1.136250 0.147680 1.158750 0.013896 
10.447555 550 1.135000 0.146415 1.158750 0.013896 
10.547973 550 1.135000 0.146415 1.158750 0.013896 
10.648417 550 1.136250 0.146544 1.158750 0.013896 
10.748849 550 1.136250 0.146544 1.158750 0.013896 
10.849303 550 1.136250 0.146544 1.158750 0.013896 
10.949757 550 1.135000 0.147550 1.158750 0.013896 
11.050180 550 1.135000 0.147550 1.158750 0.013896 
11.150603 550 1.136250 0.147680 1.158750 0.013896 
11.251063 550 1.136250 0.147680 1.158750 0.013896 
11.351666 550 1.136250 0.147680 1.158750 0.013896 
11.452113 550 1.136250 0.147680 1.158750 0.013896 
11.552573 550 1.136250 0.147680 1.158750 0.013896 
11.653006 550 1.136250 0.147680 1.158750 0.013896 
11.753429 550 1.136250 0.147680 1.158750 0.013896 
11.853900 550 1.136250 0.147680 1.158750 0.013896 
11.954357 550 1.136250 0.146544 1.158750 0.013896 
12.054822 550 1.136250 0.146544 1.158750 0.013896 
12.155246 550 1.136250 0.146544 1.158750 0.013896 
12.255663 550 1.135000 0.147550 1.158750 0.013896 
12.356082 550 1.135000 0.147550 1.158750 0.013896 
12.456512 550 1.135000 0.147550 1.158750 0.013896 
12.556927 550 1.136250 0.147680 1.158750 0.013896 
12.657309 550 1.136250 0.147680 1.158750 0.013896 
12.757720 550 1.136250 0.148816 1.158750 0.013896 
12.858177 550 1.136250 0.148816 1.158750 0.013896 
12.958610 550 1.136250 0.148816 1.158750 0.013896 
13.059022 550 1.136250 0.146544 1.158750 0.013896 
13.159461 550 1.136250 0.146544 1.158750 0.013896 
13.259871 550 1.136250 0.146544 1.158750 0.013896 
13.360283 550 1.136250 0.146544 1.158750 0.013896 
13.460696 550 1.136250 0.146544 1.158750 0.013896 
13.561108 550 1.136250 0.148816 1.158750 0.013896 
13.661521 550 1.136250 0.148816 1.158750 0.013896 
13.761933 550 1.136250 0.148816 1.158750 0.013896 
13.862551 550 1.136250 0.147680 1.158750 0.013896 
13.962976 550 1.136250 0.147680 1.158750 0.013896 
14.063395 550 1.136250 0.147680 1.158750 0.013896 
14.163808 550 1.136250 0.147680 1.158750 0.013896 
14.264228 550 1.136250 0.147680 1.158750 0.013896 
14.364644 550 1.136250 0.147680 1.158750 0.013896 
14.465097 550 1.136250 0.147680 1.158750 0.013896 
14.565520 550 1.136250 0.147680 1.158750 0.013896 
14.665947 550 1.136250 0.147680 1.158750 0.013896 
14.766372 550 1.136250 0.147680 1.158750 0.013896 
14.866829 550 1.136250 0.148816 1.158750 0.013896 
14.967304 550 1.136250 0.148816 1.158750 0.013896 
15.067734 550 1.136250 0.148816 1.158750 0.013896 
15.168148 550 1.136250 0.147680 1.158750 0.013896 
15.268575 550 1.136250 0.147680 1.158750 0.013896 
15.369281 550 1.136250 0.148816 1.158750 0.013896 
15.469763 550 1.136250 0.148816 1.158750 0.013896 
15.570220 550 1.136250 0.148816 1.158750 0.013896 
15.670719 550 1.136250 0.148816 1.158750 0.013896 
15.771194 550 1.136250 0.148816 1.158750 0.013896 
15.871626 550 1.136250 0.148816 1.158750 0.013896 
15.972076 550 1.136250 0.146544 1.158750 0.013896 
16.072724 550 1.136250 0.146544 1.158750 0.013896 
16.173439 550 1.136250 0.147680 1.158750 0.013896 
16.273922 550 1.136250 0.147680 1.158750 0.013896 
16.374465 550 1.136250 0.147680 1.158750 0.013896 
16.474965 550 1.136250 0.147680 1.158750 0.013896 
16.575397 550 1.136250 0.147680 1.158750 0.013896 
16.675825 550 1.136250 0.147680 1.158750 0.013896 
16.776288 550 1.136250 0.147680 1.158750 0.013896 
16.876720 550 1.136250 0.147680 1.158750 0.013896 
16.977204 550 1.136250 0.147680 1.158750 0.013896 
17.077682 550 1.136250 0.147680 1.158750 0.013896 
17.178141 550 1.136250 0.147680 1.158750 0.013896 
17.278591 550 1.136250 0.147680 1.158750 0.013896 
17.379025 550 1.136250 0.147680 1.158750 0.013896 
17.479894 550 1.136250 0.149952 1.158750 0.013896 
17.580347 550 1.136250 0.149952 1.158750 0.013896 
17.680779 550 1.136250 0.149952 1.158750 0.013896 
17.781246 550 1.136250 0.146544 1.158750 0.013896 
17.881686 550 1.136250 0.146544 1.158750 0.013896 
17.982310 550 1.136250 0.146544 1.158750 0.013896 
18.082905 550 1.136250 0.149952 1.158750 0.013896 
18.183493 550 1.136250 0.149952 1.158750 0.013896 
18.283949 550 1.136250 0.152224 1.158750 0.013896 
18.384440 550 1.136250 0.152224 1.158750 0.013896 
18.485025 550 1.136250 0.152224 1.158750 0.013896 
18.585624 550 1.136250 0.148816 1.158750 0.013896 
18.686386 550 1.136250 0.148816 1.158750 0.013896 
18.787005 550 1.136250 0.148816 1.158750 0.013896 
18.887726 550 1.136250 0.149952 1.158750 0.013896 
18.988428 550 1.136250 0.149952 1.158750 0.013896 
19.089051 550 1.136250 0.146544 1.158750 0.013896 
19.189687 550 1.136250 0.146544 1.158750 0.013896 
19.290335 550 1.136250 0.146544 1.158750 0.013896 
19.391537 550 1.136250 0.144272 1.158750 0.013896 
19.492169 550 1.136250 0.144272 1.158750 0.013896 
19.592922 550 1.136250 0.144272 1.158750 0.013896 
19.693534 550 1.136250 0.144272 1.158750 0.013896 
19.794140 550 1.136250 0.144272 1.158750 0.013896 
19.894721 550 1.136250 0.146544 1.158750 0.013896 
19.995232 550 1.136250 0.146544 1.158750 0.013896 
20.095679 550 1.136250 0.146544 1.158750 0.013896 
20.196109 550 1.136250 0.148816 1.158750 0.013896 
20.296536 550 1.136250 0.148816 1.158750 0.013896 
20.397022 550 1.136250 0.147680 1.158750 0.013896 
20.497497 550 1.136250 0.147680 1.158750 0.013896 
20.597993 550 1.136250 0.147680 1.158750 0.013896 
20.698442 550 1.136250 0.148816 1.158750 0.013896 
20.798921 550 1.136250 0.148816 1.158750 0.013896 
20.899359 550 1.136250 0.148816 1.158750 0.013896 
20.999798 550 1.136250 0.148816 1.158750 0.013896 
21.100236 550 1.136250 0.148816 1.158750 0.013896 
21.200703 550 1.136250 0.146544 1.158750 0.013896 
21.301375 550 1.136250 0.146544 1.158750 0.013896 
21.401982 550 1.136250 0.146544 1.158750 0.013896 
21.502506 550 1.136250 0.147680 1.158750 0.013896 
21.602946 550 1.136250 0.147680 1.158750 0.013896 
21.703395 550 1.136250 0.147680 1.158750 0.013896 
21.803965 550 1.136250 0.147680 1.158750 0.013896 
21.904629 550 1.136250 0.147680 1.158750 0.013896 
22.005304 550 1.136250 0.147680 1.158750 0.013896 
22.105960 550 1.136250 0.147680 1.158750 0.013896 
22.206680 550 1.136250 0.147680 1.158750 0.013896 
22.307509 550 1.136250 0.109056 1.158750 0.013896 
22.408125 550 1.136250 0.109056 1.158750 0.013896 
22.508736 550 1.137500 0.020466 1.158750 0.013896 
22.609362 550 1.137500 0.020466 1.158750 0.013896 
22.710045 550 1.137500 0.020466 1.158750 0.013896 
22.810724 550 1.137500 0.023877 1.158750 0.013896 
22.911402 550 1.137500 0.023877 1.158750 0.013896 
23.012083 550 1.137500 0.023877 1.158750 0.013896 
23.112819 550 1.137500 0.020466 1.158750 0.013896 
23.213504 550 1.137500 0.020466 1.158750 0.013896 
23.314190 550 1.137500 0.022740 1.158750 0.013896 
23.414877 550 1.137500 0.022740 1.158750 0.013896 
23.515562 550 1.137500 0.022740 1.158750 0.013896 
23.616245 550 1.137500 0.018192 1.158750 0.013896 
23.716930 550 1.137500 0.018192 1.158750 0.013896 
