0.000308 1000 1.200000 0.018000 0.955000 0.584460 
0.100915 1000 1.200000 0.018000 0.955000 0.586370 
0.201492 1000 1.200000 0.018000 0.955000 0.586370 
0.302008 1000 1.200000 0.018000 0.955000 0.586370 
0.402472 1000 1.200000 0.018000 0.955000 0.586370 
0.502935 1000 1.200000 0.018000 0.955000 0.586370 
0.603396 1000 1.200000 0.018000 0.955000 0.590190 
0.703874 1000 1.200000 0.018000 0.955000 0.590190 
0.804335 1000 1.200000 0.018000 0.955000 0.590190 
0.904812 1000 1.200000 0.018000 0.955000 0.593055 
1.005293 1000 1.200000 0.018000 0.955000 0.593055 
1.105857 1000 1.200000 0.018000 0.955000 0.593055 
1.206440 1000 1.200000 0.018000 0.955000 0.590190 
1.306945 1000 1.200000 0.018000 0.955000 0.590190 
1.407410 1000 1.200000 0.018000 0.955000 0.597830 
1.507881 1000 1.200000 0.018000 0.955000 0.597830 
1.608341 1000 1.200000 0.018000 0.955000 0.597830 
1.708799 1000 1.200000 0.018000 0.955000 0.592100 
1.809261 1000 1.200000 0.018000 0.955000 0.592100 
1.909735 1000 1.200000 0.018000 0.955000 0.592100 
2.010223 1000 1.200000 0.018000 0.955000 0.591145 
2.110691 1000 1.200000 0.018000 0.955000 0.591145 
2.211153 1000 1.200000 0.018000 0.955000 0.592100 
2.311609 1000 1.200000 0.018000 0.955000 0.592100 
2.412102 1000 1.200000 0.018000 0.955000 0.592100 
2.512562 1000 1.200000 0.018000 0.955000 0.593055 
2.613022 1000 1.200000 0.018000 0.955000 0.593055 
2.713489 1000 1.200000 0.018000 0.955000 0.593055 
2.813954 1000 1.200000 0.018000 0.955000 0.593055 
2.914419 1000 1.200000 0.018000 0.955000 0.593055 
3.014900 1000 1.200000 0.018000 0.955000 0.593055 
3.115473 1000 1.200000 0.018000 0.955000 0.593055 
3.216053 1000 1.200000 0.018000 0.955000 0.593055 
3.316522 1000 1.200000 0.018000 0.955000 0.592100 
3.417019 1000 1.200000 0.018000 0.955000 0.592100 
3.517478 1000 1.200000 0.018000 0.955000 0.592100 
3.617955 1000 1.200000 0.018000 0.955000 0.592100 
3.718417 1000 1.200000 0.018000 0.955000 0.592100 
3.818900 1000 1.200000 0.018000 0.955000 0.591145 
3.919376 1000 1.200000 0.018000 0.955000 0.591145 
4.019840 1000 1.200000 0.018000 0.955000 0.591145 
4.120304 1000 1.200000 0.018000 0.955000 0.591145 
4.220773 1000 1.200000 0.018000 0.955000 0.591145 
4.321234 1000 1.200000 0.018000 0.955000 0.593055 
4.421694 1000 1.200000 0.018000 0.955000 0.593055 
4.522203 1000 1.200000 0.018000 0.955000 0.593055 
4.622665 1000 1.200000 0.018000 0.955000 0.593055 
4.723128 1000 1.200000 0.018000 0.955000 0.593055 
4.823666 1000 1.200000 0.018000 0.955000 0.593055 
4.924141 1000 1.200000 0.018000 0.955000 0.593055 
5.024605 1000 1.200000 0.018000 0.955000 0.593055 
5.125069 1000 1.200000 0.018000 0.955000 0.591145 
5.225541 1000 1.200000 0.018000 0.955000 0.591145 
5.326005 1000 1.200000 0.018000 0.955000 0.591145 
5.426470 1000 1.200000 0.018000 0.955000 0.590190 
5.526994 1000 1.200000 0.018000 0.955000 0.590190 
5.627460 1000 1.200000 0.018000 0.955000 0.588280 
5.727919 1000 1.200000 0.018000 0.955000 0.588280 
5.828389 1000 1.200000 0.018000 0.955000 0.588280 
5.928859 1000 1.200000 0.018000 0.955000 0.592100 
6.029328 1000 1.200000 0.018000 0.955000 0.592100 
6.129787 1000 1.200000 0.018000 0.955000 0.592100 
6.230244 1000 1.200000 0.018000 0.955000 0.593055 
6.330700 1000 1.200000 0.018000 0.955000 0.593055 
6.431158 1000 1.200000 0.018000 0.955000 0.593055 
6.531615 1000 1.200000 0.018000 0.955000 0.593055 
6.632108 1000 1.200000 0.018000 0.955000 0.593055 
6.732573 1000 1.200000 0.018000 0.955000 0.592100 
6.833039 1000 1.200000 0.018000 0.955000 0.592100 
6.933504 1000 1.200000 0.018000 0.955000 0.593055 
7.033973 1000 1.200000 0.018000 0.955000 0.593055 
7.134435 1000 1.200000 0.018000 0.955000 0.593055 
7.234894 1000 1.200000 0.018000 0.955000 0.592100 
7.335349 1000 1.200000 0.018000 0.955000 0.592100 
7.435807 1000 1.200000 0.018000 0.955000 0.592100 
7.536267 1000 1.200000 0.018000 0.955000 0.590190 
7.636732 1000 1.200000 0.018000 0.955000 0.590190 
7.737236 1000 1.200000 0.018000 0.955000 0.592100 
7.837698 1000 1.200000 0.018000 0.955000 0.592100 
7.938162 1000 1.200000 0.018000 0.955000 0.592100 
8.038630 1000 1.200000 0.018000 0.955000 0.593055 
8.139182 1000 1.200000 0.018000 0.955000 0.593055 
8.239662 1000 1.200000 0.018000 0.955000 0.593055 
8.340135 1000 1.200000 0.018000 0.955000 0.593055 
8.440599 1000 1.200000 0.018000 0.955000 0.593055 
8.541056 1000 1.200000 0.018000 0.955000 0.590190 
8.641518 1000 1.200000 0.018000 0.955000 0.590190 
8.742010 1000 1.200000 0.018000 0.955000 0.590190 
8.842471 1000 1.200000 0.018000 0.955000 0.593055 
8.942940 1000 1.200000 0.018000 0.955000 0.593055 
9.043406 1000 1.200000 0.018000 0.955000 0.592100 
9.143881 1000 1.200000 0.018000 0.955000 0.592100 
9.244467 1000 1.200000 0.018000 0.955000 0.592100 
9.344962 1000 1.200000 0.018000 0.955000 0.593055 
9.445431 1000 1.200000 0.018000 0.955000 0.593055 
9.545905 1000 1.200000 0.018000 0.955000 0.593055 
9.646341 1000 1.200000 0.018000 0.955000 0.590190 
9.746882 1000 1.200000 0.018000 0.955000 0.590190 
9.847352 1000 1.200000 0.018000 0.955000 0.590190 
9.947831 1000 1.200000 0.018000 0.955000 0.590190 
10.048293 1000 1.200000 0.018000 0.955000 0.590190 
10.148756 1000 1.200000 0.018000 0.955000 0.579685 
10.249217 1000 1.200000 0.018000 0.955000 0.579685 
10.349676 1000 1.200000 0.018000 0.955000 0.579685 
10.450138 1000 1.200000 0.018000 0.955000 0.592100 
10.550598 1000 1.200000 0.018000 0.955000 0.592100 
10.651072 1000 1.200000 0.018000 0.955000 0.592100 
10.751540 1000 1.200000 0.018000 0.955000 0.592100 
10.852048 1000 1.200000 0.018000 0.955000 0.592100 
10.952514 1000 1.200000 0.018000 0.955000 0.593055 
11.056801 1000 1.200000 0.018000 0.955000 0.593055 
11.157327 1000 1.200000 0.018000 0.955000 0.593055 
11.257908 1000 1.200000 0.018000 0.955000 0.593055 
11.358385 1000 1.200000 0.018000 0.955000 0.593055 
11.458854 1000 1.200000 0.018000 0.955000 0.600695 
11.559328 1000 1.200000 0.018000 0.955000 0.600695 
11.659794 1000 1.200000 0.018000 0.955000 0.600695 
11.760259 1000 1.200000 0.018000 0.955000 0.592100 
11.860726 1000 1.200000 0.018000 0.955000 0.592100 
11.961208 1000 1.200000 0.018000 0.955000 0.593055 
12.061694 1000 1.200000 0.018000 0.955000 0.593055 
12.162199 1000 1.200000 0.018000 0.955000 0.593055 
12.262663 1000 1.200000 0.018000 0.955000 0.593055 
12.363125 1000 1.200000 0.018000 0.955000 0.593055 
12.463586 1000 1.200000 0.018000 0.955000 0.593055 
12.564046 1000 1.200000 0.018000 0.955000 0.592100 
12.664520 1000 1.200000 0.018000 0.955000 0.592100 
12.764982 1000 1.200000 0.018000 0.955000 0.593055 
12.865452 1000 1.200000 0.018000 0.955000 0.593055 
12.965910 1000 1.200000 0.018000 0.955000 0.593055 
13.066377 1000 1.200000 0.018000 0.955000 0.590190 
13.166882 1000 1.200000 0.018000 0.955000 0.590190 
13.267344 1000 1.200000 0.018000 0.955000 0.593055 
13.367805 1000 1.200000 0.018000 0.955000 0.593055 
13.468268 1000 1.200000 0.018000 0.955000 0.593055 
13.568727 1000 1.200000 0.018000 0.955000 0.592100 
13.669190 1000 1.200000 0.018000 0.955000 0.592100 
13.769655 1000 1.200000 0.018000 0.955000 0.592100 
13.870125 1000 1.200000 0.018000 0.955000 0.590190 
13.970596 1000 1.200000 0.018000 0.955000 0.590190 
14.071063 1000 1.200000 0.018000 0.955000 0.592100 
14.171525 1000 1.200000 0.018000 0.955000 0.592100 
14.272022 1000 1.200000 0.018000 0.955000 0.592100 
14.372488 1000 1.200000 0.018000 0.955000 0.592100 
14.472967 1000 1.200000 0.018000 0.955000 0.592100 
14.573431 1000 1.200000 0.018000 0.955000 0.592100 
14.673897 1000 1.200000 0.018000 0.955000 0.591145 
14.774383 1000 1.200000 0.018000 0.955000 0.591145 
14.876031 1000 1.200000 0.018000 0.955000 0.590190 
14.976523 1000 1.200000 0.018000 0.955000 0.590190 
15.077042 1000 1.200000 0.018000 0.955000 0.590190 
15.177506 1000 1.200000 0.018000 0.955000 0.591145 
15.277970 1000 1.200000 0.018000 0.955000 0.591145 
15.378428 1000 1.200000 0.018000 0.955000 0.593055 
15.478891 1000 1.200000 0.018000 0.955000 0.593055 
15.579368 1000 1.200000 0.018000 0.955000 0.593055 
15.679831 1000 1.200000 0.018000 0.955000 0.593055 
15.780303 1000 1.200000 0.018000 0.955000 0.593055 
15.880780 1000 1.200000 0.018000 0.955000 0.593055 
15.981267 1000 1.200000 0.018000 0.955000 0.593055 
16.081934 1000 1.200000 0.018000 0.955000 0.593055 
16.182463 1000 1.200000 0.018000 0.955000 0.591145 
16.282940 1000 1.200000 0.018000 0.955000 0.591145 
16.383402 1000 1.200000 0.018000 0.955000 0.591145 
16.483864 1000 1.200000 0.018000 0.955000 0.593055 
16.584343 1000 1.200000 0.018000 0.955000 0.593055 
16.684807 1000 1.200000 0.018000 0.955000 0.593055 
16.785270 1000 1.200000 0.018000 0.955000 0.592100 
16.885754 1000 1.200000 0.018000 0.955000 0.592100 
16.986241 1000 1.200000 0.018000 0.955000 0.590190 
17.086731 1000 1.200000 0.018000 0.955000 0.590190 
17.187362 1000 1.200000 0.018000 0.955000 0.590190 
17.287845 1000 1.200000 0.018000 0.955000 0.592100 
17.388324 1000 1.200000 0.018000 0.955000 0.592100 
17.488794 1000 1.200000 0.018000 0.955000 0.600695 
17.589260 1000 1.200000 0.018000 0.955000 0.600695 
17.689725 1000 1.200000 0.018000 0.955000 0.600695 
17.790190 1000 1.200000 0.018000 0.955000 0.593055 
17.890676 1000 1.200000 0.018000 0.955000 0.593055 
17.991142 1000 1.200000 0.018000 0.955000 0.593055 
18.091614 1000 1.200000 0.018000 0.955000 0.593055 
18.192119 1000 1.200000 0.018000 0.955000 0.593055 
18.292580 1000 1.200000 0.018000 0.955000 0.588280 
18.393042 1000 1.200000 0.018000 0.955000 0.588280 
18.493508 1000 1.200000 0.018000 0.955000 0.588280 
18.593979 1000 1.200000 0.018000 0.955000 0.592100 
18.694444 1000 1.200000 0.018000 0.955000 0.592100 
18.794924 1000 1.200000 0.018000 0.955000 0.592100 
18.895396 1000 1.200000 0.018000 0.955000 0.592100 
18.995896 1000 1.200000 0.018000 0.955000 0.592100 
19.096422 1000 1.200000 0.018000 0.955000 0.592100 
19.197048 1000 1.200000 0.018000 0.955000 0.592100 
19.297524 1000 1.200000 0.018000 0.955000 0.592100 
19.397986 1000 1.200000 0.018000 0.955000 0.599740 
19.498471 1000 1.200000 0.018000 0.955000 0.599740 
19.598934 1000 1.200000 0.018000 0.955000 0.593055 
19.699479 1000 1.200000 0.018000 0.955000 0.593055 
19.800123 1000 1.200000 0.018000 0.955000 0.593055 
19.900767 1000 1.200000 0.018000 0.955000 0.464130 
20.001383 1000 1.200000 0.018000 0.955000 0.464130 
20.102066 1000 1.200000 0.018000 0.955000 0.464130 
20.202659 1000 1.200000 0.018000 0.957500 0.054549 
20.303299 1000 1.200000 0.018000 0.957500 0.054549 
20.403903 1000 1.200000 0.018000 0.958750 0.098674 
20.504508 1000 1.200000 0.018000 0.958750 0.098674 
20.605116 1000 1.200000 0.018000 0.958750 0.098674 
20.705769 1000 1.200000 0.018000 0.957500 0.058377 
