0.000344 800 1.200000 0.018000 0.917500 0.441077 
0.101067 800 1.200000 0.018000 0.917500 0.441077 
0.201725 800 1.200000 0.018000 0.917500 0.438326 
0.302299 800 1.200000 0.018000 0.917500 0.438326 
0.402910 800 1.200000 0.018000 0.917500 0.438326 
0.503482 800 1.200000 0.018000 0.917500 0.429156 
0.604042 800 1.200000 0.018000 0.917500 0.429156 
0.704598 800 1.200000 0.018000 0.917500 0.428239 
0.805155 800 1.200000 0.018000 0.917500 0.428239 
0.905728 800 1.200000 0.018000 0.917500 0.428239 
1.006307 800 1.200000 0.018000 0.917500 0.429156 
1.106970 800 1.200000 0.018000 0.917500 0.429156 
1.207669 800 1.200000 0.018000 0.917500 0.429156 
1.308233 800 1.200000 0.018000 0.917500 0.428239 
1.408798 800 1.200000 0.018000 0.917500 0.428239 
1.509372 800 1.200000 0.018000 0.917500 0.430073 
1.609929 800 1.200000 0.018000 0.917500 0.430073 
1.710479 800 1.200000 0.018000 0.917500 0.430073 
1.811024 800 1.200000 0.018000 0.917500 0.430073 
1.911576 800 1.200000 0.018000 0.917500 0.430073 
2.012129 800 1.200000 0.018000 0.917500 0.430073 
2.112723 800 1.200000 0.018000 0.917500 0.430073 
2.213268 800 1.200000 0.018000 0.917500 0.430073 
2.313814 800 1.200000 0.018000 0.917500 0.428239 
2.414365 800 1.200000 0.018000 0.917500 0.428239 
2.514921 800 1.200000 0.018000 0.917500 0.428239 
2.615469 800 1.200000 0.018000 0.917500 0.428239 
2.716033 800 1.200000 0.018000 0.917500 0.428239 
2.816589 800 1.200000 0.018000 0.917500 0.430073 
2.917135 800 1.200000 0.018000 0.917500 0.430073 
3.017731 800 1.200000 0.018000 0.917500 0.430073 
3.118386 800 1.200000 0.018000 0.917500 0.428239 
3.218955 800 1.200000 0.018000 0.917500 0.428239 
3.319505 800 1.200000 0.018000 0.917500 0.428239 
3.420063 800 1.200000 0.018000 0.917500 0.430073 
3.520640 800 1.200000 0.018000 0.917500 0.430073 
3.621193 800 1.200000 0.018000 0.917500 0.429156 
3.721760 800 1.200000 0.018000 0.917500 0.429156 
3.822320 800 1.200000 0.018000 0.917500 0.429156 
3.922905 800 1.200000 0.018000 0.917500 0.429156 
4.023467 800 1.200000 0.018000 0.917500 0.429156 
4.124020 800 1.200000 0.018000 0.917500 0.427322 
4.224573 800 1.200000 0.018000 0.917500 0.427322 
4.325122 800 1.200000 0.018000 0.917500 0.427322 
4.425671 800 1.200000 0.018000 0.917500 0.428239 
4.526229 800 1.200000 0.018000 0.917500 0.428239 
4.626778 800 1.200000 0.018000 0.917500 0.428239 
4.727331 800 1.200000 0.018000 0.917500 0.430073 
4.827924 800 1.200000 0.018000 0.917500 0.430073 
4.928475 800 1.200000 0.018000 0.917500 0.429156 
5.029028 800 1.200000 0.018000 0.917500 0.429156 
5.129579 800 1.200000 0.018000 0.917500 0.429156 
5.230128 800 1.200000 0.018000 0.917500 0.428239 
5.330682 800 1.200000 0.018000 0.917500 0.428239 
5.431248 800 1.200000 0.018000 0.917500 0.428239 
5.531811 800 1.200000 0.018000 0.917500 0.425488 
5.632363 800 1.200000 0.018000 0.917500 0.425488 
5.732960 800 1.200000 0.018000 0.917500 0.427322 
5.833515 800 1.200000 0.018000 0.917500 0.427322 
5.934064 800 1.200000 0.018000 0.917500 0.427322 
6.034616 800 1.200000 0.018000 0.917500 0.427322 
6.135187 800 1.200000 0.018000 0.917500 0.427322 
6.235761 800 1.200000 0.018000 0.917500 0.427322 
6.336328 800 1.200000 0.018000 0.917500 0.427322 
6.436959 800 1.200000 0.018000 0.917500 0.427322 
6.537529 800 1.200000 0.018000 0.917500 0.428239 
6.638121 800 1.200000 0.018000 0.917500 0.428239 
6.738676 800 1.200000 0.018000 0.917500 0.428239 
6.839245 800 1.200000 0.018000 0.917500 0.428239 
6.939799 800 1.200000 0.018000 0.917500 0.428239 
7.040348 800 1.200000 0.018000 0.917500 0.428239 
7.140934 800 1.200000 0.018000 0.917500 0.428239 
7.241494 800 1.200000 0.018000 0.917500 0.428239 
7.342053 800 1.200000 0.018000 0.917500 0.428239 
7.442580 800 1.200000 0.018000 0.917500 0.428239 
7.543146 800 1.200000 0.018000 0.917500 0.428239 
7.643696 800 1.200000 0.018000 0.917500 0.426405 
7.744260 800 1.200000 0.018000 0.917500 0.426405 
7.844819 800 1.200000 0.018000 0.917500 0.429156 
7.945394 800 1.200000 0.018000 0.917500 0.429156 
8.045944 800 1.200000 0.018000 0.917500 0.429156 
8.146494 800 1.200000 0.018000 0.917500 0.429156 
8.247145 800 1.200000 0.018000 0.917500 0.429156 
8.347754 800 1.200000 0.018000 0.917500 0.428239 
8.448319 800 1.200000 0.018000 0.917500 0.428239 
8.548885 800 1.200000 0.018000 0.917500 0.428239 
8.649438 800 1.200000 0.018000 0.917500 0.430073 
8.750011 800 1.200000 0.018000 0.917500 0.430073 
8.850563 800 1.200000 0.018000 0.917500 0.430073 
8.951113 800 1.200000 0.018000 0.917500 0.429156 
9.051668 800 1.200000 0.018000 0.917500 0.429156 
9.152234 800 1.200000 0.018000 0.917500 0.430073 
9.252840 800 1.200000 0.018000 0.917500 0.430073 
9.353502 800 1.200000 0.018000 0.917500 0.430073 
9.454098 800 1.200000 0.018000 0.917500 0.429156 
9.554674 800 1.200000 0.018000 0.917500 0.429156 
9.655231 800 1.200000 0.018000 0.917500 0.429156 
9.755779 800 1.200000 0.018000 0.917500 0.428239 
9.856353 800 1.200000 0.018000 0.917500 0.428239 
9.956911 800 1.200000 0.018000 0.917500 0.430073 
10.057470 800 1.200000 0.018000 0.917500 0.430073 
10.158060 800 1.200000 0.018000 0.917500 0.430073 
10.258624 800 1.200000 0.018000 0.917500 0.430073 
10.359187 800 1.200000 0.018000 0.917500 0.430073 
10.459750 800 1.200000 0.018000 0.917500 0.428239 
10.560312 800 1.200000 0.018000 0.917500 0.428239 
10.660868 800 1.200000 0.018000 0.917500 0.428239 
10.761426 800 1.200000 0.018000 0.917500 0.429156 
10.861984 800 1.200000 0.018000 0.917500 0.429156 
10.962578 800 1.200000 0.018000 0.917500 0.429156 
11.063138 800 1.200000 0.018000 0.917500 0.429156 
11.163715 800 1.200000 0.018000 0.917500 0.429156 
11.264335 800 1.200000 0.018000 0.917500 0.430073 
11.364992 800 1.200000 0.018000 0.917500 0.430073 
11.465585 800 1.200000 0.018000 0.917500 0.430073 
11.566170 800 1.200000 0.018000 0.917500 0.426405 
11.666740 800 1.200000 0.018000 0.917500 0.426405 
11.767304 800 1.200000 0.018000 0.917500 0.426405 
11.867904 800 1.200000 0.018000 0.917500 0.429156 
11.968465 800 1.200000 0.018000 0.917500 0.429156 
12.069023 800 1.200000 0.018000 0.917500 0.428239 
12.169596 800 1.200000 0.018000 0.917500 0.428239 
12.270156 800 1.200000 0.018000 0.917500 0.428239 
12.370709 800 1.200000 0.018000 0.917500 0.428239 
12.471264 800 1.200000 0.018000 0.917500 0.428239 
12.571831 800 1.200000 0.018000 0.917500 0.428239 
12.672387 800 1.200000 0.018000 0.917500 0.428239 
12.773049 800 1.200000 0.018000 0.917500 0.428239 
12.873609 800 1.200000 0.018000 0.917500 0.429156 
12.974161 800 1.200000 0.018000 0.917500 0.429156 
13.074711 800 1.200000 0.018000 0.917500 0.429156 
13.175259 800 1.200000 0.016800 0.917500 0.427322 
13.275811 800 1.200000 0.016800 0.917500 0.427322 
13.376369 800 1.200000 0.018000 0.917500 0.428239 
13.476924 800 1.200000 0.018000 0.917500 0.428239 
13.577492 800 1.200000 0.018000 0.917500 0.428239 
13.678129 800 1.200000 0.018000 0.917500 0.426405 
13.778687 800 1.200000 0.018000 0.917500 0.426405 
13.879242 800 1.200000 0.018000 0.917500 0.426405 
13.979794 800 1.200000 0.018000 0.917500 0.426405 
14.080352 800 1.200000 0.018000 0.917500 0.426405 
14.180905 800 1.200000 0.018000 0.917500 0.428239 
14.281467 800 1.200000 0.018000 0.917500 0.428239 
14.382021 800 1.200000 0.018000 0.917500 0.428239 
14.482586 800 1.200000 0.018000 0.917500 0.427322 
14.583161 800 1.200000 0.018000 0.917500 0.427322 
14.683723 800 1.200000 0.018000 0.917500 0.428239 
14.784277 800 1.200000 0.018000 0.917500 0.428239 
14.884832 800 1.200000 0.018000 0.917500 0.428239 
14.985381 800 1.200000 0.018000 0.917500 0.429156 
15.085943 800 1.200000 0.018000 0.917500 0.429156 
15.186495 800 1.200000 0.018000 0.917500 0.429156 
15.287047 800 1.200000 0.018000 0.917500 0.430990 
15.387582 800 1.200000 0.018000 0.917500 0.430990 
15.488135 800 1.200000 0.018000 0.917500 0.428239 
15.588697 800 1.200000 0.018000 0.917500 0.428239 
15.689259 800 1.200000 0.018000 0.917500 0.428239 
15.789814 800 1.200000 0.018000 0.917500 0.428239 
15.890371 800 1.200000 0.018000 0.917500 0.428239 
15.990926 800 1.200000 0.018000 0.917500 0.428239 
16.091477 800 1.200000 0.018000 0.917500 0.428239 
16.192047 800 1.200000 0.018000 0.917500 0.428239 
16.292582 800 1.200000 0.018000 0.917500 0.430073 
16.393231 800 1.200000 0.018000 0.917500 0.430073 
16.493799 800 1.200000 0.018000 0.917500 0.430073 
16.594362 800 1.200000 0.018000 0.917500 0.429156 
16.694921 800 1.200000 0.018000 0.917500 0.429156 
16.795469 800 1.200000 0.018000 0.917500 0.429156 
16.896024 800 1.200000 0.018000 0.917500 0.429156 
16.996578 800 1.200000 0.018000 0.917500 0.429156 
17.097136 800 1.200000 0.018000 0.917500 0.428239 
17.197760 800 1.200000 0.018000 0.917500 0.428239 
17.298316 800 1.200000 0.018000 0.917500 0.428239 
17.398873 800 1.200000 0.018000 0.917500 0.428239 
17.499540 800 1.200000 0.018000 0.917500 0.428239 
17.600127 800 1.200000 0.018000 0.917500 0.430073 
17.700690 800 1.200000 0.018000 0.917500 0.430073 
17.801249 800 1.200000 0.018000 0.917500 0.430073 
17.901807 800 1.200000 0.018000 0.917500 0.430073 
18.002375 800 1.200000 0.018000 0.917500 0.430073 
18.102969 800 1.200000 0.018000 0.917500 0.430073 
18.203523 800 1.200000 0.018000 0.917500 0.428239 
18.304087 800 1.200000 0.018000 0.917500 0.428239 
18.404647 800 1.200000 0.018000 0.917500 0.429156 
18.505214 800 1.200000 0.018000 0.917500 0.429156 
18.605781 800 1.200000 0.018000 0.917500 0.429156 
18.706344 800 1.200000 0.018000 0.917500 0.428239 
18.806900 800 1.200000 0.018000 0.917500 0.428239 
18.907456 800 1.200000 0.018000 0.917500 0.428239 
19.008068 800 1.200000 0.018000 0.917500 0.428239 
19.108627 800 1.200000 0.018000 0.917500 0.428239 
19.209182 800 1.200000 0.018000 0.917500 0.430990 
19.309761 800 1.200000 0.018000 0.917500 0.430990 
19.410384 800 1.200000 0.018000 0.917500 0.430990 
19.511041 800 1.200000 0.018000 0.917500 0.429156 
19.611609 800 1.200000 0.018000 0.917500 0.429156 
19.712182 800 1.200000 0.018000 0.917500 0.429156 
19.812785 800 1.200000 0.018000 0.917500 0.429156 
19.913339 800 1.200000 0.018000 0.917500 0.429156 
20.013894 800 1.200000 0.018000 0.917500 0.430073 
20.114460 800 1.200000 0.018000 0.917500 0.430073 
20.215018 800 1.200000 0.018000 0.917500 0.430073 
20.315571 800 1.200000 0.018000 0.917500 0.428239 
20.416132 800 1.200000 0.018000 0.917500 0.428239 
20.516741 800 1.200000 0.018000 0.917500 0.428239 
20.617321 800 1.200000 0.018000 0.917500 0.428239 
20.717925 800 1.200000 0.018000 0.917500 0.428239 
20.818482 800 1.200000 0.018000 0.917500 0.429156 
20.919048 800 1.200000 0.018000 0.917500 0.429156 
21.019615 800 1.200000 0.018000 0.917500 0.430990 
21.120195 800 1.200000 0.018000 0.917500 0.430990 
21.220769 800 1.200000 0.018000 0.917500 0.430990 
21.321338 800 1.200000 0.018000 0.917500 0.430073 
21.421904 800 1.200000 0.018000 0.917500 0.430073 
21.522473 800 1.200000 0.018000 0.917500 0.430073 
21.623076 800 1.200000 0.018000 0.917500 0.429156 
21.723634 800 1.200000 0.018000 0.917500 0.429156 
21.824188 800 1.200000 0.018000 0.917500 0.429156 
21.924744 800 1.200000 0.018000 0.917500 0.429156 
22.025302 800 1.200000 0.018000 0.917500 0.429156 
22.125866 800 1.200000 0.018000 0.917500 0.426405 
22.226432 800 1.200000 0.018000 0.917500 0.426405 
22.326986 800 1.200000 0.018000 0.917500 0.429156 
22.427571 800 1.200000 0.018000 0.917500 0.429156 
22.528138 800 1.200000 0.018000 0.917500 0.429156 
22.628694 800 1.200000 0.018000 0.917500 0.428239 
22.729255 800 1.200000 0.018000 0.917500 0.428239 
22.829812 800 1.200000 0.018000 0.917500 0.428239 
22.930366 800 1.200000 0.018000 0.917500 0.430073 
23.030927 800 1.200000 0.018000 0.917500 0.430073 
23.131488 800 1.200000 0.018000 0.917500 0.429156 
23.232048 800 1.200000 0.018000 0.917500 0.429156 
23.332584 800 1.200000 0.018000 0.917500 0.429156 
23.433163 800 1.200000 0.018000 0.917500 0.430990 
23.533731 800 1.200000 0.018000 0.917500 0.430990 
23.634290 800 1.200000 0.018000 0.917500 0.430990 
23.734864 800 1.200000 0.018000 0.917500 0.430073 
23.835431 800 1.200000 0.018000 0.917500 0.430073 
23.935989 800 1.200000 0.018000 0.917500 0.430990 
24.036547 800 1.200000 0.018000 0.917500 0.430990 
24.137117 800 1.200000 0.018000 0.917500 0.430990 
24.237725 800 1.200000 0.018000 0.917500 0.428239 
24.338283 800 1.200000 0.018000 0.917500 0.428239 
24.438920 800 1.200000 0.018000 0.917500 0.429156 
24.539495 800 1.200000 0.018000 0.917500 0.429156 
24.640083 800 1.200000 0.018000 0.917500 0.429156 
24.740940 800 1.200000 0.018000 0.917500 0.428239 
24.841799 800 1.200000 0.018000 0.917500 0.428239 
24.942490 800 1.200000 0.018000 0.917500 0.428239 
25.043230 800 1.200000 0.018000 0.918750 0.202878 
25.143973 800 1.200000 0.018000 0.918750 0.202878 
25.244721 800 1.200000 0.018000 0.921250 0.073680 
25.345464 800 1.200000 0.018000 0.921250 0.073680 
25.446210 800 1.200000 0.018000 0.921250 0.073680 
