0.000365 500 1.073750 0.123395 1.158750 0.013896 
0.101009 500 1.073750 0.116957 1.158750 0.013896 
0.201659 500 1.073750 0.116957 1.158750 0.013896 
0.302176 500 1.073750 0.116957 1.158750 0.013896 
0.402694 500 1.073750 0.120176 1.158750 0.013896 
0.503213 500 1.073750 0.120176 1.158750 0.013896 
0.603660 500 1.073750 0.120176 1.158750 0.013896 
0.704110 500 1.073750 0.118030 1.158750 0.013896 
0.804556 500 1.073750 0.118030 1.158750 0.013896 
0.904999 500 1.073750 0.118030 1.158750 0.013896 
1.005479 500 1.073750 0.118030 1.158750 0.013896 
1.106127 500 1.073750 0.118030 1.158750 0.013896 
1.206749 500 1.073750 0.119103 1.158750 0.013896 
1.307241 500 1.073750 0.119103 1.158750 0.013896 
1.407691 500 1.073750 0.119103 1.158750 0.013896 
1.508167 500 1.073750 0.119103 1.158750 0.013896 
1.608608 500 1.073750 0.119103 1.158750 0.013896 
1.709070 500 1.073750 0.118030 1.158750 0.013896 
1.809518 500 1.073750 0.118030 1.158750 0.013896 
1.909963 500 1.073750 0.118030 1.158750 0.013896 
2.010423 500 1.073750 0.119103 1.158750 0.013896 
2.110924 500 1.073750 0.119103 1.158750 0.013896 
2.211395 500 1.073750 0.119103 1.158750 0.013896 
2.311845 500 1.073750 0.119103 1.158750 0.013896 
2.412327 500 1.073750 0.119103 1.158750 0.013896 
2.512780 500 1.073750 0.120176 1.158750 0.013896 
2.613409 500 1.073750 0.120176 1.158750 0.013896 
2.713921 500 1.073750 0.120176 1.158750 0.013896 
2.814376 500 1.073750 0.120176 1.158750 0.013896 
2.914823 500 1.073750 0.120176 1.158750 0.013896 
3.015342 500 1.073750 0.118030 1.158750 0.013896 
3.116010 500 1.073750 0.118030 1.158750 0.013896 
3.216544 500 1.073750 0.118030 1.158750 0.013896 
3.317012 500 1.073750 0.116957 1.158750 0.013896 
3.417481 500 1.073750 0.116957 1.158750 0.013896 
3.517922 500 1.073750 0.119103 1.158750 0.013896 
3.618375 500 1.073750 0.119103 1.158750 0.013896 
3.718816 500 1.073750 0.119103 1.158750 0.013896 
3.819346 500 1.073750 0.119103 1.158750 0.013896 
3.919809 500 1.073750 0.119103 1.158750 0.013896 
4.020321 500 1.073750 0.119103 1.158750 0.013896 
4.120828 500 1.073750 0.119103 1.158750 0.013896 
4.221326 500 1.073750 0.119103 1.158750 0.013896 
4.321958 500 1.073750 0.119103 1.158750 0.013896 
4.422555 500 1.073750 0.119103 1.158750 0.013896 
4.523110 500 1.073750 0.119103 1.158750 0.013896 
4.623602 500 1.073750 0.119103 1.158750 0.013896 
4.724068 500 1.073750 0.119103 1.158750 0.013896 
4.824532 500 1.073750 0.119103 1.158750 0.013896 
4.924982 500 1.073750 0.119103 1.158750 0.013896 
5.025437 500 1.073750 0.119103 1.158750 0.013896 
5.125938 500 1.073750 0.116957 1.158750 0.013896 
5.226401 500 1.073750 0.116957 1.158750 0.013896 
5.326877 500 1.073750 0.116957 1.158750 0.013896 
5.427328 500 1.073750 0.119103 1.158750 0.013896 
5.527830 500 1.073750 0.119103 1.158750 0.013896 
5.628351 500 1.073750 0.119103 1.158750 0.013896 
5.728823 500 1.073750 0.119103 1.158750 0.013896 
5.829273 500 1.073750 0.119103 1.158750 0.013896 
5.929716 500 1.073750 0.118030 1.158750 0.013896 
6.030164 500 1.073750 0.118030 1.158750 0.013896 
6.130667 500 1.073750 0.118030 1.158750 0.013896 
6.231128 500 1.073750 0.119103 1.158750 0.013896 
6.331587 500 1.073750 0.119103 1.158750 0.013896 
6.432059 500 1.073750 0.120176 1.158750 0.013896 
6.532517 500 1.073750 0.120176 1.158750 0.013896 
6.632922 500 1.073750 0.120176 1.158750 0.013896 
6.733405 500 1.073750 0.120176 1.158750 0.013896 
6.833865 500 1.073750 0.120176 1.158750 0.013896 
6.934312 500 1.073750 0.120176 1.158750 0.013896 
7.034771 500 1.073750 0.119103 1.158750 0.013896 
7.135263 500 1.073750 0.119103 1.158750 0.013896 
7.235714 500 1.073750 0.119103 1.158750 0.013896 
7.336164 500 1.073750 0.119103 1.158750 0.013896 
7.436614 500 1.073750 0.119103 1.158750 0.013896 
7.537112 500 1.073750 0.119103 1.158750 0.013896 
7.637580 500 1.073750 0.119103 1.158750 0.013896 
7.738107 500 1.073750 0.119103 1.158750 0.013896 
7.838567 500 1.073750 0.119103 1.158750 0.013896 
7.939027 500 1.073750 0.119103 1.158750 0.013896 
8.039546 500 1.073750 0.120176 1.158750 0.013896 
8.140069 500 1.073750 0.120176 1.158750 0.013896 
8.240645 500 1.073750 0.120176 1.158750 0.013896 
8.341182 500 1.073750 0.120176 1.158750 0.013896 
8.441653 500 1.073750 0.120176 1.158750 0.013896 
8.542159 500 1.073750 0.120176 1.158750 0.013896 
8.642623 500 1.073750 0.120176 1.158750 0.013896 
8.743115 500 1.073750 0.120176 1.158750 0.013896 
8.843598 500 1.073750 0.119103 1.158750 0.013896 
8.944065 500 1.073750 0.119103 1.158750 0.013896 
9.044519 500 1.073750 0.119103 1.158750 0.013896 
9.145015 500 1.073750 0.119103 1.158750 0.013896 
9.245487 500 1.073750 0.119103 1.158750 0.013896 
9.346121 500 1.073750 0.119103 1.158750 0.013896 
9.446611 500 1.073750 0.119103 1.158750 0.013896 
9.547069 500 1.073750 0.119103 1.158750 0.013896 
9.647618 500 1.073750 0.116957 1.158750 0.013896 
9.748145 500 1.073750 0.116957 1.158750 0.013896 
9.848657 500 1.073750 0.118030 1.158750 0.013896 
9.949108 500 1.073750 0.118030 1.158750 0.013896 
10.049605 500 1.073750 0.118030 1.158750 0.013896 
10.150129 500 1.073750 0.119103 1.158750 0.013896 
10.250602 500 1.073750 0.119103 1.158750 0.013896 
10.351079 500 1.073750 0.119103 1.158750 0.013896 
10.451536 500 1.073750 0.119103 1.158750 0.013896 
10.551998 500 1.073750 0.119103 1.158750 0.013896 
10.652493 500 1.073750 0.118030 1.158750 0.013896 
10.753056 500 1.073750 0.118030 1.158750 0.013896 
10.853518 500 1.073750 0.118030 1.158750 0.013896 
10.954036 500 1.073750 0.119103 1.158750 0.013896 
11.054511 500 1.073750 0.119103 1.158750 0.013896 
11.158149 500 1.073750 0.119103 1.158750 0.013896 
11.258765 500 1.073750 0.116957 1.158750 0.013896 
11.359401 500 1.073750 0.116957 1.158750 0.013896 
11.459924 500 1.073750 0.119103 1.158750 0.013896 
11.560390 500 1.073750 0.119103 1.158750 0.013896 
11.660855 500 1.073750 0.119103 1.158750 0.013896 
11.761311 500 1.073750 0.118030 1.158750 0.013896 
11.861762 500 1.073750 0.118030 1.158750 0.013896 
11.962243 500 1.073750 0.119103 1.158750 0.013896 
12.062705 500 1.073750 0.119103 1.158750 0.013896 
12.163253 500 1.073750 0.119103 1.158750 0.013896 
12.263737 500 1.073750 0.119103 1.158750 0.013896 
12.364217 500 1.073750 0.119103 1.158750 0.013896 
12.464669 500 1.073750 0.119103 1.158750 0.013896 
12.565114 500 1.073750 0.118030 1.158750 0.013896 
12.665608 500 1.073750 0.118030 1.158750 0.013896 
12.766120 500 1.073750 0.119103 1.158750 0.013896 
12.866603 500 1.073750 0.119103 1.158750 0.013896 
12.967119 500 1.073750 0.119103 1.158750 0.013896 
13.067627 500 1.073750 0.119103 1.158750 0.013896 
13.168135 500 1.073750 0.119103 1.158750 0.013896 
13.268617 500 1.073750 0.119103 1.158750 0.013896 
13.369068 500 1.073750 0.119103 1.158750 0.013896 
13.469517 500 1.073750 0.119103 1.158750 0.013896 
13.569980 500 1.073750 0.119103 1.158750 0.013896 
13.670440 500 1.073750 0.119103 1.158750 0.013896 
13.770983 500 1.073750 0.119103 1.158750 0.013896 
13.871470 500 1.073750 0.119103 1.158750 0.013896 
13.971934 500 1.073750 0.119103 1.158750 0.013896 
14.072439 500 1.073750 0.119103 1.158750 0.013896 
14.172927 500 1.073750 0.119103 1.158750 0.013896 
14.273464 500 1.073750 0.119103 1.158750 0.013896 
14.373936 500 1.073750 0.118030 1.158750 0.013896 
14.474395 500 1.073750 0.118030 1.158750 0.013896 
14.574855 500 1.073750 0.118030 1.158750 0.013896 
14.675333 500 1.073750 0.121249 1.158750 0.013896 
14.775837 500 1.073750 0.121249 1.158750 0.013896 
14.876414 500 1.073750 0.119103 1.158750 0.013896 
14.976909 500 1.073750 0.119103 1.158750 0.013896 
15.077421 500 1.073750 0.119103 1.158750 0.013896 
15.177884 500 1.073750 0.118030 1.158750 0.013896 
15.278426 500 1.073750 0.118030 1.158750 0.013896 
15.378900 500 1.073750 0.118030 1.158750 0.013896 
15.479355 500 1.073750 0.119103 1.158750 0.013896 
15.579805 500 1.073750 0.119103 1.158750 0.013896 
15.680254 500 1.073750 0.118030 1.158750 0.013896 
15.780698 500 1.073750 0.118030 1.158750 0.013896 
15.881149 500 1.073750 0.118030 1.158750 0.013896 
15.981647 500 1.073750 0.116957 1.158750 0.013896 
16.082152 500 1.073750 0.116957 1.158750 0.013896 
16.182638 500 1.073750 0.119103 1.158750 0.013896 
16.283166 500 1.073750 0.119103 1.158750 0.013896 
16.383751 500 1.073750 0.119103 1.158750 0.013896 
16.484288 500 1.073750 0.119103 1.158750 0.013896 
16.584754 500 1.073750 0.119103 1.158750 0.013896 
16.685211 500 1.073750 0.119103 1.158750 0.013896 
16.785655 500 1.073750 0.119103 1.158750 0.013896 
16.886102 500 1.073750 0.119103 1.158750 0.013896 
16.986549 500 1.073750 0.118030 1.158750 0.013896 
17.087045 500 1.073750 0.118030 1.158750 0.013896 
17.187508 500 1.073750 0.118030 1.158750 0.013896 
17.288066 500 1.073750 0.118030 1.158750 0.013896 
17.388549 500 1.073750 0.118030 1.158750 0.013896 
17.489188 500 1.073750 0.118030 1.158750 0.013896 
17.589685 500 1.073750 0.118030 1.158750 0.013896 
17.690197 500 1.073750 0.118030 1.158750 0.013896 
17.790661 500 1.073750 0.116957 1.158750 0.013896 
17.891117 500 1.073750 0.116957 1.158750 0.013896 
17.991580 500 1.073750 0.116957 1.158750 0.013896 
18.092084 500 1.073750 0.119103 1.158750 0.013896 
18.192543 500 1.073750 0.119103 1.158750 0.013896 
18.293033 500 1.073750 0.118030 1.158750 0.013896 
18.393483 500 1.073750 0.118030 1.158750 0.013896 
18.493942 500 1.073750 0.118030 1.158750 0.013896 
18.594390 500 1.073750 0.118030 1.158750 0.013896 
18.694841 500 1.073750 0.118030 1.158750 0.013896 
18.795297 500 1.073750 0.118030 1.158750 0.013896 
18.895742 500 1.073750 0.119103 1.158750 0.013896 
18.996215 500 1.073750 0.119103 1.158750 0.013896 
19.096724 500 1.073750 0.119103 1.158750 0.013896 
19.197200 500 1.073750 0.119103 1.158750 0.013896 
19.299591 500 1.073750 0.119103 1.158750 0.013896 
19.400211 500 1.073750 0.120176 1.158750 0.013896 
19.500851 500 1.073750 0.120176 1.158750 0.013896 
19.601332 500 1.073750 0.120176 1.158750 0.013896 
19.701795 500 1.073750 0.118030 1.158750 0.013896 
19.802263 500 1.073750 0.118030 1.158750 0.013896 
19.902717 500 1.073750 0.119103 1.158750 0.013896 
20.003240 500 1.073750 0.119103 1.158750 0.013896 
20.103748 500 1.073750 0.119103 1.158750 0.013896 
20.204219 500 1.073750 0.119103 1.158750 0.013896 
20.304710 500 1.073750 0.119103 1.158750 0.013896 
20.405219 500 1.073750 0.119103 1.158750 0.013896 
20.505688 500 1.073750 0.119103 1.158750 0.013896 
20.606140 500 1.073750 0.119103 1.158750 0.013896 
20.706602 500 1.073750 0.118030 1.158750 0.013896 
20.807054 500 1.073750 0.118030 1.158750 0.013896 
20.907504 500 1.073750 0.118030 1.158750 0.013896 
21.007928 500 1.073750 0.120176 1.158750 0.013896 
21.108422 500 1.073750 0.120176 1.158750 0.013896 
21.208881 500 1.073750 0.119103 1.158750 0.013896 
21.309362 500 1.073750 0.119103 1.158750 0.013896 
21.409862 500 1.073750 0.119103 1.158750 0.013896 
21.510341 500 1.073750 0.120176 1.158750 0.013896 
21.610800 500 1.073750 0.120176 1.158750 0.013896 
21.711250 500 1.073750 0.120176 1.158750 0.013896 
21.811696 500 1.073750 0.119103 1.158750 0.013896 
21.912141 500 1.073750 0.119103 1.158750 0.013896 
22.012591 500 1.073750 0.119103 1.158750 0.013896 
22.113128 500 1.073750 0.119103 1.158750 0.013896 
22.213598 500 1.073750 0.119103 1.158750 0.013896 
22.314073 500 1.073750 0.119103 1.158750 0.013896 
22.414530 500 1.073750 0.119103 1.158750 0.013896 
22.514989 500 1.073750 0.118030 1.158750 0.013896 
22.615444 500 1.073750 0.118030 1.158750 0.013896 
22.715929 500 1.073750 0.118030 1.158750 0.013896 
22.816387 500 1.073750 0.119103 1.158750 0.013896 
22.916867 500 1.073750 0.119103 1.158750 0.013896 
23.017498 500 1.073750 0.119103 1.158750 0.013896 
23.118217 500 1.073750 0.118030 1.158750 0.013896 
23.218764 500 1.073750 0.118030 1.158750 0.013896 
23.319228 500 1.073750 0.119103 1.158750 0.013896 
23.419749 500 1.073750 0.119103 1.158750 0.013896 
23.520236 500 1.073750 0.119103 1.158750 0.013896 
23.622592 500 1.073750 0.119103 1.158750 0.013896 
23.723300 500 1.073750 0.119103 1.158750 0.013896 
23.824056 500 1.073750 0.119103 1.158750 0.013896 
23.924701 500 1.075000 0.086000 1.158750 0.013896 
24.025346 500 1.075000 0.086000 1.158750 0.013896 
24.126035 500 1.076250 0.017216 1.158750 0.013896 
24.226752 500 1.076250 0.017216 1.158750 0.013896 
24.327450 500 1.076250 0.017216 1.158750 0.013896 
24.428650 500 1.076250 0.015064 1.158750 0.013896 
24.529297 500 1.076250 0.015064 1.158750 0.013896 
24.630010 500 1.076250 0.018292 1.158750 0.013896 
24.730730 500 1.076250 0.018292 1.158750 0.013896 
24.831392 500 1.076250 0.018292 1.158750 0.013896 
24.932113 500 1.076250 0.016140 1.158750 0.013896 
25.032930 500 1.076250 0.016140 1.158750 0.013896 
25.133654 500 1.076250 0.016140 1.158750 0.013896 
25.234484 500 1.076250 0.016140 1.158750 0.013896 
25.335191 500 1.076250 0.016140 1.158750 0.013896 
25.435888 500 1.076250 0.016140 1.158750 0.013896 
25.536628 500 1.076250 0.016140 1.158750 0.013896 
25.637369 500 1.076250 0.016140 1.158750 0.013896 
25.738179 500 1.076250 0.034432 1.158750 0.013896 
25.838926 500 1.076250 0.034432 1.158750 0.013896 
25.939632 500 1.076250 0.016140 1.158750 0.013896 
26.040378 500 1.076250 0.016140 1.158750 0.013896 
26.141102 500 1.076250 0.016140 1.158750 0.013896 
26.241934 500 1.076250 0.016140 1.158750 0.013896 
26.342767 500 1.076250 0.016140 1.158750 0.013896 
26.443559 500 1.076250 0.016140 1.158750 0.013896 
