0.000259 1100 1.200000 0.018000 0.991250 0.660006 
0.100818 1100 1.200000 0.018000 0.990000 0.676170 
0.201319 1100 1.200000 0.018000 0.990000 0.676170 
0.301756 1100 1.200000 0.018000 0.990000 0.676170 
0.402178 1100 1.200000 0.018000 0.990000 0.693000 
0.502609 1100 1.200000 0.018000 0.990000 0.693000 
0.603031 1100 1.200000 0.018000 0.990000 0.693000 
0.703478 1100 1.200000 0.018000 0.990000 0.693000 
0.803933 1100 1.200000 0.018000 0.990000 0.693000 
0.904358 1100 1.200000 0.018000 0.990000 0.693000 
1.004876 1100 1.200000 0.018000 0.990000 0.693000 
1.105431 1100 1.200000 0.018000 0.990000 0.693000 
1.205966 1100 1.200000 0.018000 0.990000 0.693000 
1.306412 1100 1.200000 0.018000 0.990000 0.693000 
1.406845 1100 1.200000 0.018000 0.990000 0.690030 
1.507287 1100 1.200000 0.018000 0.990000 0.690030 
1.607722 1100 1.200000 0.018000 0.990000 0.690030 
1.708163 1100 1.200000 0.018000 0.990000 0.691020 
1.808599 1100 1.200000 0.018000 0.990000 0.691020 
1.909059 1100 1.200000 0.018000 0.990000 0.691020 
2.009482 1100 1.200000 0.018000 0.990000 0.691020 
2.109906 1100 1.200000 0.018000 0.990000 0.691020 
2.210328 1100 1.200000 0.018000 0.990000 0.693000 
2.310746 1100 1.200000 0.018000 0.990000 0.693000 
2.411167 1100 1.200000 0.018000 0.990000 0.693000 
2.511592 1100 1.200000 0.018000 0.990000 0.691020 
2.612012 1100 1.200000 0.018000 0.990000 0.691020 
2.712459 1100 1.200000 0.018000 0.990000 0.691020 
2.812888 1100 1.200000 0.018000 0.990000 0.692010 
2.913308 1100 1.200000 0.018000 0.990000 0.692010 
3.013751 1100 1.200000 0.018000 0.990000 0.691020 
3.114278 1100 1.200000 0.018000 0.990000 0.691020 
3.214813 1100 1.200000 0.018000 0.990000 0.691020 
3.315249 1100 1.200000 0.018000 0.990000 0.700920 
3.415680 1100 1.200000 0.018000 0.990000 0.700920 
3.516128 1100 1.200000 0.018000 0.990000 0.689040 
3.616557 1100 1.200000 0.018000 0.990000 0.689040 
3.717000 1100 1.200000 0.018000 0.990000 0.689040 
3.817433 1100 1.200000 0.018000 0.990000 0.693000 
3.917869 1100 1.200000 0.018000 0.990000 0.693000 
4.018302 1100 1.200000 0.018000 0.990000 0.693000 
4.118731 1100 1.200000 0.018000 0.990000 0.691020 
4.219154 1100 1.200000 0.018000 0.990000 0.691020 
4.319573 1100 1.200000 0.018000 0.990000 0.691020 
4.419993 1100 1.200000 0.018000 0.990000 0.691020 
4.520424 1100 1.200000 0.018000 0.990000 0.691020 
4.620846 1100 1.200000 0.018000 0.990000 0.692010 
4.721279 1100 1.200000 0.018000 0.990000 0.692010 
4.821752 1100 1.200000 0.018000 0.990000 0.692010 
4.922191 1100 1.200000 0.018000 0.990000 0.692010 
5.022620 1100 1.200000 0.018000 0.990000 0.692010 
5.123044 1100 1.200000 0.018000 0.990000 0.691020 
5.223471 1100 1.200000 0.018000 0.990000 0.691020 
5.323926 1100 1.200000 0.018000 0.990000 0.691020 
5.424348 1100 1.200000 0.018000 0.990000 0.690030 
5.524780 1100 1.200000 0.018000 0.990000 0.690030 
5.625232 1100 1.200000 0.018000 0.990000 0.690030 
5.725658 1100 1.200000 0.018000 0.990000 0.690030 
5.826090 1100 1.200000 0.018000 0.990000 0.690030 
5.926513 1100 1.200000 0.018000 0.990000 0.692010 
6.026938 1100 1.200000 0.018000 0.990000 0.692010 
6.127372 1100 1.200000 0.018000 0.990000 0.692010 
6.227814 1100 1.200000 0.018000 0.990000 0.691020 
6.328242 1100 1.200000 0.018000 0.990000 0.691020 
6.428667 1100 1.200000 0.018000 0.990000 0.690030 
6.529147 1100 1.200000 0.018000 0.990000 0.690030 
6.629586 1100 1.200000 0.018000 0.990000 0.690030 
6.730015 1100 1.200000 0.018000 0.991250 0.673880 
6.830451 1100 1.200000 0.018000 0.991250 0.673880 
6.930882 1100 1.200000 0.018000 0.991250 0.673880 
7.031308 1100 1.200000 0.018000 0.990000 0.692010 
7.131729 1100 1.200000 0.018000 0.990000 0.692010 
7.232152 1100 1.200000 0.018000 0.990000 0.693000 
7.332610 1100 1.200000 0.018000 0.990000 0.693000 
7.433035 1100 1.200000 0.018000 0.990000 0.693000 
7.533466 1100 1.200000 0.018000 0.990000 0.686070 
7.633935 1100 1.200000 0.018000 0.990000 0.686070 
7.734359 1100 1.200000 0.018000 0.990000 0.692010 
7.834817 1100 1.200000 0.018000 0.990000 0.692010 
7.935245 1100 1.200000 0.018000 0.990000 0.692010 
8.035672 1100 1.200000 0.018000 0.990000 0.692010 
8.136181 1100 1.200000 0.018000 0.990000 0.692010 
8.236615 1100 1.200000 0.018000 0.990000 0.692010 
8.337037 1100 1.200000 0.018000 0.990000 0.693000 
8.437461 1100 1.200000 0.018000 0.990000 0.693000 
8.537885 1100 1.200000 0.018000 0.990000 0.691020 
8.638319 1100 1.200000 0.018000 0.990000 0.691020 
8.738785 1100 1.200000 0.018000 0.990000 0.691020 
8.839221 1100 1.200000 0.018000 0.990000 0.691020 
8.939646 1100 1.200000 0.018000 0.990000 0.691020 
9.040070 1100 1.200000 0.018000 0.990000 0.691020 
9.140511 1100 1.200000 0.018000 0.990000 0.689040 
9.241056 1100 1.200000 0.018000 0.990000 0.689040 
9.341502 1100 1.200000 0.018000 0.990000 0.688050 
9.441932 1100 1.200000 0.018000 0.990000 0.688050 
9.542370 1100 1.200000 0.018000 0.990000 0.688050 
9.642815 1100 1.200000 0.018000 0.990000 0.700920 
9.743243 1100 1.200000 0.018000 0.990000 0.700920 
9.843682 1100 1.200000 0.018000 0.990000 0.688050 
9.944152 1100 1.200000 0.018000 0.990000 0.688050 
10.044576 1100 1.200000 0.018000 0.990000 0.688050 
10.145001 1100 1.200000 0.018000 0.990000 0.692010 
10.245431 1100 1.200000 0.018000 0.990000 0.692010 
10.345853 1100 1.200000 0.018000 0.990000 0.692010 
10.446278 1100 1.200000 0.018000 0.990000 0.690030 
10.546705 1100 1.200000 0.018000 0.990000 0.690030 
10.647139 1100 1.200000 0.018000 0.990000 0.690030 
10.747565 1100 1.200000 0.018000 0.990000 0.690030 
10.848003 1100 1.200000 0.018000 0.990000 0.690030 
10.948427 1100 1.200000 0.018000 0.991250 0.690727 
11.053755 1100 1.200000 0.018000 0.991250 0.690727 
11.154244 1100 1.200000 0.018000 0.991250 0.690727 
11.254785 1100 1.200000 0.018000 0.990000 0.691020 
11.355224 1100 1.200000 0.018000 0.990000 0.691020 
11.455660 1100 1.200000 0.018000 0.990000 0.696960 
11.556093 1100 1.200000 0.018000 0.990000 0.696960 
11.656539 1100 1.200000 0.018000 0.990000 0.696960 
11.756973 1100 1.200000 0.018000 0.990000 0.688050 
11.857401 1100 1.200000 0.018000 0.990000 0.688050 
11.957826 1100 1.200000 0.018000 0.990000 0.689040 
12.058252 1100 1.200000 0.018000 0.990000 0.689040 
12.158674 1100 1.200000 0.018000 0.990000 0.689040 
12.259125 1100 1.200000 0.018000 0.990000 0.691020 
12.359547 1100 1.200000 0.018000 0.990000 0.691020 
12.459969 1100 1.200000 0.018000 0.990000 0.691020 
12.560415 1100 1.200000 0.018000 0.990000 0.691020 
12.660863 1100 1.200000 0.018000 0.990000 0.691020 
12.761287 1100 1.200000 0.018000 0.990000 0.688050 
12.861711 1100 1.200000 0.018000 0.990000 0.688050 
12.962134 1100 1.200000 0.018000 0.990000 0.688050 
13.062556 1100 1.200000 0.018000 0.990000 0.688050 
13.162979 1100 1.200000 0.018000 0.990000 0.688050 
13.263402 1100 1.200000 0.018000 0.990000 0.688050 
13.363862 1100 1.200000 0.018000 0.990000 0.688050 
13.464285 1100 1.200000 0.018000 0.990000 0.688050 
13.564716 1100 1.200000 0.018000 0.990000 0.693000 
13.665147 1100 1.200000 0.018000 0.990000 0.693000 
13.765570 1100 1.200000 0.018000 0.990000 0.693000 
13.866007 1100 1.200000 0.018000 0.990000 0.690030 
13.966433 1100 1.200000 0.018000 0.990000 0.690030 
14.066866 1100 1.200000 0.018000 0.990000 0.691020 
14.167292 1100 1.200000 0.018000 0.990000 0.691020 
14.267713 1100 1.200000 0.018000 0.990000 0.691020 
14.368136 1100 1.200000 0.018000 0.990000 0.690030 
14.468560 1100 1.200000 0.018000 0.990000 0.690030 
14.569024 1100 1.200000 0.018000 0.990000 0.690030 
14.669453 1100 1.200000 0.018000 0.990000 0.690030 
14.769879 1100 1.200000 0.018000 0.990000 0.690030 
14.870308 1100 1.200000 0.018000 0.990000 0.689040 
14.970734 1100 1.200000 0.018000 0.990000 0.689040 
15.071166 1100 1.200000 0.018000 0.990000 0.689040 
15.171594 1100 1.200000 0.018000 0.991250 0.689736 
15.272016 1100 1.200000 0.018000 0.991250 0.689736 
15.372443 1100 1.200000 0.018000 0.991250 0.689736 
15.472866 1100 1.200000 0.018000 0.990000 0.691020 
15.573291 1100 1.200000 0.018000 0.990000 0.691020 
15.673733 1100 1.200000 0.018000 0.990000 0.691020 
15.774159 1100 1.200000 0.018000 0.990000 0.691020 
15.874584 1100 1.200000 0.018000 0.990000 0.691020 
15.975007 1100 1.200000 0.018000 0.990000 0.693000 
16.075493 1100 1.200000 0.018000 0.990000 0.693000 
16.175935 1100 1.200000 0.018000 0.990000 0.687060 
16.276374 1100 1.200000 0.018000 0.990000 0.687060 
16.376801 1100 1.200000 0.018000 0.990000 0.687060 
16.477224 1100 1.200000 0.018000 0.990000 0.689040 
16.577674 1100 1.200000 0.018000 0.990000 0.689040 
16.678106 1100 1.200000 0.018000 0.990000 0.689040 
16.778533 1100 1.200000 0.018000 0.990000 0.689040 
16.878990 1100 1.200000 0.018000 0.990000 0.689040 
16.979432 1100 1.200000 0.018000 0.990000 0.690030 
17.080072 1100 1.200000 0.018000 0.990000 0.690030 
17.180699 1100 1.200000 0.018000 0.990000 0.690030 
17.281324 1100 1.200000 0.018000 0.991250 0.616402 
17.381939 1100 1.200000 0.018000 0.991250 0.616402 
17.482560 1100 1.200000 0.018000 0.991250 0.616402 
17.583262 1100 1.200000 0.018000 0.993750 0.165831 
17.684038 1100 1.200000 0.018000 0.993750 0.165831 
17.784717 1100 1.200000 0.018000 0.996250 0.097608 
17.885317 1100 1.200000 0.018000 0.996250 0.097608 
17.985869 1100 1.200000 0.018000 0.996250 0.097608 
18.086426 1100 1.200000 0.018000 0.995000 0.066665 
18.186981 1100 1.200000 0.018000 0.995000 0.066665 
18.287581 1100 1.200000 0.018000 0.996250 0.080676 
18.388179 1100 1.200000 0.018000 0.996250 0.080676 
18.488776 1100 1.200000 0.018000 0.996250 0.080676 
18.589322 1100 1.200000 0.018000 0.996250 0.086652 
18.689919 1100 1.200000 0.018000 0.996250 0.086652 
18.790479 1100 1.200000 0.018000 0.996250 0.086652 
18.891042 1100 1.200000 0.018000 0.995000 0.105470 
18.993764 1100 1.200000 0.018000 0.995000 0.105470 
19.094330 1100 1.200000 0.018000 0.996250 0.093624 
19.194894 1100 1.200000 0.018000 0.996250 0.093624 
19.295498 1100 1.200000 0.018000 0.996250 0.093624 
19.396015 1100 1.200000 0.018000 0.993750 0.140013 
