0.000190 1600 1.200000 0.018000 1.152500 1.428480 
0.100614 1600 1.200000 0.018000 1.152500 1.428480 
0.201044 1600 1.200000 0.018000 1.152500 1.415808 
0.301382 1600 1.200000 0.018000 1.152500 1.415808 
0.401706 1600 1.200000 0.018000 1.152500 1.415808 
0.502038 1600 1.200000 0.018000 1.152500 1.420416 
0.602361 1600 1.200000 0.018000 1.152500 1.420416 
0.702709 1600 1.200000 0.018000 1.152500 1.420416 
0.803030 1600 1.200000 0.018000 1.152500 1.423872 
0.903351 1600 1.200000 0.018000 1.152500 1.423872 
1.003699 1600 1.200000 0.018000 1.152500 1.416960 
1.104137 1600 1.200000 0.018000 1.152500 1.416960 
1.204586 1600 1.200000 0.018000 1.152500 1.416960 
1.304916 1600 1.200000 0.018000 1.152500 1.418112 
1.405251 1600 1.200000 0.018000 1.152500 1.418112 
1.505896 1600 1.200000 0.018000 1.152500 1.421568 
1.606226 1600 1.200000 0.018000 1.152500 1.421568 
1.706547 1600 1.200000 0.018000 1.152500 1.421568 
1.806868 1600 1.200000 0.018000 1.152500 1.422720 
1.907196 1600 1.200000 0.018000 1.152500 1.422720 
2.007565 1600 1.200000 0.018000 1.152500 1.422720 
2.107887 1600 1.200000 0.018000 1.152500 1.419264 
2.208208 1600 1.200000 0.018000 1.152500 1.419264 
2.308527 1600 1.200000 0.018000 1.152500 1.420416 
2.408852 1600 1.200000 0.018000 1.152500 1.420416 
2.509170 1600 1.200000 0.018000 1.152500 1.420416 
2.609506 1600 1.200000 0.018000 1.152500 1.419264 
2.709839 1600 1.200000 0.018000 1.152500 1.419264 
2.810164 1600 1.200000 0.018000 1.152500 1.419264 
2.910490 1600 1.200000 0.018000 1.152500 1.421568 
3.010840 1600 1.200000 0.018000 1.152500 1.421568 
3.111281 1600 1.200000 0.018000 1.152500 1.414656 
3.211715 1600 1.200000 0.018000 1.152500 1.414656 
3.312046 1600 1.200000 0.018000 1.152500 1.414656 
3.412374 1600 1.200000 0.018000 1.152500 1.414656 
3.512724 1600 1.200000 0.018000 1.152500 1.414656 
3.613061 1600 1.200000 0.018000 1.152500 1.414656 
3.713391 1600 1.200000 0.018000 1.152500 1.421568 
3.813732 1600 1.200000 0.018000 1.152500 1.421568 
3.914065 1600 1.200000 0.018000 1.152500 1.423872 
4.014409 1600 1.200000 0.018000 1.152500 1.423872 
4.114742 1600 1.200000 0.018000 1.152500 1.423872 
4.215151 1600 1.200000 0.018000 1.152500 1.419264 
4.315480 1600 1.200000 0.018000 1.152500 1.419264 
4.415806 1600 1.200000 0.018000 1.152500 1.421568 
4.516128 1600 1.200000 0.018000 1.152500 1.421568 
4.616447 1600 1.200000 0.018000 1.152500 1.421568 
4.716770 1600 1.200000 0.018000 1.152500 1.425024 
4.817092 1600 1.200000 0.018000 1.152500 1.425024 
4.917413 1600 1.200000 0.018000 1.152500 1.425024 
5.017769 1600 1.200000 0.018000 1.152500 1.422720 
5.118099 1600 1.200000 0.018000 1.152500 1.422720 
5.218432 1600 1.200000 0.018000 1.152500 1.422720 
5.318755 1600 1.200000 0.018000 1.152500 1.422720 
5.419080 1600 1.200000 0.018000 1.152500 1.422720 
5.519399 1600 1.200000 0.018000 1.152500 1.418112 
5.619719 1600 1.200000 0.018000 1.152500 1.418112 
5.720040 1600 1.200000 0.018000 1.152500 1.418112 
5.820360 1600 1.200000 0.018000 1.152500 1.421568 
5.920680 1600 1.200000 0.018000 1.152500 1.421568 
6.021005 1600 1.200000 0.018000 1.152500 1.422720 
6.121338 1600 1.200000 0.018000 1.152500 1.422720 
6.221664 1600 1.200000 0.018000 1.152500 1.422720 
6.321982 1600 1.200000 0.018000 1.152500 1.420416 
6.422303 1600 1.200000 0.018000 1.152500 1.420416 
6.522647 1600 1.200000 0.018000 1.153750 1.422802 
6.622973 1600 1.200000 0.018000 1.153750 1.422802 
6.723302 1600 1.200000 0.018000 1.153750 1.422802 
6.823628 1600 1.200000 0.018000 1.152500 1.422720 
6.923953 1600 1.200000 0.018000 1.152500 1.422720 
7.024281 1600 1.200000 0.018000 1.152500 1.422720 
7.124615 1600 1.200000 0.018000 1.152500 1.422720 
7.224939 1600 1.200000 0.018000 1.152500 1.422720 
7.325258 1600 1.200000 0.018000 1.152500 1.421568 
7.425579 1600 1.200000 0.018000 1.152500 1.421568 
7.525897 1600 1.200000 0.018000 1.152500 1.421568 
7.626226 1600 1.200000 0.018000 1.152500 1.419264 
7.726555 1600 1.200000 0.018000 1.152500 1.419264 
7.826892 1600 1.200000 0.018000 1.152500 1.419264 
7.927220 1600 1.200000 0.018000 1.152500 1.418112 
8.027577 1600 1.200000 0.018000 1.152500 1.418112 
8.127968 1600 1.200000 0.018000 1.152500 1.425024 
8.228304 1600 1.200000 0.018000 1.152500 1.425024 
8.328623 1600 1.200000 0.018000 1.152500 1.425024 
8.428941 1600 1.200000 0.018000 1.152500 1.420416 
8.529265 1600 1.200000 0.018000 1.152500 1.420416 
8.629586 1600 1.200000 0.018000 1.152500 1.423872 
8.729909 1600 1.200000 0.018000 1.152500 1.423872 
8.830228 1600 1.200000 0.018000 1.152500 1.423872 
8.930546 1600 1.200000 0.018000 1.152500 1.423872 
9.030872 1600 1.200000 0.018000 1.152500 1.423872 
9.131232 1600 1.200000 0.018000 1.152500 1.423872 
9.231673 1600 1.200000 0.018000 1.152500 1.419264 
9.332008 1600 1.200000 0.018000 1.152500 1.419264 
9.432347 1600 1.200000 0.018000 1.152500 1.433088 
9.532700 1600 1.200000 0.018000 1.152500 1.433088 
9.633022 1600 1.200000 0.018000 1.152500 1.433088 
9.733357 1600 1.200000 0.018000 1.152500 1.416960 
9.833685 1600 1.200000 0.018000 1.152500 1.416960 
9.934015 1600 1.200000 0.018000 1.152500 1.416960 
10.034354 1600 1.200000 0.018000 1.152500 1.425024 
10.134691 1600 1.200000 0.018000 1.152500 1.425024 
10.235013 1600 1.200000 0.018000 1.152500 1.420416 
10.335335 1600 1.200000 0.018000 1.152500 1.420416 
10.435656 1600 1.200000 0.018000 1.152500 1.420416 
10.535977 1600 1.200000 0.018000 1.153750 1.426261 
10.636300 1600 1.200000 0.018000 1.153750 1.426261 
10.736620 1600 1.200000 0.018000 1.153750 1.426261 
10.836954 1600 1.200000 0.018000 1.152500 1.421568 
10.937274 1600 1.200000 0.018000 1.152500 1.421568 
11.037629 1600 1.200000 0.018000 1.152500 1.420416 
11.137964 1600 1.200000 0.018000 1.152500 1.420416 
11.238404 1600 1.200000 0.018000 1.152500 1.420416 
11.338739 1600 1.200000 0.018000 1.152500 1.420416 
11.439068 1600 1.200000 0.018000 1.152500 1.420416 
11.539405 1600 1.200000 0.018000 1.152500 1.427328 
11.639729 1600 1.200000 0.018000 1.152500 1.427328 
11.740103 1600 1.200000 0.018000 1.152500 1.427328 
11.840500 1600 1.200000 0.018000 1.152500 1.426176 
11.940995 1600 1.200000 0.018000 1.152500 1.426176 
12.041498 1600 1.200000 0.018000 1.152500 1.426176 
12.142000 1600 1.200000 0.018000 1.153750 1.144929 
12.242505 1600 1.200000 0.018000 1.153750 1.144929 
12.343010 1600 1.200000 0.018000 1.157500 0.123799 
12.443575 1600 1.200000 0.018000 1.157500 0.123799 
12.544147 1600 1.200000 0.018000 1.157500 0.123799 
12.644724 1600 1.200000 0.018000 1.158750 0.130854 
12.745305 1600 1.200000 0.018000 1.158750 0.130854 
12.845887 1600 1.200000 0.018000 1.158750 0.130854 
12.946471 1600 1.200000 0.018000 1.157500 0.129584 
13.047058 1600 1.200000 0.018000 1.157500 0.129584 
13.147644 1600 1.200000 0.018000 1.157500 0.124956 
13.248158 1600 1.200000 0.018000 1.157500 0.124956 
13.348737 1600 1.200000 0.018000 1.157500 0.124956 
13.449218 1600 1.200000 0.018000 1.158750 0.136644 
13.549735 1600 1.200000 0.018000 1.158750 0.136644 
13.650316 1600 1.200000 0.018000 1.157500 0.144625 
13.750894 1600 1.200000 0.018000 1.157500 0.144625 
13.851473 1600 1.200000 0.018000 1.157500 0.144625 
