0.000431 350 0.948750 0.064464 1.158750 0.013896 
0.101305 350 0.948750 0.064464 1.158750 0.013896 
0.202211 350 0.948750 0.064464 1.158750 0.012738 
0.303003 350 0.948750 0.064464 1.158750 0.012738 
0.403772 350 0.948750 0.065412 1.158750 0.012738 
0.504568 350 0.948750 0.065412 1.158750 0.012738 
0.605370 350 0.948750 0.065412 1.158750 0.012738 
0.706169 350 0.948750 0.065412 1.158750 0.012738 
0.807273 350 0.948750 0.065412 1.158750 0.012738 
0.908052 350 0.948750 0.065412 1.158750 0.012738 
1.008750 350 0.948750 0.065412 1.158750 0.012738 
1.109877 350 0.948750 0.065412 1.158750 0.012738 
1.210719 350 0.948750 0.064464 1.158750 0.012738 
1.311485 350 0.948750 0.064464 1.158750 0.012738 
1.412196 350 0.948750 0.064464 1.158750 0.012738 
1.512956 350 0.948750 0.065412 1.158750 0.012738 
1.613677 350 0.948750 0.065412 1.158750 0.012738 
1.714463 350 0.948750 0.064464 1.158750 0.012738 
1.815285 350 0.948750 0.064464 1.158750 0.012738 
1.916106 350 0.948750 0.064464 1.158750 0.012738 
2.016965 350 0.948750 0.064464 1.158750 0.012738 
2.117766 350 0.948750 0.064464 1.158750 0.012738 
2.218569 350 0.948750 0.064464 1.158750 0.012738 
2.319357 350 0.948750 0.065412 1.158750 0.012738 
2.420040 350 0.948750 0.065412 1.158750 0.012738 
2.520685 350 0.948750 0.064464 1.158750 0.012738 
2.621331 350 0.948750 0.064464 1.158750 0.012738 
2.722025 350 0.948750 0.064464 1.158750 0.012738 
2.822746 350 0.948750 0.064464 1.158750 0.012738 
2.923490 350 0.948750 0.064464 1.158750 0.012738 
3.024126 350 0.948750 0.064464 1.158750 0.012738 
3.124746 350 0.948750 0.065412 1.158750 0.012738 
3.225368 350 0.948750 0.065412 1.158750 0.012738 
3.325982 350 0.948750 0.064464 1.158750 0.012738 
3.426717 350 0.948750 0.064464 1.158750 0.012738 
3.527422 350 0.948750 0.064464 1.158750 0.012738 
3.628074 350 0.948750 0.064464 1.158750 0.013896 
3.728757 350 0.948750 0.064464 1.158750 0.013896 
3.829443 350 0.948750 0.064464 1.158750 0.013896 
3.930088 350 0.948750 0.064464 1.158750 0.012738 
4.030899 350 0.948750 0.064464 1.158750 0.012738 
4.131759 350 0.948750 0.064464 1.158750 0.012738 
4.232395 350 0.948750 0.064464 1.158750 0.012738 
4.333098 350 0.948750 0.064464 1.158750 0.012738 
4.433949 350 0.948750 0.064464 1.158750 0.012738 
4.534760 350 0.948750 0.064464 1.158750 0.012738 
4.635567 350 0.948750 0.065412 1.158750 0.012738 
4.736347 350 0.948750 0.065412 1.158750 0.012738 
4.837209 350 0.948750 0.065412 1.158750 0.012738 
4.937998 350 0.948750 0.064464 1.158750 0.013896 
5.038795 350 0.948750 0.064464 1.158750 0.013896 
5.139583 350 0.948750 0.064464 1.158750 0.013896 
5.240348 350 0.948750 0.065412 1.158750 0.012738 
5.341094 350 0.948750 0.065412 1.158750 0.012738 
5.441930 350 0.948750 0.065412 1.158750 0.012738 
5.542727 350 0.948750 0.065412 1.158750 0.012738 
5.644605 350 0.948750 0.065412 1.158750 0.012738 
5.745454 350 0.948750 0.064464 1.158750 0.012738 
5.846292 350 0.948750 0.064464 1.158750 0.012738 
5.947151 350 0.948750 0.064464 1.158750 0.012738 
6.048157 350 0.948750 0.064464 1.158750 0.012738 
6.148844 350 0.948750 0.064464 1.158750 0.012738 
6.249659 350 0.948750 0.064464 1.158750 0.012738 
6.350426 350 0.948750 0.064464 1.158750 0.012738 
6.451134 350 0.948750 0.064464 1.158750 0.012738 
6.551818 350 0.948750 0.064464 1.158750 0.012738 
6.652470 350 0.948750 0.064464 1.158750 0.012738 
6.753156 350 0.948750 0.064464 1.158750 0.012738 
6.853854 350 0.948750 0.064464 1.158750 0.012738 
6.954548 350 0.948750 0.064464 1.158750 0.012738 
7.055180 350 0.948750 0.064464 1.158750 0.012738 
7.155800 350 0.948750 0.064464 1.158750 0.012738 
7.256480 350 0.948750 0.064464 1.158750 0.012738 
7.357117 350 0.948750 0.064464 1.158750 0.012738 
7.457764 350 0.948750 0.064464 1.158750 0.012738 
7.558397 350 0.948750 0.065412 1.158750 0.012738 
7.659145 350 0.948750 0.065412 1.158750 0.012738 
7.759873 350 0.948750 0.065412 1.158750 0.012738 
7.860536 350 0.948750 0.064464 1.158750 0.012738 
7.961310 350 0.948750 0.064464 1.158750 0.012738 
8.062165 350 0.948750 0.061620 1.158750 0.012738 
8.162968 350 0.948750 0.061620 1.158750 0.012738 
8.263946 350 0.948750 0.061620 1.158750 0.012738 
8.364753 350 0.948750 0.065412 1.158750 0.013896 
8.465559 350 0.948750 0.065412 1.158750 0.013896 
8.566320 350 0.948750 0.065412 1.158750 0.013896 
8.667544 350 0.948750 0.065412 1.158750 0.013896 
8.768335 350 0.948750 0.065412 1.158750 0.013896 
8.869112 350 0.948750 0.065412 1.158750 0.012738 
8.969794 350 0.948750 0.065412 1.158750 0.012738 
9.070594 350 0.948750 0.065412 1.158750 0.012738 
9.171315 350 0.948750 0.064464 1.158750 0.012738 
9.272028 350 0.948750 0.064464 1.158750 0.012738 
9.372841 350 0.948750 0.064464 1.158750 0.012738 
9.473688 350 0.948750 0.064464 1.158750 0.012738 
9.574507 350 0.948750 0.064464 1.158750 0.012738 
9.675309 350 0.948750 0.064464 1.158750 0.012738 
9.776092 350 0.948750 0.064464 1.158750 0.012738 
9.876786 350 0.948750 0.064464 1.158750 0.012738 
9.977420 350 0.948750 0.064464 1.158750 0.012738 
10.078172 350 0.948750 0.064464 1.158750 0.012738 
10.179245 350 0.948750 0.064464 1.158750 0.013896 
10.280051 350 0.948750 0.064464 1.158750 0.013896 
10.380709 350 0.948750 0.064464 1.158750 0.013896 
10.481486 350 0.948750 0.065412 1.158750 0.013896 
10.582169 350 0.948750 0.065412 1.158750 0.013896 
10.682833 350 0.948750 0.065412 1.158750 0.013896 
10.783702 350 0.948750 0.064464 1.158750 0.012738 
10.884397 350 0.948750 0.064464 1.158750 0.012738 
10.985148 350 0.948750 0.065412 1.158750 0.012738 
11.085920 350 0.948750 0.065412 1.158750 0.012738 
11.186809 350 0.948750 0.065412 1.158750 0.012738 
11.287640 350 0.948750 0.065412 1.158750 0.013896 
11.388482 350 0.948750 0.065412 1.158750 0.013896 
11.489576 350 0.948750 0.064464 1.158750 0.012738 
11.590314 350 0.948750 0.064464 1.158750 0.012738 
11.690976 350 0.948750 0.064464 1.158750 0.012738 
11.791708 350 0.948750 0.065412 1.158750 0.012738 
11.892362 350 0.948750 0.065412 1.158750 0.012738 
11.993066 350 0.948750 0.065412 1.158750 0.012738 
12.093711 350 0.948750 0.064464 1.158750 0.012738 
12.194337 350 0.948750 0.064464 1.158750 0.012738 
12.294978 350 0.948750 0.064464 1.158750 0.013896 
12.395635 350 0.948750 0.064464 1.158750 0.013896 
12.496264 350 0.948750 0.064464 1.158750 0.013896 
12.596958 350 0.948750 0.064464 1.158750 0.012738 
12.697593 350 0.948750 0.064464 1.158750 0.012738 
12.798262 350 0.948750 0.064464 1.158750 0.012738 
12.898898 350 0.948750 0.064464 1.158750 0.012738 
12.999559 350 0.948750 0.064464 1.158750 0.012738 
13.100184 350 0.948750 0.064464 1.158750 0.013896 
13.200802 350 0.948750 0.064464 1.158750 0.013896 
13.301423 350 0.948750 0.064464 1.158750 0.013896 
13.402095 350 0.948750 0.064464 1.158750 0.013896 
13.502840 350 0.948750 0.064464 1.158750 0.013896 
13.603481 350 0.948750 0.064464 1.158750 0.012738 
13.704118 350 0.948750 0.064464 1.158750 0.012738 
13.804823 350 0.948750 0.064464 1.158750 0.012738 
13.905456 350 0.948750 0.064464 1.158750 0.012738 
14.006099 350 0.948750 0.064464 1.158750 0.012738 
14.106800 350 0.948750 0.064464 1.158750 0.012738 
14.207432 350 0.948750 0.064464 1.158750 0.012738 
14.308075 350 0.948750 0.064464 1.158750 0.012738 
14.408699 350 0.948750 0.064464 1.158750 0.012738 
14.509315 350 0.948750 0.064464 1.158750 0.012738 
14.609931 350 0.948750 0.064464 1.158750 0.012738 
14.710570 350 0.948750 0.064464 1.158750 0.012738 
14.811231 350 0.948750 0.064464 1.158750 0.012738 
14.911907 350 0.948750 0.064464 1.158750 0.012738 
15.012556 350 0.948750 0.064464 1.158750 0.012738 
15.113182 350 0.948750 0.064464 1.158750 0.012738 
15.213799 350 0.948750 0.064464 1.158750 0.012738 
15.314440 350 0.948750 0.064464 1.158750 0.012738 
15.415080 350 0.948750 0.064464 1.158750 0.012738 
15.515704 350 0.948750 0.064464 1.158750 0.012738 
15.616328 350 0.948750 0.064464 1.158750 0.012738 
15.717008 350 0.948750 0.065412 1.158750 0.012738 
15.817710 350 0.948750 0.065412 1.158750 0.012738 
15.918353 350 0.948750 0.065412 1.158750 0.012738 
16.019008 350 0.948750 0.064464 1.158750 0.012738 
16.119661 350 0.948750 0.064464 1.158750 0.012738 
16.220298 350 0.948750 0.064464 1.158750 0.012738 
16.320967 350 0.948750 0.065412 1.158750 0.012738 
16.421793 350 0.948750 0.065412 1.158750 0.012738 
16.522500 350 0.948750 0.064464 1.158750 0.012738 
16.623140 350 0.948750 0.064464 1.158750 0.012738 
16.723774 350 0.948750 0.064464 1.158750 0.012738 
16.824481 350 0.948750 0.064464 1.158750 0.012738 
16.925132 350 0.948750 0.064464 1.158750 0.012738 
17.025783 350 0.948750 0.065412 1.158750 0.012738 
17.126410 350 0.948750 0.065412 1.158750 0.012738 
17.227258 350 0.948750 0.065412 1.158750 0.012738 
17.327906 350 0.948750 0.064464 1.158750 0.012738 
17.428598 350 0.948750 0.064464 1.158750 0.012738 
17.529448 350 0.948750 0.064464 1.158750 0.012738 
17.630274 350 0.948750 0.064464 1.158750 0.012738 
17.730974 350 0.948750 0.064464 1.158750 0.012738 
17.831707 350 0.948750 0.065412 1.158750 0.012738 
17.932347 350 0.948750 0.065412 1.158750 0.012738 
18.033019 350 0.948750 0.065412 1.158750 0.012738 
18.133707 350 0.948750 0.064464 1.158750 0.013896 
18.234350 350 0.948750 0.064464 1.158750 0.013896 
18.334973 350 0.948750 0.064464 1.158750 0.013896 
18.435592 350 0.948750 0.064464 1.158750 0.013896 
18.536215 350 0.948750 0.064464 1.158750 0.013896 
18.636883 350 0.948750 0.064464 1.158750 0.012738 
18.737517 350 0.948750 0.064464 1.158750 0.012738 
18.838210 350 0.948750 0.064464 1.158750 0.012738 
18.938858 350 0.948750 0.064464 1.158750 0.012738 
19.039521 350 0.948750 0.064464 1.158750 0.012738 
19.140148 350 0.948750 0.064464 1.158750 0.012738 
19.240802 350 0.948750 0.064464 1.158750 0.012738 
19.341528 350 0.948750 0.064464 1.158750 0.012738 
19.442332 350 0.948750 0.064464 1.158750 0.012738 
19.543198 350 0.948750 0.064464 1.158750 0.012738 
19.644032 350 0.948750 0.064464 1.158750 0.012738 
19.744719 350 0.948750 0.065412 1.158750 0.012738 
19.845487 350 0.948750 0.065412 1.158750 0.012738 
19.946175 350 0.948750 0.065412 1.158750 0.012738 
20.046917 350 0.948750 0.065412 1.158750 0.012738 
20.147600 350 0.948750 0.065412 1.158750 0.012738 
20.248244 350 0.948750 0.064464 1.158750 0.012738 
20.348884 350 0.948750 0.064464 1.158750 0.012738 
20.449502 350 0.948750 0.064464 1.158750 0.012738 
20.550123 350 0.948750 0.064464 1.158750 0.012738 
20.650756 350 0.948750 0.064464 1.158750 0.012738 
20.751430 350 0.948750 0.065412 1.158750 0.012738 
20.852102 350 0.948750 0.065412 1.158750 0.012738 
20.952723 350 0.948750 0.065412 1.158750 0.012738 
21.053611 350 0.948750 0.063516 1.158750 0.012738 
21.154411 350 0.948750 0.063516 1.158750 0.012738 
21.255611 350 0.948750 0.064464 1.158750 0.012738 
21.356439 350 0.948750 0.064464 1.158750 0.012738 
21.457466 350 0.948750 0.064464 1.158750 0.012738 
21.558263 350 0.948750 0.064464 1.158750 0.012738 
21.659099 350 0.948750 0.064464 1.158750 0.012738 
21.759862 350 0.948750 0.064464 1.158750 0.012738 
21.860665 350 0.948750 0.064464 1.158750 0.012738 
21.961344 350 0.948750 0.064464 1.158750 0.012738 
22.062259 350 0.948750 0.063516 1.158750 0.012738 
22.163105 350 0.948750 0.063516 1.158750 0.012738 
22.263960 350 0.948750 0.063516 1.158750 0.012738 
22.365128 350 0.948750 0.063516 1.158750 0.013896 
22.465993 350 0.948750 0.063516 1.158750 0.013896 
22.566896 350 0.948750 0.063516 1.158750 0.012738 
22.667722 350 0.948750 0.063516 1.158750 0.012738 
22.768548 350 0.948750 0.063516 1.158750 0.012738 
22.869285 350 0.948750 0.064464 1.158750 0.012738 
22.970022 350 0.948750 0.064464 1.158750 0.012738 
23.070797 350 0.948750 0.064464 1.158750 0.012738 
23.171544 350 0.948750 0.065412 1.158750 0.012738 
23.272332 350 0.948750 0.065412 1.158750 0.012738 
23.373145 350 0.948750 0.064464 1.158750 0.013896 
23.473921 350 0.948750 0.064464 1.158750 0.013896 
23.574724 350 0.948750 0.064464 1.158750 0.013896 
23.675530 350 0.948750 0.059724 1.158750 0.013896 
23.776334 350 0.948750 0.059724 1.158750 0.013896 
23.877195 350 0.948750 0.061620 1.158750 0.013896 
23.977977 350 0.948750 0.061620 1.158750 0.012738 
24.078805 350 0.948750 0.061620 1.158750 0.012738 
24.179603 350 0.948750 0.065412 1.158750 0.012738 
24.280400 350 0.948750 0.065412 1.158750 0.012738 
24.381214 350 0.948750 0.065412 1.158750 0.012738 
24.482196 350 0.948750 0.065412 1.158750 0.012738 
24.582986 350 0.948750 0.065412 1.158750 0.012738 
24.683796 350 0.948750 0.065412 1.158750 0.012738 
24.784611 350 0.948750 0.065412 1.158750 0.012738 
24.885440 350 0.948750 0.065412 1.158750 0.012738 
24.986257 350 0.948750 0.065412 1.158750 0.012738 
25.087100 350 0.948750 0.065412 1.158750 0.012738 
25.187897 350 0.948750 0.065412 1.158750 0.012738 
25.288725 350 0.948750 0.066360 1.158750 0.012738 
25.389612 350 0.948750 0.066360 1.158750 0.012738 
25.490503 350 0.948750 0.063516 1.158750 0.012738 
25.591335 350 0.948750 0.063516 1.158750 0.012738 
25.692224 350 0.948750 0.063516 1.158750 0.012738 
25.795212 350 0.948750 0.065412 1.158750 0.012738 
25.896073 350 0.948750 0.065412 1.158750 0.012738 
25.996977 350 0.948750 0.064464 1.158750 0.012738 
26.097812 350 0.948750 0.064464 1.158750 0.012738 
26.198636 350 0.948750 0.064464 1.158750 0.012738 
26.299289 350 0.948750 0.064464 1.158750 0.012738 
26.399923 350 0.948750 0.064464 1.158750 0.012738 
26.500695 350 0.948750 0.064464 1.158750 0.012738 
26.601409 350 0.948750 0.063516 1.158750 0.012738 
26.702257 350 0.948750 0.063516 1.158750 0.012738 
26.803064 350 0.948750 0.064464 1.158750 0.013896 
26.903897 350 0.948750 0.064464 1.158750 0.013896 
27.004720 350 0.948750 0.064464 1.158750 0.013896 
27.105534 350 0.948750 0.065412 1.158750 0.013896 
27.206360 350 0.948750 0.065412 1.158750 0.013896 
27.307220 350 0.948750 0.062568 1.158750 0.013896 
27.408097 350 0.948750 0.062568 1.158750 0.012738 
27.508966 350 0.948750 0.062568 1.158750 0.012738 
27.609819 350 0.948750 0.064464 1.158750 0.013896 
27.710747 350 0.948750 0.064464 1.158750 0.013896 
27.811656 350 0.948750 0.064464 1.158750 0.013896 
27.912533 350 0.948750 0.065412 1.158750 0.012738 
28.013387 350 0.948750 0.065412 1.158750 0.012738 
28.116120 350 0.948750 0.064464 1.158750 0.012738 
28.217047 350 0.948750 0.064464 1.158750 0.012738 
28.317939 350 0.948750 0.064464 1.158750 0.012738 
28.418787 350 0.948750 0.062568 1.158750 0.012738 
28.519663 350 0.948750 0.062568 1.158750 0.012738 
28.620584 350 0.948750 0.062568 1.158750 0.012738 
28.721487 350 0.948750 0.065412 1.158750 0.013896 
28.822903 350 0.948750 0.065412 1.158750 0.013896 
28.923734 350 0.948750 0.065412 1.158750 0.013896 
29.024570 350 0.948750 0.065412 1.158750 0.013896 
29.125403 350 0.948750 0.065412 1.158750 0.013896 
29.226220 350 0.948750 0.064464 1.158750 0.013896 
29.327121 350 0.948750 0.064464 1.158750 0.013896 
29.427928 350 0.948750 0.065412 1.158750 0.013896 
29.528723 350 0.948750 0.065412 1.158750 0.013896 
29.629839 350 0.948750 0.065412 1.158750 0.013896 
29.730697 350 0.948750 0.065412 1.158750 0.012738 
29.831521 350 0.948750 0.065412 1.158750 0.012738 
29.932411 350 0.948750 0.065412 1.158750 0.012738 
30.033272 350 0.948750 0.063516 1.158750 0.012738 
30.134102 350 0.948750 0.063516 1.158750 0.012738 
30.234829 350 0.948750 0.065412 1.158750 0.012738 
30.335474 350 0.948750 0.065412 1.158750 0.012738 
30.436126 350 0.948750 0.065412 1.158750 0.012738 
30.537050 350 0.948750 0.065412 1.158750 0.012738 
30.637884 350 0.948750 0.065412 1.158750 0.012738 
30.738701 350 0.948750 0.063516 1.158750 0.012738 
30.839520 350 0.948750 0.063516 1.158750 0.012738 
30.940315 350 0.948750 0.063516 1.158750 0.012738 
31.040996 350 0.948750 0.065412 1.158750 0.013896 
31.141793 350 0.948750 0.065412 1.158750 0.013896 
31.242434 350 0.948750 0.065412 1.158750 0.013896 
31.343072 350 0.948750 0.065412 1.158750 0.012738 
31.443762 350 0.948750 0.065412 1.158750 0.012738 
31.544397 350 0.948750 0.064464 1.158750 0.013896 
31.645028 350 0.948750 0.064464 1.158750 0.013896 
31.745679 350 0.948750 0.064464 1.158750 0.013896 
31.846405 350 0.948750 0.065412 1.158750 0.013896 
31.947116 350 0.948750 0.065412 1.158750 0.013896 
32.047768 350 0.948750 0.065412 1.158750 0.013896 
32.148407 350 0.948750 0.064464 1.158750 0.013896 
32.249034 350 0.948750 0.064464 1.158750 0.013896 
32.349678 350 0.948750 0.064464 1.158750 0.013896 
32.450350 350 0.948750 0.064464 1.158750 0.013896 
32.550980 350 0.948750 0.064464 1.158750 0.013896 
32.651796 350 0.948750 0.064464 1.158750 0.013896 
32.752531 350 0.948750 0.064464 1.158750 0.013896 
32.853251 350 0.948750 0.064464 1.158750 0.013896 
32.953905 350 0.948750 0.064464 1.158750 0.013896 
33.054546 350 0.948750 0.064464 1.158750 0.013896 
33.155168 350 0.948750 0.064464 1.158750 0.012738 
33.255792 350 0.948750 0.064464 1.158750 0.012738 
33.356508 350 0.948750 0.064464 1.158750 0.012738 
33.457258 350 0.948750 0.065412 1.158750 0.013896 
33.557967 350 0.948750 0.065412 1.158750 0.013896 
33.658643 350 0.948750 0.064464 1.158750 0.013896 
33.759482 350 0.948750 0.064464 1.158750 0.013896 
33.860304 350 0.948750 0.064464 1.158750 0.013896 
33.961007 350 0.948750 0.064464 1.158750 0.012738 
34.061687 350 0.948750 0.064464 1.158750 0.012738 
34.162312 350 0.948750 0.064464 1.158750 0.012738 
34.262940 350 0.948750 0.064464 1.158750 0.013896 
34.363582 350 0.948750 0.064464 1.158750 0.013896 
34.464201 350 0.948750 0.064464 1.158750 0.013896 
34.564829 350 0.948750 0.064464 1.158750 0.013896 
34.665459 350 0.948750 0.064464 1.158750 0.013896 
34.766148 350 0.948750 0.064464 1.158750 0.013896 
34.866834 350 0.948750 0.064464 1.158750 0.013896 
34.967461 350 0.948750 0.064464 1.158750 0.013896 
35.068102 350 0.948750 0.064464 1.158750 0.013896 
35.168738 350 0.948750 0.064464 1.158750 0.013896 
35.269388 350 0.948750 0.064464 1.158750 0.013896 
35.370029 350 0.948750 0.064464 1.158750 0.013896 
35.470680 350 0.948750 0.064464 1.158750 0.013896 
35.571358 350 0.948750 0.064464 1.158750 0.012738 
35.672236 350 0.948750 0.064464 1.158750 0.012738 
35.773097 350 0.948750 0.064464 1.158750 0.012738 
35.873788 350 0.948750 0.064464 1.158750 0.012738 
35.974429 350 0.948750 0.064464 1.158750 0.012738 
36.075081 350 0.948750 0.065412 1.158750 0.013896 
36.175732 350 0.948750 0.065412 1.158750 0.013896 
36.276372 350 0.948750 0.064464 1.158750 0.013896 
36.377042 350 0.948750 0.064464 1.158750 0.013896 
36.477678 350 0.948750 0.064464 1.158750 0.013896 
36.578299 350 0.948750 0.064464 1.158750 0.012738 
36.678924 350 0.948750 0.064464 1.158750 0.012738 
36.779605 350 0.948750 0.064464 1.158750 0.012738 
36.880266 350 0.948750 0.064464 1.158750 0.012738 
36.980920 350 0.948750 0.064464 1.158750 0.012738 
37.081596 350 0.948750 0.064464 1.158750 0.012738 
37.182218 350 0.948750 0.064464 1.158750 0.012738 
37.282839 350 0.948750 0.064464 1.158750 0.012738 
37.383461 350 0.948750 0.064464 1.158750 0.012738 
37.484124 350 0.948750 0.064464 1.158750 0.012738 
37.584762 350 0.948750 0.064464 1.158750 0.012738 
37.685399 350 0.948750 0.064464 1.158750 0.012738 
37.786074 350 0.948750 0.064464 1.158750 0.012738 
37.886776 350 0.948750 0.064464 1.158750 0.012738 
37.987401 350 0.948750 0.064464 1.158750 0.012738 
38.088035 350 0.948750 0.064464 1.158750 0.012738 
38.188654 350 0.948750 0.064464 1.158750 0.012738 
38.289278 350 0.948750 0.064464 1.158750 0.012738 
38.389896 350 0.948750 0.064464 1.158750 0.012738 
38.490514 350 0.948750 0.064464 1.158750 0.012738 
38.591136 350 0.948750 0.064464 1.158750 0.012738 
38.691986 350 0.948750 0.064464 1.158750 0.012738 
38.792667 350 0.948750 0.064464 1.158750 0.012738 
38.893330 350 0.948750 0.064464 1.158750 0.012738 
38.993973 350 0.948750 0.064464 1.158750 0.012738 
39.094664 350 0.948750 0.064464 1.158750 0.012738 
39.195308 350 0.948750 0.064464 1.158750 0.012738 
39.295937 350 0.948750 0.064464 1.158750 0.012738 
39.396620 350 0.948750 0.064464 1.158750 0.012738 
39.497518 350 0.948750 0.065412 1.158750 0.013896 
39.598461 350 0.948750 0.065412 1.158750 0.013896 
39.699293 350 0.948750 0.065412 1.158750 0.013896 
39.800144 350 0.950000 0.045600 1.158750 0.012738 
39.901044 350 0.950000 0.045600 1.158750 0.012738 
40.002002 350 0.951250 0.008559 1.158750 0.013896 
