0.000213 1400 1.200000 0.018000 1.088750 1.089088 
0.100687 1400 1.200000 0.018000 1.088750 1.093440 
0.201160 1400 1.200000 0.018000 1.088750 1.093440 
0.301543 1400 1.200000 0.018000 1.088750 1.078208 
0.401936 1400 1.200000 0.018000 1.088750 1.078208 
0.502297 1400 1.200000 0.018000 1.088750 1.078208 
0.602653 1400 1.200000 0.018000 1.087500 1.080478 
0.703027 1400 1.200000 0.018000 1.087500 1.080478 
0.803385 1400 1.200000 0.018000 1.087500 1.081565 
0.903744 1400 1.200000 0.018000 1.087500 1.081565 
1.004114 1400 1.200000 0.018000 1.087500 1.081565 
1.104574 1400 1.200000 0.018000 1.087500 1.079391 
1.205047 1400 1.200000 0.018000 1.087500 1.079391 
1.305453 1400 1.200000 0.018000 1.087500 1.079391 
1.405819 1400 1.200000 0.018000 1.087500 1.083739 
1.506182 1400 1.200000 0.018000 1.087500 1.083739 
1.606541 1400 1.200000 0.018000 1.087500 1.085913 
1.706940 1400 1.200000 0.018000 1.087500 1.085913 
1.807302 1400 1.200000 0.018000 1.087500 1.085913 
1.907662 1400 1.200000 0.018000 1.087500 1.083739 
2.008042 1400 1.200000 0.018000 1.087500 1.083739 
2.108419 1400 1.200000 0.018000 1.087500 1.083739 
2.208778 1400 1.200000 0.018000 1.087500 1.084826 
2.309144 1400 1.200000 0.018000 1.087500 1.084826 
2.409500 1400 1.200000 0.018000 1.088750 1.088000 
2.509861 1400 1.200000 0.018000 1.088750 1.088000 
2.610222 1400 1.200000 0.018000 1.088750 1.088000 
2.710594 1400 1.200000 0.018000 1.087500 1.085913 
2.810956 1400 1.200000 0.018000 1.087500 1.085913 
2.911314 1400 1.200000 0.018000 1.087500 1.085913 
3.011714 1400 1.200000 0.018000 1.087500 1.085913 
3.112201 1400 1.200000 0.018000 1.087500 1.085913 
3.212675 1400 1.200000 0.018000 1.088750 1.089088 
3.313051 1400 1.200000 0.018000 1.088750 1.089088 
3.413412 1400 1.200000 0.018000 1.088750 1.089088 
3.513770 1400 1.200000 0.018000 1.087500 1.081565 
3.614129 1400 1.200000 0.018000 1.087500 1.081565 
3.714498 1400 1.200000 0.018000 1.087500 1.082652 
3.814854 1400 1.200000 0.018000 1.087500 1.082652 
3.915211 1400 1.200000 0.018000 1.087500 1.082652 
4.015581 1400 1.200000 0.018000 1.087500 1.083739 
4.115961 1400 1.200000 0.018000 1.087500 1.083739 
4.216327 1400 1.200000 0.018000 1.087500 1.083739 
4.316723 1400 1.200000 0.018000 1.088750 1.082560 
4.417081 1400 1.200000 0.018000 1.088750 1.082560 
4.517439 1400 1.200000 0.018000 1.087500 1.084826 
4.617796 1400 1.200000 0.018000 1.087500 1.084826 
4.718167 1400 1.200000 0.018000 1.087500 1.084826 
4.818528 1400 1.200000 0.018000 1.087500 1.088087 
4.918886 1400 1.200000 0.018000 1.087500 1.088087 
5.019247 1400 1.200000 0.018000 1.087500 1.088087 
5.119610 1400 1.200000 0.018000 1.087500 1.085913 
5.219971 1400 1.200000 0.018000 1.087500 1.085913 
5.320328 1400 1.200000 0.018000 1.087500 1.085913 
5.420685 1400 1.200000 0.018000 1.087500 1.085913 
5.521045 1400 1.200000 0.018000 1.087500 1.085913 
5.621406 1400 1.200000 0.018000 1.087500 1.089174 
5.721799 1400 1.200000 0.018000 1.087500 1.089174 
5.822158 1400 1.200000 0.018000 1.088750 1.088000 
5.922516 1400 1.200000 0.018000 1.088750 1.088000 
6.022877 1400 1.200000 0.018000 1.088750 1.088000 
6.123243 1400 1.200000 0.018000 1.088750 1.090176 
6.223604 1400 1.200000 0.018000 1.088750 1.090176 
6.323968 1400 1.200000 0.018000 1.088750 1.090176 
6.424323 1400 1.200000 0.018000 1.087500 1.082652 
6.524682 1400 1.200000 0.018000 1.087500 1.082652 
6.625040 1400 1.200000 0.018000 1.087500 1.087000 
6.725409 1400 1.200000 0.018000 1.087500 1.087000 
6.825766 1400 1.200000 0.018000 1.087500 1.087000 
6.926123 1400 1.200000 0.018000 1.087500 1.085913 
7.026489 1400 1.200000 0.018000 1.087500 1.085913 
7.126885 1400 1.200000 0.018000 1.087500 1.085913 
7.227246 1400 1.200000 0.018000 1.087500 1.085913 
7.327609 1400 1.200000 0.018000 1.087500 1.085913 
7.427969 1400 1.200000 0.018000 1.088750 1.088000 
7.528327 1400 1.200000 0.018000 1.088750 1.088000 
7.628695 1400 1.200000 0.018000 1.088750 1.088000 
7.729084 1400 1.200000 0.018000 1.087500 1.087000 
7.829453 1400 1.200000 0.018000 1.087500 1.087000 
7.929813 1400 1.200000 0.018000 1.088750 1.080384 
8.030171 1400 1.200000 0.018000 1.088750 1.080384 
8.130613 1400 1.200000 0.018000 1.088750 1.080384 
8.230986 1400 1.200000 0.018000 1.087500 1.084826 
8.331347 1400 1.200000 0.018000 1.087500 1.084826 
8.431734 1400 1.200000 0.018000 1.087500 1.084826 
8.532092 1400 1.200000 0.018000 1.087500 1.080478 
8.632451 1400 1.200000 0.018000 1.087500 1.080478 
8.732808 1400 1.200000 0.018000 1.087500 1.082652 
8.833167 1400 1.200000 0.018000 1.087500 1.082652 
8.933521 1400 1.200000 0.018000 1.087500 1.082652 
9.033881 1400 1.200000 0.018000 1.087500 1.083739 
9.134256 1400 1.200000 0.018000 1.087500 1.083739 
9.234733 1400 1.200000 0.018000 1.087500 1.083739 
9.335117 1400 1.200000 0.018000 1.088750 1.093440 
9.435481 1400 1.200000 0.018000 1.088750 1.093440 
9.535842 1400 1.200000 0.018000 1.087500 1.085913 
9.636201 1400 1.200000 0.018000 1.087500 1.085913 
9.736560 1400 1.200000 0.018000 1.087500 1.085913 
9.836944 1400 1.200000 0.018000 1.087500 1.083739 
9.937302 1400 1.200000 0.018000 1.087500 1.083739 
10.037670 1400 1.200000 0.018000 1.087500 1.083739 
10.138049 1400 1.200000 0.018000 1.087500 1.083739 
10.238411 1400 1.200000 0.018000 1.087500 1.083739 
10.338784 1400 1.200000 0.018000 1.087500 1.083739 
10.439152 1400 1.200000 0.018000 1.087500 1.083739 
10.539511 1400 1.200000 0.018000 1.087500 1.083739 
10.639871 1400 1.200000 0.018000 1.087500 1.089174 
10.740236 1400 1.200000 0.018000 1.087500 1.089174 
10.840607 1400 1.200000 0.018000 1.087500 1.089174 
10.940967 1400 1.200000 0.018000 1.087500 1.089174 
11.041328 1400 1.200000 0.018000 1.087500 1.089174 
11.141741 1400 1.200000 0.018000 1.087500 1.084826 
11.242223 1400 1.200000 0.018000 1.087500 1.084826 
11.342604 1400 1.200000 0.018000 1.087500 1.084826 
11.442975 1400 1.200000 0.018000 1.088750 1.081472 
11.543344 1400 1.200000 0.018000 1.088750 1.081472 
11.643704 1400 1.200000 0.018000 1.087500 1.084826 
11.744078 1400 1.200000 0.018000 1.087500 1.084826 
11.844437 1400 1.200000 0.018000 1.087500 1.084826 
11.944793 1400 1.200000 0.018000 1.087500 1.088087 
12.045173 1400 1.200000 0.018000 1.087500 1.088087 
12.145559 1400 1.200000 0.018000 1.087500 1.088087 
12.245923 1400 1.200000 0.018000 1.087500 1.084826 
12.346286 1400 1.200000 0.018000 1.087500 1.084826 
12.446602 1400 1.200000 0.018000 1.088750 1.089088 
12.546969 1400 1.200000 0.018000 1.088750 1.089088 
12.647326 1400 1.200000 0.018000 1.088750 1.089088 
12.747684 1400 1.200000 0.018000 1.088750 1.071680 
12.848053 1400 1.200000 0.018000 1.088750 1.071680 
12.948420 1400 1.200000 0.018000 1.087500 1.083739 
13.048780 1400 1.200000 0.018000 1.087500 1.083739 
13.149147 1400 1.200000 0.018000 1.087500 1.083739 
13.249505 1400 1.200000 0.018000 1.087500 1.083739 
13.349863 1400 1.200000 0.018000 1.087500 1.083739 
13.450286 1400 1.200000 0.018000 1.087500 1.083739 
13.550836 1400 1.200000 0.018000 1.088750 1.086912 
13.651466 1400 1.200000 0.018000 1.088750 1.086912 
13.752132 1400 1.200000 0.018000 1.092500 0.558012 
13.852761 1400 1.200000 0.018000 1.092500 0.558012 
13.953390 1400 1.200000 0.018000 1.092500 0.558012 
14.054012 1400 1.200000 0.018000 1.096250 0.083296 
14.154560 1400 1.200000 0.018000 1.096250 0.083296 
14.255176 1400 1.200000 0.018000 1.096250 0.083296 
14.355804 1400 1.200000 0.018000 1.096250 0.124944 
14.456433 1400 1.200000 0.018000 1.096250 0.124944 
14.557090 1400 1.200000 0.018000 1.095000 0.090885 
14.657720 1400 1.200000 0.018000 1.095000 0.090885 
14.758267 1400 1.200000 0.018000 1.095000 0.090885 
14.858893 1400 1.200000 0.018000 1.096250 0.107408 
14.959523 1400 1.200000 0.018000 1.096250 0.107408 
15.060143 1400 1.200000 0.018000 1.096250 0.100832 
15.160769 1400 1.200000 0.018000 1.096250 0.100832 
15.261400 1400 1.200000 0.018000 1.096250 0.100832 
15.362082 1400 1.200000 0.018000 1.096250 0.087680 
15.462593 1400 1.200000 0.018000 1.096250 0.087680 
