0.000242 1200 1.200000 0.018000 1.015000 0.780535 
0.100771 1200 1.200000 0.018000 1.015000 0.782565 
0.201273 1200 1.200000 0.018000 1.015000 0.782565 
0.301687 1200 1.200000 0.018000 1.015000 0.782565 
0.402121 1200 1.200000 0.018000 1.015000 0.789670 
0.502523 1200 1.200000 0.018000 1.015000 0.789670 
0.602932 1200 1.200000 0.018000 1.015000 0.794745 
0.703369 1200 1.200000 0.018000 1.015000 0.794745 
0.803801 1200 1.200000 0.018000 1.015000 0.794745 
0.904213 1200 1.200000 0.018000 1.015000 0.789670 
1.004628 1200 1.200000 0.018000 1.015000 0.789670 
1.105137 1200 1.200000 0.018000 1.015000 0.789670 
1.205662 1200 1.200000 0.018000 1.015000 0.793730 
1.306094 1200 1.200000 0.018000 1.015000 0.793730 
1.406516 1200 1.200000 0.018000 1.015000 0.800835 
1.506920 1200 1.200000 0.018000 1.015000 0.800835 
1.607361 1200 1.200000 0.018000 1.015000 0.800835 
1.707768 1200 1.200000 0.018000 1.015000 0.785610 
1.808197 1200 1.200000 0.018000 1.015000 0.785610 
1.908693 1200 1.200000 0.018000 1.015000 0.785610 
2.009176 1200 1.200000 0.018000 1.015000 0.793730 
2.109585 1200 1.200000 0.018000 1.015000 0.793730 
2.209988 1200 1.200000 0.018000 1.015000 0.794745 
2.310403 1200 1.200000 0.018000 1.015000 0.794745 
2.410806 1200 1.200000 0.018000 1.015000 0.794745 
2.511206 1200 1.200000 0.018000 1.015000 0.794745 
2.611606 1200 1.200000 0.018000 1.015000 0.794745 
2.712018 1200 1.200000 0.018000 1.015000 0.793730 
2.812436 1200 1.200000 0.018000 1.015000 0.793730 
2.912877 1200 1.200000 0.018000 1.015000 0.793730 
3.013264 1200 1.200000 0.018000 1.015000 0.794745 
3.113809 1200 1.200000 0.018000 1.015000 0.794745 
3.214320 1200 1.200000 0.018000 1.015000 0.794745 
3.314752 1200 1.200000 0.018000 1.015000 0.797790 
3.415166 1200 1.200000 0.018000 1.015000 0.797790 
3.515577 1200 1.200000 0.018000 1.015000 0.793730 
3.615985 1200 1.200000 0.018000 1.015000 0.793730 
3.716387 1200 1.200000 0.018000 1.015000 0.793730 
3.816817 1200 1.200000 0.018000 1.015000 0.792715 
3.917239 1200 1.200000 0.018000 1.015000 0.792715 
4.017650 1200 1.200000 0.018000 1.015000 0.792715 
4.118056 1200 1.200000 0.018000 1.015000 0.792715 
4.218491 1200 1.200000 0.018000 1.015000 0.792715 
4.318900 1200 1.200000 0.018000 1.015000 0.792715 
4.419306 1200 1.200000 0.018000 1.015000 0.792715 
4.519710 1200 1.200000 0.018000 1.015000 0.792715 
4.620117 1200 1.200000 0.018000 1.015000 0.794745 
4.720528 1200 1.200000 0.018000 1.015000 0.794745 
4.820941 1200 1.200000 0.018000 1.015000 0.794745 
4.921345 1200 1.200000 0.018000 1.015000 0.794745 
5.021746 1200 1.200000 0.018000 1.015000 0.794745 
5.122147 1200 1.200000 0.018000 1.015000 0.794745 
5.222554 1200 1.200000 0.018000 1.015000 0.794745 
5.322954 1200 1.200000 0.018000 1.015000 0.794745 
5.423400 1200 1.200000 0.018000 1.015000 0.793730 
5.523803 1200 1.200000 0.018000 1.015000 0.793730 
5.624228 1200 1.200000 0.018000 1.015000 0.795760 
5.724641 1200 1.200000 0.018000 1.015000 0.795760 
5.825058 1200 1.200000 0.018000 1.015000 0.795760 
5.925470 1200 1.200000 0.018000 1.015000 0.769370 
6.025879 1200 1.200000 0.018000 1.015000 0.769370 
6.126278 1200 1.200000 0.018000 1.015000 0.769370 
6.226680 1200 1.200000 0.018000 1.015000 0.793730 
6.327084 1200 1.200000 0.018000 1.015000 0.793730 
6.427487 1200 1.200000 0.018000 1.015000 0.795760 
6.527901 1200 1.200000 0.018000 1.015000 0.795760 
6.628338 1200 1.200000 0.018000 1.015000 0.795760 
6.728738 1200 1.200000 0.018000 1.015000 0.795760 
6.829153 1200 1.200000 0.018000 1.015000 0.795760 
6.929557 1200 1.200000 0.018000 1.015000 0.795760 
7.029960 1200 1.200000 0.018000 1.015000 0.796775 
7.130365 1200 1.200000 0.018000 1.015000 0.796775 
7.230767 1200 1.200000 0.018000 1.015000 0.793730 
7.331165 1200 1.200000 0.018000 1.015000 0.793730 
7.431567 1200 1.200000 0.018000 1.015000 0.793730 
7.531965 1200 1.200000 0.018000 1.015000 0.794745 
7.632372 1200 1.200000 0.018000 1.015000 0.794745 
7.732776 1200 1.200000 0.018000 1.015000 0.794745 
7.833185 1200 1.200000 0.018000 1.015000 0.794745 
7.933619 1200 1.200000 0.018000 1.015000 0.794745 
8.034021 1200 1.200000 0.018000 1.015000 0.791700 
8.134499 1200 1.200000 0.018000 1.015000 0.791700 
8.234913 1200 1.200000 0.018000 1.015000 0.791700 
8.335315 1200 1.200000 0.018000 1.015000 0.796775 
8.435715 1200 1.200000 0.018000 1.015000 0.796775 
8.536115 1200 1.200000 0.018000 1.015000 0.793730 
8.636520 1200 1.200000 0.018000 1.015000 0.793730 
8.736921 1200 1.200000 0.018000 1.015000 0.793730 
8.837333 1200 1.200000 0.018000 1.015000 0.794745 
8.937736 1200 1.200000 0.018000 1.015000 0.794745 
9.038140 1200 1.200000 0.018000 1.015000 0.794745 
9.138580 1200 1.200000 0.018000 1.015000 0.793730 
9.239103 1200 1.200000 0.018000 1.015000 0.793730 
9.339518 1200 1.200000 0.018000 1.015000 0.792715 
9.439925 1200 1.200000 0.018000 1.015000 0.792715 
9.540327 1200 1.200000 0.018000 1.015000 0.792715 
9.640737 1200 1.200000 0.018000 1.015000 0.793730 
9.741142 1200 1.200000 0.018000 1.015000 0.793730 
9.841567 1200 1.200000 0.018000 1.015000 0.794745 
9.941981 1200 1.200000 0.018000 1.015000 0.794745 
10.042385 1200 1.200000 0.018000 1.015000 0.794745 
10.142787 1200 1.200000 0.018000 1.015000 0.792715 
10.243193 1200 1.200000 0.018000 1.015000 0.792715 
10.343638 1200 1.200000 0.018000 1.015000 0.792715 
10.444041 1200 1.200000 0.018000 1.015000 0.794745 
10.544446 1200 1.200000 0.018000 1.015000 0.794745 
10.644851 1200 1.200000 0.018000 1.015000 0.794745 
10.745262 1200 1.200000 0.018000 1.015000 0.794745 
10.845675 1200 1.200000 0.018000 1.015000 0.794745 
10.946084 1200 1.200000 0.018000 1.015000 0.795760 
11.046495 1200 1.200000 0.018000 1.015000 0.795760 
11.146906 1200 1.200000 0.018000 1.015000 0.795760 
11.247433 1200 1.200000 0.018000 1.015000 0.794745 
11.347875 1200 1.200000 0.018000 1.015000 0.794745 
11.448353 1200 1.200000 0.018000 1.015000 0.794745 
11.548766 1200 1.200000 0.018000 1.015000 0.794745 
11.649176 1200 1.200000 0.018000 1.015000 0.794745 
11.749599 1200 1.200000 0.018000 1.015000 0.794745 
11.850012 1200 1.200000 0.018000 1.015000 0.794745 
11.950416 1200 1.200000 0.018000 1.015000 0.794745 
12.050821 1200 1.200000 0.018000 1.015000 0.794745 
12.151225 1200 1.200000 0.018000 1.015000 0.794745 
12.251631 1200 1.200000 0.018000 1.015000 0.793730 
12.352049 1200 1.200000 0.018000 1.015000 0.793730 
12.452459 1200 1.200000 0.018000 1.015000 0.793730 
12.552865 1200 1.200000 0.018000 1.015000 0.791700 
12.653256 1200 1.200000 0.018000 1.015000 0.791700 
12.753674 1200 1.200000 0.018000 1.015000 0.794745 
12.854083 1200 1.200000 0.018000 1.015000 0.794745 
12.954491 1200 1.200000 0.018000 1.015000 0.794745 
13.054895 1200 1.200000 0.018000 1.015000 0.789670 
13.155295 1200 1.200000 0.018000 1.015000 0.789670 
13.255700 1200 1.200000 0.018000 1.015000 0.789670 
13.356103 1200 1.200000 0.018000 1.015000 0.794745 
13.456512 1200 1.200000 0.018000 1.015000 0.794745 
13.556920 1200 1.200000 0.018000 1.015000 0.794745 
13.657337 1200 1.200000 0.018000 1.015000 0.794745 
13.757747 1200 1.200000 0.018000 1.015000 0.794745 
13.858156 1200 1.200000 0.018000 1.015000 0.794745 
13.958598 1200 1.200000 0.018000 1.015000 0.794745 
14.059007 1200 1.200000 0.018000 1.015000 0.793730 
14.159410 1200 1.200000 0.018000 1.015000 0.793730 
14.259819 1200 1.200000 0.018000 1.015000 0.793730 
14.360228 1200 1.200000 0.018000 1.015000 0.792715 
14.460636 1200 1.200000 0.018000 1.015000 0.792715 
14.561037 1200 1.200000 0.018000 1.015000 0.792715 
14.661446 1200 1.200000 0.018000 1.015000 0.790685 
14.761856 1200 1.200000 0.018000 1.015000 0.790685 
14.862264 1200 1.200000 0.018000 1.015000 0.789670 
14.962676 1200 1.200000 0.018000 1.015000 0.789670 
15.063083 1200 1.200000 0.018000 1.015000 0.789670 
15.163522 1200 1.200000 0.018000 1.015000 0.792715 
15.263931 1200 1.200000 0.018000 1.015000 0.792715 
15.364346 1200 1.200000 0.018000 1.015000 0.792715 
15.464750 1200 1.200000 0.018000 1.015000 0.791700 
15.565154 1200 1.200000 0.018000 1.015000 0.791700 
15.665581 1200 1.200000 0.018000 1.015000 0.796775 
15.766160 1200 1.200000 0.018000 1.015000 0.796775 
15.866851 1200 1.200000 0.018000 1.015000 0.796775 
15.967385 1200 1.200000 0.018000 1.016250 0.637032 
16.067997 1200 1.200000 0.018000 1.016250 0.637032 
16.168574 1200 1.200000 0.018000 1.021250 0.064323 
16.269163 1200 1.200000 0.018000 1.021250 0.064323 
16.370119 1200 1.200000 0.018000 1.021250 0.064323 
16.470652 1200 1.200000 0.018000 1.021250 0.082701 
16.571180 1200 1.200000 0.018000 1.021250 0.082701 
16.671749 1200 1.200000 0.018000 1.021250 0.082701 
16.772327 1200 1.200000 0.018000 1.021250 0.096995 
16.872898 1200 1.200000 0.018000 1.021250 0.096995 
16.973513 1200 1.200000 0.016800 1.021250 0.058197 
17.074094 1200 1.200000 0.016800 1.021250 0.058197 
17.174676 1200 1.200000 0.016800 1.021250 0.058197 
17.275259 1200 1.200000 0.016800 1.020000 0.193800 
17.375846 1200 1.200000 0.016800 1.020000 0.193800 
17.476508 1200 1.200000 0.016800 1.020000 0.193800 
17.577179 1200 1.200000 0.018000 1.021250 0.091890 
17.677851 1200 1.200000 0.018000 1.021250 0.091890 
17.778459 1200 1.200000 0.018000 1.021250 0.056155 
17.879133 1200 1.200000 0.018000 1.021250 0.056155 
17.979798 1200 1.200000 0.018000 1.021250 0.056155 
18.080461 1200 1.200000 0.018000 1.021250 0.094953 
18.181121 1200 1.200000 0.018000 1.021250 0.094953 
18.281789 1200 1.200000 0.016800 1.021250 0.076575 
