0.000430 400 0.961250 0.074958 1.158750 0.013896 
0.101210 400 0.961250 0.074958 1.158750 0.012738 
0.201953 400 0.961250 0.074958 1.158750 0.012738 
0.302618 400 0.961250 0.074958 1.158750 0.012738 
0.403179 400 0.961250 0.074958 1.158750 0.013896 
0.503721 400 0.961250 0.074958 1.158750 0.013896 
0.604269 400 0.961250 0.075919 1.158750 0.013896 
0.704847 400 0.961250 0.075919 1.158750 0.013896 
0.805397 400 0.961250 0.075919 1.158750 0.013896 
0.905943 400 0.961250 0.074958 1.158750 0.013896 
1.006508 400 0.961250 0.074958 1.158750 0.013896 
1.107309 400 0.961250 0.074958 1.158750 0.013896 
1.208036 400 0.961250 0.074958 1.158750 0.013896 
1.308625 400 0.961250 0.074958 1.158750 0.013896 
1.409169 400 0.961250 0.074958 1.158750 0.013896 
1.509705 400 0.961250 0.074958 1.158750 0.013896 
1.610237 400 0.961250 0.074958 1.158750 0.013896 
1.710831 400 0.961250 0.074958 1.158750 0.013896 
1.811384 400 0.961250 0.074958 1.158750 0.013896 
1.911926 400 0.961250 0.074958 1.158750 0.013896 
2.012523 400 0.961250 0.074958 1.158750 0.013896 
2.113121 400 0.961250 0.074958 1.158750 0.013896 
2.213676 400 0.961250 0.074958 1.158750 0.013896 
2.314244 400 0.961250 0.074958 1.158750 0.013896 
2.414783 400 0.961250 0.074958 1.158750 0.013896 
2.515345 400 0.961250 0.075919 1.158750 0.013896 
2.615883 400 0.961250 0.075919 1.158750 0.013896 
2.716483 400 0.961250 0.074958 1.158750 0.013896 
2.817042 400 0.961250 0.074958 1.158750 0.013896 
2.917587 400 0.961250 0.074958 1.158750 0.013896 
3.018201 400 0.961250 0.075919 1.158750 0.013896 
3.118928 400 0.961250 0.075919 1.158750 0.013896 
3.219516 400 0.961250 0.075919 1.158750 0.013896 
3.320079 400 0.961250 0.073036 1.158750 0.013896 
3.420632 400 0.961250 0.073036 1.158750 0.013896 
3.521167 400 0.961250 0.074958 1.158750 0.013896 
3.621702 400 0.961250 0.074958 1.158750 0.013896 
3.722379 400 0.961250 0.074958 1.158750 0.013896 
3.823014 400 0.961250 0.074958 1.158750 0.013896 
3.923634 400 0.961250 0.074958 1.158750 0.013896 
4.024201 400 0.961250 0.074958 1.158750 0.013896 
4.124817 400 0.961250 0.075919 1.158750 0.013896 
4.225377 400 0.961250 0.075919 1.158750 0.013896 
4.325968 400 0.961250 0.076880 1.158750 0.013896 
4.426525 400 0.961250 0.076880 1.158750 0.013896 
4.527150 400 0.961250 0.076880 1.158750 0.013896 
4.627802 400 0.961250 0.074958 1.158750 0.013896 
4.728437 400 0.961250 0.074958 1.158750 0.013896 
4.828995 400 0.961250 0.075919 1.158750 0.013896 
4.929593 400 0.961250 0.075919 1.158750 0.013896 
5.030165 400 0.961250 0.075919 1.158750 0.013896 
5.130754 400 0.961250 0.074958 1.158750 0.013896 
5.231309 400 0.961250 0.074958 1.158750 0.013896 
5.331912 400 0.961250 0.074958 1.158750 0.013896 
5.432512 400 0.961250 0.075919 1.158750 0.013896 
5.533051 400 0.961250 0.075919 1.158750 0.013896 
5.633592 400 0.961250 0.074958 1.158750 0.013896 
5.734132 400 0.961250 0.074958 1.158750 0.013896 
5.834697 400 0.961250 0.074958 1.158750 0.013896 
5.935236 400 0.961250 0.075919 1.158750 0.013896 
6.035825 400 0.961250 0.075919 1.158750 0.013896 
6.136415 400 0.961250 0.075919 1.158750 0.013896 
6.236973 400 0.961250 0.075919 1.158750 0.013896 
6.337598 400 0.961250 0.075919 1.158750 0.013896 
6.438170 400 0.961250 0.075919 1.158750 0.012738 
6.538716 400 0.961250 0.075919 1.158750 0.012738 
6.639260 400 0.961250 0.075919 1.158750 0.012738 
6.739799 400 0.961250 0.074958 1.158750 0.013896 
6.840337 400 0.961250 0.074958 1.158750 0.013896 
6.940920 400 0.961250 0.075919 1.158750 0.013896 
7.041479 400 0.961250 0.075919 1.158750 0.013896 
7.142061 400 0.961250 0.075919 1.158750 0.013896 
7.242644 400 0.961250 0.075919 1.158750 0.013896 
7.343222 400 0.961250 0.075919 1.158750 0.013896 
7.443773 400 0.961250 0.075919 1.158750 0.013896 
7.544308 400 0.961250 0.076880 1.158750 0.012738 
7.644850 400 0.961250 0.076880 1.158750 0.012738 
7.745429 400 0.961250 0.074958 1.158750 0.013896 
7.845973 400 0.961250 0.074958 1.158750 0.013896 
7.946514 400 0.961250 0.074958 1.158750 0.013896 
8.047043 400 0.961250 0.074958 1.158750 0.013896 
8.147630 400 0.961250 0.074958 1.158750 0.013896 
8.248326 400 0.961250 0.075919 1.158750 0.013896 
8.348957 400 0.961250 0.075919 1.158750 0.012738 
8.449535 400 0.961250 0.075919 1.158750 0.012738 
8.550087 400 0.961250 0.074958 1.158750 0.013896 
8.650628 400 0.961250 0.074958 1.158750 0.013896 
8.751168 400 0.961250 0.074958 1.158750 0.013896 
8.851706 400 0.961250 0.074958 1.158750 0.013896 
8.952290 400 0.961250 0.074958 1.158750 0.013896 
9.052844 400 0.961250 0.074958 1.158750 0.013896 
9.153429 400 0.961250 0.074958 1.158750 0.013896 
9.254011 400 0.961250 0.074958 1.158750 0.013896 
9.354738 400 0.961250 0.074958 1.158750 0.012738 
9.455314 400 0.961250 0.074958 1.158750 0.012738 
9.555877 400 0.961250 0.074958 1.158750 0.012738 
9.656414 400 0.961250 0.075919 1.158750 0.013896 
9.756953 400 0.961250 0.075919 1.158750 0.013896 
9.857534 400 0.961250 0.076880 1.158750 0.013896 
9.958105 400 0.961250 0.076880 1.158750 0.013896 
10.058705 400 0.961250 0.076880 1.158750 0.013896 
10.159266 400 0.961250 0.074958 1.158750 0.013896 
10.259818 400 0.961250 0.074958 1.158750 0.013896 
10.360420 400 0.961250 0.075919 1.158750 0.013896 
10.461031 400 0.961250 0.075919 1.158750 0.013896 
10.561592 400 0.961250 0.075919 1.158750 0.013896 
10.662187 400 0.961250 0.075919 1.158750 0.012738 
10.762753 400 0.961250 0.075919 1.158750 0.012738 
10.863294 400 0.961250 0.075919 1.158750 0.012738 
10.963864 400 0.961250 0.074958 1.158750 0.013896 
11.064459 400 0.961250 0.074958 1.158750 0.013896 
11.165056 400 0.961250 0.074958 1.158750 0.013896 
11.265764 400 0.961250 0.074958 1.158750 0.013896 
11.366538 400 0.961250 0.074958 1.158750 0.013896 
11.467186 400 0.961250 0.074958 1.158750 0.013896 
11.567754 400 0.961250 0.074958 1.158750 0.013896 
11.668308 400 0.961250 0.074958 1.158750 0.013896 
11.768850 400 0.961250 0.074958 1.158750 0.013896 
11.869392 400 0.961250 0.074958 1.158750 0.013896 
11.969934 400 0.961250 0.075919 1.158750 0.013896 
12.070539 400 0.961250 0.075919 1.158750 0.013896 
12.171199 400 0.961250 0.075919 1.158750 0.013896 
12.271780 400 0.961250 0.074958 1.158750 0.013896 
12.372573 400 0.961250 0.074958 1.158750 0.013896 
12.473134 400 0.961250 0.075919 1.158750 0.013896 
12.573683 400 0.961250 0.075919 1.158750 0.013896 
12.674227 400 0.961250 0.075919 1.158750 0.013896 
12.774821 400 0.961250 0.074958 1.158750 0.013896 
12.875396 400 0.961250 0.074958 1.158750 0.013896 
12.975967 400 0.961250 0.074958 1.158750 0.013896 
13.076695 400 0.961250 0.074958 1.158750 0.013896 
13.177323 400 0.961250 0.074958 1.158750 0.013896 
13.277879 400 0.961250 0.075919 1.158750 0.013896 
13.378426 400 0.961250 0.075919 1.158750 0.013896 
13.479017 400 0.961250 0.075919 1.158750 0.013896 
13.579580 400 0.961250 0.074958 1.158750 0.012738 
13.680179 400 0.961250 0.074958 1.158750 0.012738 
13.780806 400 0.961250 0.074958 1.158750 0.012738 
13.881375 400 0.961250 0.075919 1.158750 0.013896 
13.981940 400 0.961250 0.075919 1.158750 0.013896 
14.082580 400 0.961250 0.074958 1.158750 0.013896 
14.183144 400 0.961250 0.074958 1.158750 0.013896 
14.283776 400 0.961250 0.074958 1.158750 0.013896 
14.384339 400 0.961250 0.074958 1.158750 0.013896 
14.484933 400 0.961250 0.074958 1.158750 0.013896 
14.585498 400 0.961250 0.075919 1.158750 0.013896 
14.686072 400 0.961250 0.075919 1.158750 0.013896 
14.786640 400 0.961250 0.075919 1.158750 0.013896 
14.887245 400 0.961250 0.075919 1.158750 0.013896 
14.987815 400 0.961250 0.075919 1.158750 0.013896 
15.088426 400 0.961250 0.075919 1.158750 0.013896 
15.189015 400 0.961250 0.075919 1.158750 0.013896 
15.289596 400 0.961250 0.075919 1.158750 0.013896 
15.390164 400 0.961250 0.074958 1.158750 0.013896 
15.490749 400 0.961250 0.074958 1.158750 0.013896 
15.591308 400 0.961250 0.074958 1.158750 0.013896 
15.691873 400 0.961250 0.076880 1.158750 0.013896 
15.792471 400 0.961250 0.076880 1.158750 0.013896 
15.893015 400 0.961250 0.076880 1.158750 0.013896 
15.993556 400 0.961250 0.076880 1.158750 0.013896 
16.094145 400 0.961250 0.076880 1.158750 0.013896 
16.194697 400 0.961250 0.075919 1.158750 0.013896 
16.295248 400 0.961250 0.075919 1.158750 0.013896 
16.395918 400 0.961250 0.075919 1.158750 0.013896 
16.496546 400 0.961250 0.075919 1.158750 0.013896 
16.597161 400 0.961250 0.075919 1.158750 0.013896 
16.697771 400 0.961250 0.075919 1.158750 0.013896 
16.798340 400 0.961250 0.075919 1.158750 0.013896 
16.898889 400 0.961250 0.075919 1.158750 0.013896 
16.999447 400 0.961250 0.075919 1.158750 0.013896 
17.100043 400 0.961250 0.075919 1.158750 0.013896 
17.200598 400 0.961250 0.075919 1.158750 0.013896 
17.301162 400 0.961250 0.075919 1.158750 0.013896 
17.401721 400 0.961250 0.075919 1.158750 0.013896 
17.502505 400 0.961250 0.075919 1.158750 0.013896 
17.603135 400 0.961250 0.075919 1.158750 0.013896 
17.703752 400 0.961250 0.075919 1.158750 0.013896 
17.804321 400 0.961250 0.074958 1.158750 0.013896 
17.904874 400 0.961250 0.074958 1.158750 0.013896 
18.005480 400 0.961250 0.074958 1.158750 0.013896 
18.106103 400 0.961250 0.074958 1.158750 0.013896 
18.206695 400 0.961250 0.074958 1.158750 0.013896 
18.307338 400 0.961250 0.074958 1.158750 0.013896 
18.407906 400 0.961250 0.074958 1.158750 0.013896 
18.508453 400 0.961250 0.074958 1.158750 0.013896 
18.609048 400 0.961250 0.074958 1.158750 0.013896 
18.709622 400 0.961250 0.074958 1.158750 0.013896 
18.810175 400 0.961250 0.074958 1.158750 0.013896 
18.910754 400 0.961250 0.074958 1.158750 0.013896 
19.011330 400 0.961250 0.074958 1.158750 0.013896 
19.111935 400 0.961250 0.074958 1.158750 0.013896 
19.212535 400 0.961250 0.074958 1.158750 0.013896 
19.313147 400 0.961250 0.074958 1.158750 0.013896 
19.413862 400 0.961250 0.075919 1.158750 0.012738 
19.514598 400 0.961250 0.075919 1.158750 0.012738 
19.615183 400 0.961250 0.074958 1.158750 0.013896 
19.715747 400 0.961250 0.074958 1.158750 0.013896 
19.816292 400 0.961250 0.074958 1.158750 0.013896 
19.916833 400 0.961250 0.075919 1.158750 0.013896 
20.017413 400 0.961250 0.075919 1.158750 0.013896 
20.118015 400 0.961250 0.075919 1.158750 0.013896 
20.218570 400 0.961250 0.076880 1.158750 0.013896 
20.319153 400 0.961250 0.076880 1.158750 0.013896 
20.419701 400 0.961250 0.075919 1.158750 0.012738 
20.520248 400 0.961250 0.075919 1.158750 0.012738 
20.620807 400 0.961250 0.075919 1.158750 0.012738 
20.721356 400 0.961250 0.075919 1.158750 0.013896 
20.821900 400 0.961250 0.075919 1.158750 0.013896 
20.922487 400 0.961250 0.074958 1.158750 0.013896 
21.023040 400 0.961250 0.074958 1.158750 0.013896 
21.123630 400 0.961250 0.074958 1.158750 0.013896 
21.224196 400 0.961250 0.075919 1.158750 0.013896 
21.324774 400 0.961250 0.075919 1.158750 0.013896 
21.425320 400 0.961250 0.075919 1.158750 0.013896 
21.525876 400 0.961250 0.074958 1.158750 0.013896 
21.626433 400 0.961250 0.074958 1.158750 0.013896 
21.726978 400 0.961250 0.074958 1.158750 0.013896 
21.827550 400 0.961250 0.074958 1.158750 0.013896 
21.928087 400 0.961250 0.074958 1.158750 0.013896 
22.028651 400 0.961250 0.074958 1.158750 0.013896 
22.129245 400 0.961250 0.074958 1.158750 0.013896 
22.230050 400 0.961250 0.075919 1.158750 0.013896 
22.330637 400 0.961250 0.075919 1.158750 0.013896 
22.431192 400 0.961250 0.075919 1.158750 0.013896 
22.531737 400 0.961250 0.077841 1.158750 0.013896 
22.632334 400 0.961250 0.077841 1.158750 0.013896 
22.732946 400 0.961250 0.077841 1.158750 0.013896 
22.833571 400 0.961250 0.074958 1.158750 0.013896 
22.934138 400 0.961250 0.074958 1.158750 0.013896 
23.034693 400 0.961250 0.074958 1.158750 0.013896 
23.135291 400 0.961250 0.074958 1.158750 0.013896 
23.235863 400 0.961250 0.074958 1.158750 0.013896 
23.336435 400 0.961250 0.075919 1.158750 0.013896 
23.436991 400 0.961250 0.075919 1.158750 0.013896 
23.537601 400 0.961250 0.075919 1.158750 0.013896 
23.638179 400 0.961250 0.075919 1.158750 0.013896 
23.738865 400 0.961250 0.075919 1.158750 0.013896 
23.839500 400 0.961250 0.075919 1.158750 0.013896 
23.940068 400 0.961250 0.075919 1.158750 0.013896 
24.040623 400 0.961250 0.075919 1.158750 0.013896 
24.141228 400 0.961250 0.075919 1.158750 0.013896 
24.241798 400 0.961250 0.075919 1.158750 0.013896 
24.342422 400 0.961250 0.074958 1.158750 0.013896 
24.443080 400 0.961250 0.074958 1.158750 0.013896 
24.543710 400 0.961250 0.074958 1.158750 0.013896 
24.644273 400 0.961250 0.075919 1.158750 0.013896 
24.744825 400 0.961250 0.075919 1.158750 0.013896 
24.845368 400 0.961250 0.075919 1.158750 0.013896 
24.945910 400 0.961250 0.074958 1.158750 0.013896 
25.046517 400 0.961250 0.074958 1.158750 0.013896 
25.147172 400 0.961250 0.076880 1.158750 0.013896 
25.247740 400 0.961250 0.076880 1.158750 0.013896 
25.348318 400 0.961250 0.076880 1.158750 0.013896 
25.448926 400 0.961250 0.075919 1.158750 0.013896 
25.549657 400 0.961250 0.075919 1.158750 0.013896 
25.650265 400 0.961250 0.075919 1.158750 0.013896 
25.750870 400 0.961250 0.075919 1.158750 0.013896 
25.851433 400 0.961250 0.075919 1.158750 0.013896 
25.951979 400 0.961250 0.074958 1.158750 0.013896 
26.052587 400 0.961250 0.074958 1.158750 0.013896 
26.153199 400 0.961250 0.074958 1.158750 0.013896 
26.253784 400 0.961250 0.075919 1.158750 0.013896 
26.354373 400 0.961250 0.075919 1.158750 0.013896 
26.454987 400 0.961250 0.075919 1.158750 0.013896 
26.555555 400 0.961250 0.075919 1.158750 0.013896 
26.656130 400 0.961250 0.075919 1.158750 0.013896 
26.756699 400 0.961250 0.074958 1.158750 0.013896 
26.857304 400 0.961250 0.074958 1.158750 0.013896 
26.957858 400 0.961250 0.074958 1.158750 0.013896 
27.058464 400 0.961250 0.075919 1.158750 0.013896 
27.159093 400 0.961250 0.075919 1.158750 0.013896 
27.259690 400 0.961250 0.075919 1.158750 0.013896 
27.360315 400 0.961250 0.075919 1.158750 0.013896 
27.461030 400 0.961250 0.075919 1.158750 0.013896 
27.561802 400 0.961250 0.076880 1.158750 0.013896 
27.662481 400 0.961250 0.076880 1.158750 0.013896 
27.763105 400 0.961250 0.076880 1.158750 0.013896 
27.863764 400 0.961250 0.074958 1.158750 0.013896 
27.964334 400 0.961250 0.074958 1.158750 0.013896 
28.064936 400 0.961250 0.075919 1.158750 0.013896 
28.165501 400 0.961250 0.075919 1.158750 0.013896 
28.266049 400 0.961250 0.075919 1.158750 0.013896 
28.366595 400 0.961250 0.074958 1.158750 0.013896 
28.467228 400 0.961250 0.074958 1.158750 0.013896 
28.567791 400 0.961250 0.075919 1.158750 0.013896 
28.668340 400 0.961250 0.075919 1.158750 0.013896 
28.768914 400 0.961250 0.075919 1.158750 0.013896 
28.869467 400 0.961250 0.075919 1.158750 0.013896 
28.970027 400 0.961250 0.075919 1.158750 0.013896 
29.070616 400 0.961250 0.075919 1.158750 0.013896 
29.171169 400 0.961250 0.074958 1.158750 0.013896 
29.271739 400 0.961250 0.074958 1.158750 0.013896 
29.372352 400 0.961250 0.074958 1.158750 0.013896 
29.472912 400 0.961250 0.074958 1.158750 0.013896 
29.573486 400 0.961250 0.074958 1.158750 0.013896 
29.674072 400 0.961250 0.075919 1.158750 0.013896 
29.774635 400 0.961250 0.075919 1.158750 0.013896 
29.875224 400 0.961250 0.075919 1.158750 0.013896 
29.976094 400 0.961250 0.074958 1.158750 0.013896 
30.076965 400 0.961250 0.074958 1.158750 0.013896 
30.177765 400 0.962500 0.032708 1.158750 0.013896 
30.278578 400 0.962500 0.032708 1.158750 0.013896 
30.379403 400 0.962500 0.032708 1.158750 0.013896 
30.480219 400 0.963750 0.010593 1.158750 0.013896 
30.581032 400 0.963750 0.010593 1.158750 0.013896 
30.681840 400 0.963750 0.012519 1.158750 0.013896 
30.782714 400 0.963750 0.012519 1.158750 0.013896 
30.883536 400 0.963750 0.012519 1.158750 0.013896 
30.984357 400 0.963750 0.010593 1.158750 0.013896 
31.085292 400 0.963750 0.010593 1.158750 0.013896 
31.186223 400 0.963750 0.010593 1.158750 0.013896 
31.287159 400 0.963750 0.010593 1.158750 0.013896 
31.388103 400 0.963750 0.010593 1.158750 0.013896 
31.489056 400 0.963750 0.011556 1.158750 0.013896 
31.589822 400 0.963750 0.011556 1.158750 0.013896 
