0.000402 450 1.011250 0.093012 1.158750 0.013896 
0.101119 450 1.011250 0.094023 1.158750 0.013896 
0.201821 450 1.011250 0.094023 1.158750 0.013896 
0.302381 450 1.011250 0.092001 1.158750 0.013896 
0.403017 450 1.011250 0.092001 1.158750 0.013896 
0.503545 450 1.011250 0.092001 1.158750 0.013896 
0.604106 450 1.011250 0.094023 1.158750 0.013896 
0.704625 450 1.011250 0.094023 1.158750 0.013896 
0.805143 450 1.011250 0.094023 1.158750 0.013896 
0.905635 450 1.011250 0.094023 1.158750 0.013896 
1.006161 450 1.011250 0.094023 1.158750 0.013896 
1.106875 450 1.011250 0.093012 1.158750 0.013896 
1.207544 450 1.011250 0.093012 1.158750 0.013896 
1.308119 450 1.011250 0.093012 1.158750 0.013896 
1.408624 450 1.011250 0.092001 1.158750 0.013896 
1.509117 450 1.011250 0.092001 1.158750 0.013896 
1.609657 450 1.011250 0.092001 1.158750 0.013896 
1.710210 450 1.011250 0.094023 1.158750 0.013896 
1.810757 450 1.011250 0.094023 1.158750 0.013896 
1.911269 450 1.011250 0.093012 1.158750 0.013896 
2.011768 450 1.011250 0.093012 1.158750 0.013896 
2.112251 450 1.011250 0.093012 1.158750 0.013896 
2.212735 450 1.011250 0.094023 1.158750 0.013896 
2.313251 450 1.011250 0.094023 1.158750 0.013896 
2.413735 450 1.011250 0.094023 1.158750 0.013896 
2.514338 450 1.011250 0.094023 1.158750 0.013896 
2.614853 450 1.011250 0.094023 1.158750 0.013896 
2.715408 450 1.011250 0.092001 1.158750 0.013896 
2.815943 450 1.011250 0.092001 1.158750 0.013896 
2.916456 450 1.011250 0.092001 1.158750 0.013896 
3.016960 450 1.011250 0.094023 1.158750 0.013896 
3.117655 450 1.011250 0.094023 1.158750 0.013896 
3.218345 450 1.011250 0.092001 1.158750 0.013896 
3.318876 450 1.011250 0.092001 1.158750 0.013896 
3.419380 450 1.011250 0.092001 1.158750 0.013896 
3.519917 450 1.011250 0.094023 1.158750 0.013896 
3.620416 450 1.011250 0.094023 1.158750 0.013896 
3.720903 450 1.011250 0.094023 1.158750 0.013896 
3.821385 450 1.011250 0.094023 1.158750 0.013896 
3.921865 450 1.011250 0.094023 1.158750 0.013896 
4.022343 450 1.011250 0.093012 1.158750 0.013896 
4.122819 450 1.011250 0.093012 1.158750 0.013896 
4.223338 450 1.011250 0.093012 1.158750 0.013896 
4.323822 450 1.011250 0.095034 1.158750 0.013896 
4.424331 450 1.011250 0.095034 1.158750 0.013896 
4.524942 450 1.011250 0.094023 1.158750 0.013896 
4.625438 450 1.011250 0.094023 1.158750 0.013896 
4.725979 450 1.011250 0.094023 1.158750 0.013896 
4.826507 450 1.011250 0.093012 1.158750 0.013896 
4.927023 450 1.011250 0.093012 1.158750 0.013896 
5.027517 450 1.011250 0.093012 1.158750 0.013896 
5.128057 450 1.011250 0.094023 1.158750 0.013896 
5.228583 450 1.011250 0.094023 1.158750 0.013896 
5.329084 450 1.011250 0.095034 1.158750 0.013896 
5.429628 450 1.011250 0.095034 1.158750 0.013896 
5.530161 450 1.011250 0.095034 1.158750 0.013896 
5.630658 450 1.011250 0.094023 1.158750 0.013896 
5.731183 450 1.011250 0.094023 1.158750 0.013896 
5.831695 450 1.011250 0.094023 1.158750 0.013896 
5.932194 450 1.011250 0.094023 1.158750 0.013896 
6.032778 450 1.011250 0.094023 1.158750 0.013896 
6.133299 450 1.011250 0.094023 1.158750 0.013896 
6.233885 450 1.011250 0.094023 1.158750 0.013896 
6.334383 450 1.011250 0.094023 1.158750 0.013896 
6.434879 450 1.011250 0.094023 1.158750 0.013896 
6.535417 450 1.011250 0.094023 1.158750 0.013896 
6.635915 450 1.011250 0.093012 1.158750 0.013896 
6.736423 450 1.011250 0.093012 1.158750 0.013896 
6.836946 450 1.011250 0.093012 1.158750 0.013896 
6.937446 450 1.011250 0.093012 1.158750 0.013896 
7.037975 450 1.011250 0.093012 1.158750 0.013896 
7.138464 450 1.011250 0.093012 1.158750 0.013896 
7.239076 450 1.011250 0.093012 1.158750 0.013896 
7.339599 450 1.011250 0.093012 1.158750 0.013896 
7.440126 450 1.011250 0.094023 1.158750 0.013896 
7.540683 450 1.011250 0.094023 1.158750 0.013896 
7.641181 450 1.011250 0.094023 1.158750 0.013896 
7.741683 450 1.011250 0.093012 1.158750 0.013896 
7.842175 450 1.011250 0.093012 1.158750 0.013896 
7.942670 450 1.011250 0.093012 1.158750 0.013896 
8.043191 450 1.011250 0.094023 1.158750 0.013896 
8.143679 450 1.011250 0.094023 1.158750 0.013896 
8.244287 450 1.011250 0.093012 1.158750 0.013896 
8.344855 450 1.011250 0.093012 1.158750 0.013896 
8.445418 450 1.011250 0.093012 1.158750 0.013896 
8.545960 450 1.011250 0.094023 1.158750 0.013896 
8.646474 450 1.011250 0.094023 1.158750 0.013896 
8.746987 450 1.011250 0.093012 1.158750 0.013896 
8.847495 450 1.011250 0.093012 1.158750 0.013896 
8.948038 450 1.011250 0.093012 1.158750 0.013896 
9.048525 450 1.011250 0.095034 1.158750 0.013896 
9.149007 450 1.011250 0.095034 1.158750 0.013896 
9.249500 450 1.011250 0.095034 1.158750 0.013896 
9.350170 450 1.011250 0.093012 1.158750 0.013896 
9.450698 450 1.011250 0.093012 1.158750 0.013896 
9.551245 450 1.011250 0.093012 1.158750 0.013896 
9.651746 450 1.011250 0.093012 1.158750 0.013896 
9.752252 450 1.011250 0.093012 1.158750 0.013896 
9.852741 450 1.011250 0.093012 1.158750 0.013896 
9.953263 450 1.011250 0.093012 1.158750 0.013896 
10.053757 450 1.011250 0.093012 1.158750 0.013896 
10.154282 450 1.011250 0.095034 1.158750 0.013896 
10.254783 450 1.011250 0.095034 1.158750 0.013896 
10.355267 450 1.011250 0.094023 1.158750 0.013896 
10.455761 450 1.011250 0.094023 1.158750 0.013896 
10.556285 450 1.011250 0.094023 1.158750 0.013896 
10.656789 450 1.011250 0.094023 1.158750 0.013896 
10.757303 450 1.011250 0.094023 1.158750 0.013896 
10.857798 450 1.011250 0.094023 1.158750 0.013896 
10.958374 450 1.011250 0.094023 1.158750 0.013896 
11.058871 450 1.011250 0.094023 1.158750 0.013896 
11.159396 450 1.011250 0.094023 1.158750 0.013896 
11.260044 450 1.011250 0.094023 1.158750 0.013896 
11.360724 450 1.011250 0.094023 1.158750 0.013896 
11.461269 450 1.011250 0.092001 1.158750 0.013896 
11.561828 450 1.011250 0.092001 1.158750 0.013896 
11.662389 450 1.011250 0.092001 1.158750 0.013896 
11.762973 450 1.011250 0.092001 1.158750 0.013896 
11.863466 450 1.011250 0.092001 1.158750 0.013896 
11.963966 450 1.011250 0.094023 1.158750 0.013896 
12.064485 450 1.011250 0.094023 1.158750 0.013896 
12.164972 450 1.011250 0.094023 1.158750 0.013896 
12.265465 450 1.011250 0.093012 1.158750 0.013896 
12.365971 450 1.011250 0.093012 1.158750 0.013896 
12.466488 450 1.011250 0.094023 1.158750 0.013896 
12.567033 450 1.011250 0.094023 1.158750 0.013896 
12.667576 450 1.011250 0.094023 1.158750 0.013896 
12.768158 450 1.011250 0.094023 1.158750 0.013896 
12.868682 450 1.011250 0.094023 1.158750 0.013896 
12.969196 450 1.011250 0.093012 1.158750 0.013896 
13.069722 450 1.011250 0.093012 1.158750 0.013896 
13.170245 450 1.011250 0.093012 1.158750 0.013896 
13.270743 450 1.011250 0.094023 1.158750 0.013896 
13.371242 450 1.011250 0.094023 1.158750 0.013896 
13.471735 450 1.011250 0.094023 1.158750 0.013896 
13.572267 450 1.011250 0.094023 1.158750 0.013896 
13.672768 450 1.011250 0.094023 1.158750 0.013896 
13.773328 450 1.011250 0.094023 1.158750 0.013896 
13.873821 450 1.011250 0.094023 1.158750 0.013896 
13.974335 450 1.011250 0.094023 1.158750 0.013896 
14.074862 450 1.011250 0.094023 1.158750 0.013896 
14.175383 450 1.011250 0.094023 1.158750 0.013896 
14.275887 450 1.011250 0.094023 1.158750 0.013896 
14.376376 450 1.011250 0.093012 1.158750 0.013896 
14.476877 450 1.011250 0.093012 1.158750 0.013896 
14.577405 450 1.011250 0.093012 1.158750 0.013896 
14.677988 450 1.011250 0.093012 1.158750 0.013896 
14.778504 450 1.011250 0.093012 1.158750 0.013896 
14.879000 450 1.011250 0.094023 1.158750 0.013896 
14.979491 450 1.011250 0.094023 1.158750 0.013896 
15.079979 450 1.011250 0.094023 1.158750 0.013896 
15.180521 450 1.011250 0.094023 1.158750 0.013896 
15.281047 450 1.011250 0.094023 1.158750 0.013896 
15.381562 450 1.011250 0.093012 1.158750 0.013896 
15.482240 450 1.011250 0.093012 1.158750 0.013896 
15.582813 450 1.011250 0.093012 1.158750 0.013896 
15.683411 450 1.011250 0.092001 1.158750 0.013896 
15.783926 450 1.011250 0.092001 1.158750 0.013896 
15.884416 450 1.011250 0.093012 1.158750 0.013896 
15.984922 450 1.011250 0.093012 1.158750 0.013896 
16.085463 450 1.011250 0.093012 1.158750 0.013896 
16.186031 450 1.011250 0.093012 1.158750 0.013896 
16.286554 450 1.011250 0.093012 1.158750 0.013896 
16.387173 450 1.011250 0.093012 1.158750 0.013896 
16.487765 450 1.011250 0.093012 1.158750 0.013896 
16.588367 450 1.011250 0.093012 1.158750 0.013896 
16.688980 450 1.011250 0.094023 1.158750 0.013896 
16.789540 450 1.011250 0.094023 1.158750 0.013896 
16.890085 450 1.011250 0.094023 1.158750 0.013896 
16.991176 450 1.011250 0.093012 1.158750 0.013896 
17.091682 450 1.011250 0.093012 1.158750 0.013896 
17.192176 450 1.011250 0.093012 1.158750 0.013896 
17.292668 450 1.011250 0.093012 1.158750 0.013896 
17.393204 450 1.011250 0.093012 1.158750 0.013896 
17.493887 450 1.011250 0.093012 1.158750 0.013896 
17.594457 450 1.011250 0.093012 1.158750 0.013896 
17.694981 450 1.011250 0.093012 1.158750 0.013896 
17.795504 450 1.011250 0.093012 1.158750 0.013896 
17.896005 450 1.011250 0.093012 1.158750 0.013896 
17.996516 450 1.011250 0.093012 1.158750 0.013896 
18.097066 450 1.011250 0.093012 1.158750 0.013896 
18.197578 450 1.011250 0.093012 1.158750 0.013896 
18.298111 450 1.011250 0.094023 1.158750 0.013896 
18.398610 450 1.011250 0.094023 1.158750 0.013896 
18.499108 450 1.011250 0.094023 1.158750 0.013896 
18.599680 450 1.011250 0.094023 1.158750 0.013896 
18.700185 450 1.011250 0.094023 1.158750 0.013896 
18.800678 450 1.011250 0.093012 1.158750 0.013896 
18.901203 450 1.011250 0.093012 1.158750 0.013896 
19.001725 450 1.011250 0.093012 1.158750 0.013896 
19.102246 450 1.011250 0.093012 1.158750 0.013896 
19.202761 450 1.011250 0.093012 1.158750 0.013896 
19.303334 450 1.011250 0.094023 1.158750 0.013896 
19.403984 450 1.011250 0.094023 1.158750 0.013896 
19.504669 450 1.011250 0.094023 1.158750 0.013896 
19.605241 450 1.011250 0.094023 1.158750 0.013896 
19.705752 450 1.011250 0.094023 1.158750 0.013896 
19.806248 450 1.011250 0.094023 1.158750 0.013896 
19.906777 450 1.011250 0.093012 1.158750 0.013896 
20.007277 450 1.011250 0.093012 1.158750 0.013896 
20.107787 450 1.011250 0.093012 1.158750 0.013896 
20.208367 450 1.011250 0.093012 1.158750 0.013896 
20.308864 450 1.011250 0.093012 1.158750 0.013896 
20.409368 450 1.011250 0.093012 1.158750 0.013896 
20.509878 450 1.011250 0.093012 1.158750 0.013896 
20.610424 450 1.011250 0.093012 1.158750 0.013896 
20.710931 450 1.011250 0.093012 1.158750 0.013896 
20.811464 450 1.011250 0.093012 1.158750 0.013896 
20.911965 450 1.011250 0.094023 1.158750 0.013896 
21.012473 450 1.011250 0.094023 1.158750 0.013896 
21.113010 450 1.011250 0.094023 1.158750 0.013896 
21.213502 450 1.011250 0.093012 1.158750 0.013896 
21.314041 450 1.011250 0.093012 1.158750 0.013896 
21.414570 450 1.011250 0.093012 1.158750 0.013896 
21.515120 450 1.011250 0.093012 1.158750 0.013896 
21.615660 450 1.011250 0.093012 1.158750 0.013896 
21.716175 450 1.011250 0.094023 1.158750 0.013896 
21.816674 450 1.011250 0.094023 1.158750 0.013896 
21.917171 450 1.011250 0.094023 1.158750 0.013896 
22.017663 450 1.011250 0.094023 1.158750 0.013896 
22.118188 450 1.011250 0.094023 1.158750 0.013896 
22.218690 450 1.011250 0.093012 1.158750 0.013896 
22.319219 450 1.011250 0.093012 1.158750 0.013896 
22.419731 450 1.011250 0.093012 1.158750 0.013896 
22.520263 450 1.011250 0.094023 1.158750 0.013896 
22.620768 450 1.011250 0.094023 1.158750 0.013896 
22.721283 450 1.011250 0.094023 1.158750 0.013896 
22.821781 450 1.011250 0.094023 1.158750 0.013896 
22.922273 450 1.011250 0.094023 1.158750 0.013896 
23.022775 450 1.011250 0.094023 1.158750 0.013896 
23.123324 450 1.011250 0.094023 1.158750 0.013896 
23.223814 450 1.011250 0.094023 1.158750 0.013896 
23.324317 450 1.011250 0.094023 1.158750 0.013896 
23.424831 450 1.011250 0.094023 1.158750 0.013896 
23.525367 450 1.011250 0.094023 1.158750 0.013896 
23.625875 450 1.011250 0.094023 1.158750 0.013896 
23.726438 450 1.011250 0.094023 1.158750 0.013896 
23.826944 450 1.011250 0.094023 1.158750 0.013896 
23.927461 450 1.011250 0.094023 1.158750 0.013896 
24.027998 450 1.011250 0.094023 1.158750 0.013896 
24.128486 450 1.011250 0.094023 1.158750 0.013896 
24.228978 450 1.011250 0.094023 1.158750 0.013896 
24.329510 450 1.011250 0.094023 1.158750 0.013896 
24.430136 450 1.011250 0.094023 1.158750 0.013896 
24.530756 450 1.011250 0.094023 1.158750 0.013896 
24.631307 450 1.011250 0.094023 1.158750 0.013896 
24.731839 450 1.011250 0.094023 1.158750 0.013896 
24.832338 450 1.011250 0.094023 1.158750 0.013896 
24.932830 450 1.011250 0.095034 1.158750 0.013896 
25.033367 450 1.011250 0.095034 1.158750 0.013896 
25.133998 450 1.011250 0.094023 1.158750 0.013896 
25.234529 450 1.011250 0.094023 1.158750 0.013896 
25.335028 450 1.011250 0.094023 1.158750 0.013896 
25.435543 450 1.011250 0.093012 1.158750 0.013896 
25.536226 450 1.011250 0.093012 1.158750 0.013896 
25.636814 450 1.011250 0.093012 1.158750 0.013896 
25.737342 450 1.011250 0.093012 1.158750 0.013896 
25.837871 450 1.011250 0.093012 1.158750 0.013896 
25.938361 450 1.011250 0.093012 1.158750 0.013896 
26.038850 450 1.011250 0.093012 1.158750 0.013896 
26.139346 450 1.011250 0.093012 1.158750 0.013896 
26.239986 450 1.011250 0.094023 1.158750 0.013896 
26.340761 450 1.011250 0.094023 1.158750 0.013896 
26.441586 450 1.012500 0.078936 1.158750 0.013896 
26.542300 450 1.012500 0.078936 1.158750 0.013896 
26.643127 450 1.012500 0.078936 1.158750 0.013896 
26.743888 450 1.013750 0.015195 1.158750 0.013896 
26.844643 450 1.013750 0.015195 1.158750 0.013896 
26.945659 450 1.013750 0.012156 1.158750 0.013896 
27.046412 450 1.013750 0.012156 1.158750 0.013896 
27.147144 450 1.013750 0.012156 1.158750 0.013896 
27.247897 450 1.013750 0.013169 1.158750 0.013896 
27.357924 450 1.013750 0.013169 1.158750 0.013896 
27.458692 450 1.013750 0.013169 1.158750 0.013896 
27.559488 450 1.013750 0.027351 1.158750 0.013896 
27.660252 450 1.013750 0.027351 1.158750 0.013896 
27.761044 450 1.013750 0.014182 1.158750 0.013896 
27.861838 450 1.013750 0.014182 1.158750 0.013896 
