0.000218 1300 1.200000 0.018000 1.052500 0.880524 
0.100706 1300 1.200000 0.018000 1.052500 0.880524 
0.201247 1300 1.200000 0.018000 1.052500 0.883680 
0.301634 1300 1.200000 0.018000 1.052500 0.883680 
0.402009 1300 1.200000 0.018000 1.052500 0.856328 
0.502397 1300 1.200000 0.018000 1.052500 0.856328 
0.602785 1300 1.200000 0.018000 1.052500 0.856328 
0.703199 1300 1.200000 0.018000 1.052500 0.867900 
0.803583 1300 1.200000 0.018000 1.052500 0.867900 
0.903968 1300 1.200000 0.018000 1.052500 0.871056 
1.004351 1300 1.200000 0.018000 1.052500 0.871056 
1.104822 1300 1.200000 0.018000 1.052500 0.871056 
1.205307 1300 1.200000 0.018000 1.052500 0.885784 
1.305687 1300 1.200000 0.018000 1.052500 0.885784 
1.406053 1300 1.200000 0.018000 1.052500 0.885784 
1.506422 1300 1.200000 0.018000 1.052500 0.859484 
1.606814 1300 1.200000 0.018000 1.052500 0.859484 
1.707194 1300 1.200000 0.018000 1.052500 0.857380 
1.807566 1300 1.200000 0.018000 1.052500 0.857380 
1.907935 1300 1.200000 0.018000 1.052500 0.857380 
2.008322 1300 1.200000 0.018000 1.052500 0.865796 
2.108694 1300 1.200000 0.018000 1.052500 0.865796 
2.209079 1300 1.200000 0.018000 1.052500 0.865796 
2.309448 1300 1.200000 0.018000 1.052500 0.865796 
2.409820 1300 1.200000 0.018000 1.052500 0.865796 
2.510192 1300 1.200000 0.018000 1.052500 0.871056 
2.610570 1300 1.200000 0.018000 1.052500 0.871056 
2.710952 1300 1.200000 0.018000 1.052500 0.871056 
2.811350 1300 1.200000 0.018000 1.052500 0.862640 
2.911740 1300 1.200000 0.018000 1.052500 0.862640 
3.012131 1300 1.200000 0.018000 1.052500 0.846860 
3.112621 1300 1.200000 0.018000 1.052500 0.846860 
3.213108 1300 1.200000 0.018000 1.052500 0.846860 
3.313496 1300 1.200000 0.018000 1.052500 0.899460 
3.413877 1300 1.200000 0.018000 1.052500 0.899460 
3.514271 1300 1.200000 0.018000 1.052500 0.899460 
3.614660 1300 1.200000 0.018000 1.052500 0.853172 
3.715037 1300 1.200000 0.018000 1.052500 0.853172 
3.815413 1300 1.200000 0.018000 1.052500 0.872108 
3.915792 1300 1.200000 0.018000 1.052500 0.872108 
4.016236 1300 1.200000 0.018000 1.052500 0.872108 
4.116603 1300 1.200000 0.018000 1.052500 0.880524 
4.216975 1300 1.200000 0.018000 1.052500 0.880524 
4.317346 1300 1.200000 0.018000 1.052500 0.880524 
4.417731 1300 1.200000 0.018000 1.052500 0.886836 
4.518115 1300 1.200000 0.018000 1.052500 0.886836 
4.618499 1300 1.200000 0.018000 1.052500 0.872108 
4.718883 1300 1.200000 0.018000 1.052500 0.872108 
4.819254 1300 1.200000 0.018000 1.052500 0.872108 
4.919630 1300 1.200000 0.018000 1.052500 0.847912 
5.020001 1300 1.200000 0.018000 1.052500 0.847912 
5.120372 1300 1.200000 0.018000 1.052500 0.864744 
5.220747 1300 1.200000 0.018000 1.052500 0.864744 
5.321150 1300 1.200000 0.018000 1.052500 0.864744 
5.421519 1300 1.200000 0.018000 1.052500 0.855276 
5.521891 1300 1.200000 0.018000 1.052500 0.855276 
5.622272 1300 1.200000 0.018000 1.052500 0.855276 
5.722650 1300 1.200000 0.018000 1.052500 0.874212 
5.823022 1300 1.200000 0.018000 1.052500 0.874212 
5.923391 1300 1.200000 0.018000 1.052500 0.871056 
6.023760 1300 1.200000 0.018000 1.052500 0.871056 
6.124126 1300 1.200000 0.018000 1.052500 0.871056 
6.224498 1300 1.200000 0.018000 1.052500 0.844756 
6.324877 1300 1.200000 0.018000 1.052500 0.844756 
6.425250 1300 1.200000 0.018000 1.052500 0.844756 
6.525627 1300 1.200000 0.018000 1.052500 0.865796 
6.626004 1300 1.200000 0.018000 1.052500 0.865796 
6.726409 1300 1.200000 0.018000 1.052500 0.863692 
6.826782 1300 1.200000 0.018000 1.052500 0.863692 
6.927150 1300 1.200000 0.018000 1.052500 0.863692 
7.027519 1300 1.200000 0.018000 1.052500 0.852120 
7.127905 1300 1.200000 0.018000 1.052500 0.852120 
7.228277 1300 1.200000 0.018000 1.052500 0.847912 
7.328630 1300 1.200000 0.018000 1.052500 0.847912 
7.429033 1300 1.200000 0.018000 1.052500 0.847912 
7.529409 1300 1.200000 0.018000 1.052500 0.860536 
7.629791 1300 1.200000 0.018000 1.052500 0.860536 
7.730160 1300 1.200000 0.018000 1.052500 0.860536 
7.830530 1300 1.200000 0.018000 1.052500 0.842652 
7.930902 1300 1.200000 0.018000 1.052500 0.842652 
8.031299 1300 1.200000 0.018000 1.052500 0.837392 
8.131743 1300 1.200000 0.018000 1.052500 0.837392 
8.232132 1300 1.200000 0.018000 1.052500 0.837392 
8.332502 1300 1.200000 0.018000 1.052500 0.879472 
8.432879 1300 1.200000 0.018000 1.052500 0.879472 
8.533258 1300 1.200000 0.018000 1.052500 0.879472 
8.633634 1300 1.200000 0.018000 1.052500 0.842652 
8.734014 1300 1.200000 0.018000 1.052500 0.842652 
8.834388 1300 1.200000 0.018000 1.052500 0.859484 
8.934758 1300 1.200000 0.018000 1.052500 0.859484 
9.035130 1300 1.200000 0.018000 1.052500 0.859484 
9.135507 1300 1.200000 0.018000 1.052500 0.883680 
9.236001 1300 1.200000 0.018000 1.052500 0.883680 
9.336416 1300 1.200000 0.018000 1.052500 0.889992 
9.436793 1300 1.200000 0.018000 1.052500 0.889992 
9.537182 1300 1.200000 0.018000 1.052500 0.889992 
9.637560 1300 1.200000 0.018000 1.052500 0.864744 
9.737946 1300 1.200000 0.018000 1.052500 0.864744 
9.838318 1300 1.200000 0.018000 1.052500 0.864744 
9.938698 1300 1.200000 0.018000 1.052500 0.864744 
10.039074 1300 1.200000 0.018000 1.052500 0.864744 
10.139447 1300 1.200000 0.018000 1.052500 0.863692 
10.239822 1300 1.200000 0.018000 1.052500 0.863692 
10.340215 1300 1.200000 0.018000 1.052500 0.863692 
10.440591 1300 1.200000 0.018000 1.052500 0.859484 
10.540974 1300 1.200000 0.018000 1.052500 0.859484 
10.641381 1300 1.200000 0.018000 1.052500 0.859484 
10.741753 1300 1.200000 0.018000 1.052500 0.862640 
10.842141 1300 1.200000 0.018000 1.052500 0.862640 
10.942516 1300 1.200000 0.018000 1.052500 0.855276 
11.042889 1300 1.200000 0.018000 1.052500 0.855276 
11.143275 1300 1.200000 0.018000 1.052500 0.855276 
11.243769 1300 1.200000 0.018000 1.052500 0.846860 
11.344160 1300 1.200000 0.018000 1.052500 0.846860 
11.444816 1300 1.200000 0.018000 1.052500 0.846860 
11.545215 1300 1.200000 0.018000 1.052500 0.861588 
11.645591 1300 1.200000 0.018000 1.052500 0.861588 
11.745966 1300 1.200000 0.018000 1.052500 0.847912 
11.846374 1300 1.200000 0.018000 1.052500 0.847912 
11.946748 1300 1.200000 0.018000 1.052500 0.847912 
12.047129 1300 1.200000 0.018000 1.052500 0.846860 
12.147518 1300 1.200000 0.018000 1.052500 0.846860 
12.247907 1300 1.200000 0.018000 1.052500 0.854224 
12.348283 1300 1.200000 0.018000 1.052500 0.854224 
12.448663 1300 1.200000 0.018000 1.052500 0.854224 
12.549044 1300 1.200000 0.018000 1.052500 0.856328 
12.649420 1300 1.200000 0.018000 1.052500 0.856328 
12.749800 1300 1.200000 0.018000 1.052500 0.856328 
12.850174 1300 1.200000 0.018000 1.052500 0.859484 
12.950546 1300 1.200000 0.018000 1.052500 0.859484 
13.050918 1300 1.200000 0.018000 1.052500 0.851068 
13.151321 1300 1.200000 0.018000 1.052500 0.851068 
13.251694 1300 1.200000 0.018000 1.052500 0.851068 
13.352074 1300 1.200000 0.018000 1.052500 0.851068 
13.452451 1300 1.200000 0.018000 1.052500 0.851068 
13.552830 1300 1.200000 0.018000 1.052500 0.851068 
13.653203 1300 1.200000 0.018000 1.052500 0.858432 
13.753579 1300 1.200000 0.018000 1.052500 0.858432 
13.853952 1300 1.200000 0.018000 1.052500 0.865796 
13.954324 1300 1.200000 0.018000 1.052500 0.865796 
14.054697 1300 1.200000 0.018000 1.052500 0.865796 
14.155072 1300 1.200000 0.018000 1.052500 0.858432 
14.255452 1300 1.200000 0.018000 1.052500 0.858432 
14.355885 1300 1.200000 0.018000 1.052500 0.864744 
14.456536 1300 1.200000 0.018000 1.052500 0.864744 
14.557176 1300 1.200000 0.018000 1.052500 0.864744 
14.657810 1300 1.200000 0.016800 1.056250 0.403392 
14.758326 1300 1.200000 0.016800 1.056250 0.403392 
14.858840 1300 1.200000 0.016800 1.056250 0.403392 
14.959395 1300 1.200000 0.018000 1.057500 0.095130 
15.059951 1300 1.200000 0.018000 1.057500 0.095130 
15.160505 1300 1.200000 0.018000 1.058750 0.077234 
15.261066 1300 1.200000 0.018000 1.058750 0.077234 
15.361622 1300 1.200000 0.018000 1.058750 0.077234 
15.462182 1300 1.200000 0.018000 1.058750 0.118496 
15.562748 1300 1.200000 0.018000 1.058750 0.118496 
15.663297 1300 1.200000 0.018000 1.058750 0.118496 
15.763928 1300 1.200000 0.018000 1.057500 0.067648 
15.864559 1300 1.200000 0.018000 1.057500 0.067648 
15.965190 1300 1.200000 0.018000 1.058750 0.086756 
16.066070 1300 1.200000 0.018000 1.058750 0.086756 
16.166701 1300 1.200000 0.018000 1.058750 0.086756 
16.267333 1300 1.200000 0.018000 1.058750 0.100510 
16.367974 1300 1.200000 0.018000 1.058750 0.100510 
16.468616 1300 1.200000 0.016800 1.057500 0.077161 
16.569175 1300 1.200000 0.016800 1.057500 0.077161 
16.669748 1300 1.200000 0.016800 1.057500 0.077161 
16.770399 1300 1.200000 0.016800 1.058750 0.111090 
