0.000313 900 1.200000 0.018000 0.930000 0.496620 
0.100967 900 1.200000 0.018000 0.930000 0.496620 
0.201536 900 1.200000 0.018000 0.930000 0.496620 
0.302073 900 1.200000 0.018000 0.930000 0.480810 
0.402621 900 1.200000 0.018000 0.930000 0.480810 
0.503144 900 1.200000 0.018000 0.930000 0.480810 
0.603634 900 1.200000 0.018000 0.930000 0.471510 
0.704139 900 1.200000 0.018000 0.930000 0.471510 
0.804648 900 1.200000 0.018000 0.930000 0.472440 
0.905173 900 1.200000 0.018000 0.930000 0.472440 
1.005709 900 1.200000 0.018000 0.930000 0.472440 
1.106322 900 1.200000 0.018000 0.930000 0.468720 
1.206950 900 1.200000 0.018000 0.930000 0.468720 
1.307465 900 1.200000 0.018000 0.930000 0.468720 
1.407997 900 1.200000 0.018000 0.930000 0.478020 
1.508538 900 1.200000 0.018000 0.930000 0.478020 
1.609129 900 1.200000 0.018000 0.930000 0.471510 
1.709639 900 1.200000 0.018000 0.930000 0.471510 
1.810150 900 1.200000 0.018000 0.930000 0.471510 
1.910654 900 1.200000 0.018000 0.930000 0.467790 
2.011182 900 1.200000 0.018000 0.930000 0.467790 
2.111701 900 1.200000 0.018000 0.930000 0.467790 
2.212209 900 1.200000 0.018000 0.930000 0.469650 
2.312708 900 1.200000 0.018000 0.930000 0.469650 
2.413223 900 1.200000 0.018000 0.930000 0.471510 
2.513805 900 1.200000 0.018000 0.930000 0.471510 
2.614353 900 1.200000 0.018000 0.930000 0.471510 
2.714950 900 1.200000 0.018000 0.930000 0.470580 
2.815543 900 1.200000 0.018000 0.930000 0.470580 
2.916083 900 1.200000 0.018000 0.930000 0.471510 
3.016629 900 1.200000 0.018000 0.930000 0.471510 
3.117249 900 1.200000 0.018000 0.930000 0.471510 
3.217863 900 1.200000 0.018000 0.930000 0.477090 
3.318491 900 1.200000 0.018000 0.930000 0.477090 
3.419174 900 1.200000 0.018000 0.930000 0.477090 
3.519757 900 1.200000 0.018000 0.930000 0.489180 
3.620309 900 1.200000 0.018000 0.930000 0.489180 
3.720859 900 1.200000 0.018000 0.930000 0.470580 
3.821398 900 1.200000 0.018000 0.930000 0.470580 
3.921912 900 1.200000 0.018000 0.930000 0.470580 
4.022422 900 1.200000 0.018000 0.930000 0.468720 
4.122939 900 1.200000 0.018000 0.930000 0.468720 
4.223446 900 1.200000 0.018000 0.930000 0.468720 
4.323981 900 1.200000 0.018000 0.930000 0.469650 
4.424506 900 1.200000 0.018000 0.930000 0.469650 
4.525013 900 1.200000 0.018000 0.930000 0.470580 
4.625528 900 1.200000 0.018000 0.930000 0.470580 
4.726039 900 1.200000 0.018000 0.930000 0.470580 
4.826563 900 1.200000 0.018000 0.930000 0.470580 
4.927069 900 1.200000 0.018000 0.930000 0.470580 
5.027569 900 1.200000 0.018000 0.930000 0.468720 
5.128072 900 1.200000 0.018000 0.930000 0.468720 
5.228592 900 1.200000 0.018000 0.930000 0.468720 
5.329136 900 1.200000 0.018000 0.930000 0.473370 
5.429641 900 1.200000 0.018000 0.930000 0.473370 
5.530143 900 1.200000 0.018000 0.930000 0.473370 
5.630642 900 1.200000 0.018000 0.930000 0.468720 
5.731141 900 1.200000 0.018000 0.930000 0.468720 
5.831659 900 1.200000 0.018000 0.930000 0.471510 
5.932167 900 1.200000 0.018000 0.930000 0.471510 
6.032669 900 1.200000 0.018000 0.930000 0.471510 
6.133170 900 1.200000 0.018000 0.930000 0.470580 
6.233635 900 1.200000 0.018000 0.930000 0.470580 
6.334141 900 1.200000 0.018000 0.930000 0.470580 
6.434643 900 1.200000 0.018000 0.930000 0.471510 
6.535145 900 1.200000 0.018000 0.930000 0.471510 
6.635645 900 1.200000 0.018000 0.930000 0.471510 
6.736152 900 1.200000 0.018000 0.930000 0.471510 
6.836658 900 1.200000 0.018000 0.930000 0.471510 
6.937156 900 1.200000 0.018000 0.930000 0.470580 
7.037658 900 1.200000 0.018000 0.930000 0.470580 
7.138158 900 1.200000 0.018000 0.930000 0.468720 
7.238633 900 1.200000 0.018000 0.930000 0.468720 
7.339144 900 1.200000 0.018000 0.930000 0.468720 
7.439652 900 1.200000 0.018000 0.930000 0.471510 
7.540161 900 1.200000 0.018000 0.930000 0.471510 
7.640665 900 1.200000 0.018000 0.930000 0.471510 
7.741164 900 1.200000 0.018000 0.930000 0.469650 
7.841679 900 1.200000 0.018000 0.930000 0.469650 
7.942191 900 1.200000 0.018000 0.930000 0.470580 
8.043589 900 1.200000 0.018000 0.930000 0.470580 
8.144128 900 1.200000 0.018000 0.930000 0.470580 
8.244733 900 1.200000 0.018000 0.930000 0.471510 
8.345259 900 1.200000 0.018000 0.930000 0.471510 
8.445766 900 1.200000 0.018000 0.930000 0.471510 
8.546271 900 1.200000 0.018000 0.930000 0.470580 
8.646776 900 1.200000 0.018000 0.930000 0.470580 
8.747277 900 1.200000 0.018000 0.930000 0.471510 
8.847796 900 1.200000 0.018000 0.930000 0.471510 
8.948304 900 1.200000 0.018000 0.930000 0.471510 
9.048878 900 1.200000 0.018000 0.930000 0.472440 
9.149380 900 1.200000 0.018000 0.930000 0.472440 
9.249901 900 1.200000 0.018000 0.930000 0.473370 
9.350541 900 1.200000 0.018000 0.930000 0.473370 
9.451087 900 1.200000 0.018000 0.930000 0.473370 
9.551593 900 1.200000 0.018000 0.930000 0.484530 
9.652099 900 1.200000 0.018000 0.930000 0.484530 
9.752598 900 1.200000 0.018000 0.930000 0.484530 
9.853101 900 1.200000 0.018000 0.930000 0.471510 
9.953621 900 1.200000 0.018000 0.930000 0.471510 
10.054125 900 1.200000 0.018000 0.930000 0.471510 
10.154631 900 1.200000 0.018000 0.930000 0.471510 
10.255141 900 1.200000 0.018000 0.930000 0.471510 
10.355662 900 1.200000 0.018000 0.930000 0.470580 
10.456168 900 1.200000 0.018000 0.930000 0.470580 
10.556710 900 1.200000 0.018000 0.930000 0.470580 
10.657223 900 1.200000 0.018000 0.930000 0.467790 
10.757735 900 1.200000 0.018000 0.930000 0.467790 
10.858254 900 1.200000 0.018000 0.930000 0.473370 
10.958808 900 1.200000 0.018000 0.930000 0.473370 
11.059329 900 1.200000 0.018000 0.930000 0.473370 
11.159859 900 1.200000 0.018000 0.930000 0.471510 
11.260440 900 1.200000 0.018000 0.930000 0.471510 
11.361073 900 1.200000 0.018000 0.930000 0.479880 
11.461596 900 1.200000 0.018000 0.930000 0.479880 
11.562123 900 1.200000 0.018000 0.930000 0.479880 
11.662639 900 1.200000 0.018000 0.930000 0.475230 
11.763145 900 1.200000 0.018000 0.930000 0.475230 
11.863636 900 1.200000 0.018000 0.930000 0.475230 
11.964148 900 1.200000 0.018000 0.930000 0.471510 
12.064650 900 1.200000 0.018000 0.930000 0.471510 
12.165150 900 1.200000 0.018000 0.930000 0.471510 
12.265652 900 1.200000 0.018000 0.930000 0.471510 
12.366171 900 1.200000 0.018000 0.930000 0.471510 
12.466677 900 1.200000 0.018000 0.930000 0.471510 
12.567185 900 1.200000 0.018000 0.930000 0.471510 
12.667688 900 1.200000 0.018000 0.930000 0.471510 
12.768188 900 1.200000 0.018000 0.930000 0.471510 
12.868741 900 1.200000 0.018000 0.930000 0.471510 
12.969256 900 1.200000 0.018000 0.930000 0.469650 
13.069759 900 1.200000 0.018000 0.930000 0.469650 
13.170259 900 1.200000 0.018000 0.930000 0.469650 
13.270760 900 1.200000 0.018000 0.930000 0.469650 
13.371269 900 1.200000 0.018000 0.930000 0.469650 
13.471767 900 1.200000 0.018000 0.930000 0.471510 
13.572267 900 1.200000 0.018000 0.930000 0.471510 
13.672764 900 1.200000 0.018000 0.930000 0.471510 
13.773262 900 1.200000 0.018000 0.930000 0.471510 
13.873798 900 1.200000 0.018000 0.930000 0.471510 
13.974300 900 1.200000 0.018000 0.930000 0.471510 
14.074796 900 1.200000 0.018000 0.930000 0.473370 
14.175294 900 1.200000 0.018000 0.930000 0.473370 
14.275805 900 1.200000 0.018000 0.930000 0.473370 
14.376312 900 1.200000 0.018000 0.930000 0.473370 
14.476808 900 1.200000 0.018000 0.930000 0.473370 
14.577303 900 1.200000 0.018000 0.930000 0.471510 
14.677803 900 1.200000 0.018000 0.930000 0.471510 
14.778300 900 1.200000 0.018000 0.930000 0.471510 
14.878831 900 1.200000 0.018000 0.930000 0.475230 
14.979326 900 1.200000 0.018000 0.930000 0.475230 
15.079820 900 1.200000 0.018000 0.930000 0.471510 
15.180334 900 1.200000 0.018000 0.930000 0.471510 
15.280836 900 1.200000 0.018000 0.930000 0.471510 
15.381340 900 1.200000 0.018000 0.930000 0.472440 
15.481839 900 1.200000 0.018000 0.930000 0.472440 
15.582346 900 1.200000 0.018000 0.930000 0.469650 
15.682844 900 1.200000 0.018000 0.930000 0.469650 
15.783344 900 1.200000 0.018000 0.930000 0.469650 
15.883890 900 1.200000 0.018000 0.930000 0.467790 
15.984389 900 1.200000 0.018000 0.930000 0.467790 
16.084888 900 1.200000 0.018000 0.930000 0.467790 
16.185401 900 1.200000 0.018000 0.930000 0.467790 
16.285908 900 1.200000 0.018000 0.930000 0.467790 
16.386493 900 1.200000 0.018000 0.930000 0.470580 
16.487009 900 1.200000 0.018000 0.930000 0.470580 
16.587522 900 1.200000 0.018000 0.930000 0.470580 
16.688026 900 1.200000 0.018000 0.930000 0.471510 
16.788530 900 1.200000 0.018000 0.930000 0.471510 
16.889085 900 1.200000 0.018000 0.930000 0.471510 
16.989584 900 1.200000 0.018000 0.930000 0.469650 
17.090083 900 1.200000 0.018000 0.930000 0.469650 
17.190592 900 1.200000 0.018000 0.930000 0.475230 
17.291093 900 1.200000 0.018000 0.930000 0.475230 
17.391611 900 1.200000 0.018000 0.930000 0.475230 
17.492239 900 1.200000 0.018000 0.930000 0.469650 
17.592801 900 1.200000 0.018000 0.930000 0.469650 
17.693304 900 1.200000 0.018000 0.930000 0.478950 
17.793842 900 1.200000 0.018000 0.930000 0.478950 
17.894342 900 1.200000 0.018000 0.930000 0.478950 
17.994861 900 1.200000 0.018000 0.930000 0.473370 
18.095368 900 1.200000 0.018000 0.930000 0.473370 
18.195883 900 1.200000 0.018000 0.930000 0.473370 
18.296470 900 1.200000 0.018000 0.930000 0.466860 
18.396994 900 1.200000 0.018000 0.930000 0.466860 
18.497494 900 1.200000 0.018000 0.930000 0.470580 
18.598002 900 1.200000 0.018000 0.930000 0.470580 
18.698510 900 1.200000 0.018000 0.930000 0.470580 
18.799071 900 1.200000 0.018000 0.930000 0.471510 
18.899578 900 1.200000 0.018000 0.930000 0.471510 
19.000101 900 1.200000 0.018000 0.930000 0.471510 
19.100615 900 1.200000 0.018000 0.930000 0.469650 
19.201126 900 1.200000 0.018000 0.930000 0.469650 
19.308715 900 1.200000 0.018000 0.930000 0.469650 
19.409298 900 1.200000 0.018000 0.930000 0.469650 
19.509919 900 1.200000 0.018000 0.930000 0.469650 
19.610433 900 1.200000 0.018000 0.930000 0.475230 
19.710937 900 1.200000 0.018000 0.930000 0.475230 
19.811481 900 1.200000 0.018000 0.930000 0.473370 
19.911988 900 1.200000 0.018000 0.930000 0.473370 
20.012516 900 1.200000 0.018000 0.930000 0.473370 
20.113024 900 1.200000 0.018000 0.930000 0.470580 
20.213527 900 1.200000 0.018000 0.930000 0.470580 
20.314070 900 1.200000 0.018000 0.930000 0.470580 
20.414595 900 1.200000 0.018000 0.930000 0.470580 
20.515116 900 1.200000 0.018000 0.930000 0.470580 
20.615617 900 1.200000 0.018000 0.930000 0.467790 
20.716132 900 1.200000 0.018000 0.930000 0.467790 
20.816638 900 1.200000 0.018000 0.930000 0.467790 
20.917137 900 1.200000 0.018000 0.930000 0.470580 
21.017641 900 1.200000 0.018000 0.930000 0.470580 
21.118139 900 1.200000 0.018000 0.930000 0.469650 
21.218636 900 1.200000 0.018000 0.930000 0.469650 
21.319136 900 1.200000 0.018000 0.930000 0.469650 
21.419646 900 1.200000 0.018000 0.930000 0.471510 
21.520147 900 1.200000 0.018000 0.930000 0.471510 
21.620655 900 1.200000 0.018000 0.930000 0.471510 
21.721166 900 1.200000 0.018000 0.930000 0.472440 
21.821704 900 1.200000 0.018000 0.930000 0.472440 
21.922507 900 1.200000 0.018000 0.930000 0.472440 
22.023304 900 1.200000 0.018000 0.930000 0.472440 
22.123997 900 1.200000 0.018000 0.930000 0.472440 
22.224631 900 1.200000 0.018000 0.931250 0.217854 
22.325277 900 1.200000 0.018000 0.931250 0.217854 
22.425925 900 1.200000 0.018000 0.931250 0.217854 
22.526561 900 1.200000 0.018000 0.932500 0.053124 
22.627244 900 1.200000 0.018000 0.932500 0.053124 
22.727940 900 1.200000 0.018000 0.933750 0.089568 
22.828637 900 1.200000 0.018000 0.933750 0.089568 
22.929318 900 1.200000 0.018000 0.933750 0.089568 
23.030015 900 1.200000 0.018000 0.932500 0.046600 
23.130706 900 1.200000 0.018000 0.932500 0.046600 
23.231348 900 1.200000 0.018000 0.932500 0.064308 
23.332129 900 1.200000 0.018000 0.932500 0.064308 
23.432903 900 1.200000 0.018000 0.932500 0.064308 
23.533694 900 1.200000 0.018000 0.933750 0.081171 
23.634474 900 1.200000 0.018000 0.933750 0.081171 
23.735254 900 1.200000 0.018000 0.933750 0.081171 
23.836031 900 1.200000 0.018000 0.932500 0.041940 
23.936808 900 1.200000 0.018000 0.932500 0.041940 
24.037596 900 1.200000 0.018000 0.933750 0.083970 
24.138382 900 1.200000 0.018000 0.933750 0.083970 
24.239204 900 1.200000 0.018000 0.933750 0.083970 
24.339990 900 1.200000 0.018000 0.932500 0.058716 
24.441076 900 1.200000 0.018000 0.932500 0.058716 
24.541845 900 1.200000 0.018000 0.932500 0.058716 
24.642857 900 1.200000 0.018000 0.932500 0.052192 
