0.000194 1500 1.200000 0.018000 1.126250 1.155276 
0.100641 1500 1.200000 0.018000 1.126250 1.153024 
0.201085 1500 1.200000 0.018000 1.126250 1.153024 
0.301439 1500 1.200000 0.018000 1.126250 1.153024 
0.401794 1500 1.200000 0.018000 1.126250 1.219458 
0.502133 1500 1.200000 0.018000 1.126250 1.219458 
0.602471 1500 1.200000 0.018000 1.126250 1.264498 
0.702809 1500 1.200000 0.018000 1.126250 1.264498 
0.803143 1500 1.200000 0.018000 1.126250 1.264498 
0.903477 1500 1.200000 0.018000 1.126250 1.259994 
1.003843 1500 1.200000 0.018000 1.126250 1.259994 
1.104284 1500 1.200000 0.018000 1.126250 1.259994 
1.204734 1500 1.200000 0.018000 1.127500 1.264494 
1.305086 1500 1.200000 0.018000 1.127500 1.264494 
1.405435 1500 1.200000 0.018000 1.126250 1.252112 
1.505783 1500 1.200000 0.018000 1.126250 1.252112 
1.606129 1500 1.200000 0.018000 1.126250 1.252112 
1.706473 1500 1.200000 0.018000 1.127500 1.269002 
1.806812 1500 1.200000 0.018000 1.127500 1.269002 
1.907153 1500 1.200000 0.018000 1.127500 1.263367 
2.007494 1500 1.200000 0.018000 1.127500 1.263367 
2.107839 1500 1.200000 0.018000 1.127500 1.263367 
2.208186 1500 1.200000 0.018000 1.127500 1.267875 
2.308530 1500 1.200000 0.018000 1.127500 1.267875 
2.408920 1500 1.200000 0.018000 1.127500 1.267875 
2.509265 1500 1.200000 0.018000 1.126250 1.265624 
2.609610 1500 1.200000 0.018000 1.126250 1.265624 
2.709961 1500 1.200000 0.018000 1.127500 1.269002 
2.810302 1500 1.200000 0.018000 1.127500 1.269002 
2.910645 1500 1.200000 0.018000 1.127500 1.269002 
3.010994 1500 1.200000 0.018000 1.127500 1.265621 
3.111439 1500 1.200000 0.018000 1.127500 1.265621 
3.211889 1500 1.200000 0.018000 1.127500 1.265621 
3.312240 1500 1.200000 0.018000 1.127500 1.257732 
3.412594 1500 1.200000 0.018000 1.127500 1.257732 
3.512937 1500 1.200000 0.018000 1.127500 1.264494 
3.613284 1500 1.200000 0.018000 1.127500 1.264494 
3.713624 1500 1.200000 0.018000 1.127500 1.264494 
3.814011 1500 1.200000 0.018000 1.127500 1.264494 
3.914351 1500 1.200000 0.018000 1.127500 1.264494 
4.014691 1500 1.200000 0.018000 1.127500 1.258859 
4.115047 1500 1.200000 0.018000 1.127500 1.258859 
4.215398 1500 1.200000 0.018000 1.127500 1.258859 
4.315738 1500 1.200000 0.018000 1.127500 1.265621 
4.416111 1500 1.200000 0.018000 1.127500 1.265621 
4.516455 1500 1.200000 0.018000 1.127500 1.265621 
4.616795 1500 1.200000 0.018000 1.127500 1.270129 
4.717134 1500 1.200000 0.018000 1.127500 1.270129 
4.817479 1500 1.200000 0.018000 1.127500 1.269002 
4.917820 1500 1.200000 0.018000 1.127500 1.269002 
5.018158 1500 1.200000 0.018000 1.127500 1.269002 
5.118500 1500 1.200000 0.018000 1.127500 1.270129 
5.218833 1500 1.200000 0.018000 1.127500 1.270129 
5.319173 1500 1.200000 0.018000 1.127500 1.270129 
5.419511 1500 1.200000 0.018000 1.127500 1.269002 
5.519848 1500 1.200000 0.018000 1.127500 1.269002 
5.620186 1500 1.200000 0.018000 1.127500 1.270129 
5.720525 1500 1.200000 0.018000 1.127500 1.270129 
5.820862 1500 1.200000 0.018000 1.127500 1.270129 
5.921202 1500 1.200000 0.018000 1.127500 1.262240 
6.021547 1500 1.200000 0.018000 1.127500 1.262240 
6.121896 1500 1.200000 0.018000 1.127500 1.262240 
6.222244 1500 1.200000 0.018000 1.127500 1.262240 
6.322590 1500 1.200000 0.018000 1.127500 1.262240 
6.422942 1500 1.200000 0.018000 1.126250 1.261120 
6.523281 1500 1.200000 0.018000 1.126250 1.261120 
6.623620 1500 1.200000 0.018000 1.126250 1.261120 
6.723986 1500 1.200000 0.018000 1.127500 1.270129 
6.824324 1500 1.200000 0.018000 1.127500 1.270129 
6.924660 1500 1.200000 0.018000 1.127500 1.267875 
7.024999 1500 1.200000 0.018000 1.127500 1.267875 
7.125336 1500 1.200000 0.018000 1.127500 1.267875 
7.225683 1500 1.200000 0.018000 1.127500 1.264494 
7.326025 1500 1.200000 0.018000 1.127500 1.264494 
7.426365 1500 1.200000 0.018000 1.127500 1.264494 
7.526704 1500 1.200000 0.018000 1.127500 1.270129 
7.627044 1500 1.200000 0.018000 1.127500 1.270129 
7.727385 1500 1.200000 0.018000 1.126250 1.267876 
7.827723 1500 1.200000 0.018000 1.126250 1.267876 
7.928061 1500 1.200000 0.018000 1.126250 1.267876 
8.028399 1500 1.200000 0.018000 1.127500 1.267875 
8.128801 1500 1.200000 0.018000 1.127500 1.267875 
8.229174 1500 1.200000 0.018000 1.127500 1.267875 
8.329510 1500 1.200000 0.018000 1.127500 1.259986 
8.429848 1500 1.200000 0.018000 1.127500 1.259986 
8.530186 1500 1.200000 0.018000 1.127500 1.270129 
8.630523 1500 1.200000 0.018000 1.127500 1.270129 
8.730858 1500 1.200000 0.018000 1.127500 1.270129 
8.831205 1500 1.200000 0.018000 1.127500 1.267875 
8.931542 1500 1.200000 0.018000 1.127500 1.267875 
9.031882 1500 1.200000 0.018000 1.127500 1.270129 
9.132229 1500 1.200000 0.018000 1.127500 1.270129 
9.232686 1500 1.200000 0.018000 1.127500 1.270129 
9.333036 1500 1.200000 0.018000 1.127500 1.273510 
9.433378 1500 1.200000 0.018000 1.127500 1.273510 
9.533715 1500 1.200000 0.018000 1.127500 1.273510 
9.634122 1500 1.200000 0.018000 1.127500 1.263367 
9.734460 1500 1.200000 0.018000 1.127500 1.263367 
9.834816 1500 1.200000 0.018000 1.127500 1.264494 
9.935162 1500 1.200000 0.018000 1.127500 1.264494 
10.035505 1500 1.200000 0.018000 1.127500 1.264494 
10.135846 1500 1.200000 0.018000 1.127500 1.266748 
10.236206 1500 1.200000 0.018000 1.127500 1.266748 
10.336554 1500 1.200000 0.018000 1.127500 1.266748 
10.436897 1500 1.200000 0.018000 1.127500 1.264494 
10.537235 1500 1.200000 0.018000 1.127500 1.264494 
10.637572 1500 1.200000 0.018000 1.126250 1.265624 
10.737911 1500 1.200000 0.018000 1.126250 1.265624 
10.838258 1500 1.200000 0.018000 1.126250 1.265624 
10.938610 1500 1.200000 0.018000 1.127500 1.266748 
11.038980 1500 1.200000 0.018000 1.127500 1.266748 
11.139329 1500 1.200000 0.018000 1.127500 1.263367 
11.239789 1500 1.200000 0.018000 1.127500 1.263367 
11.340180 1500 1.200000 0.018000 1.127500 1.263367 
11.440544 1500 1.200000 0.018000 1.127500 1.264494 
11.540890 1500 1.200000 0.018000 1.127500 1.264494 
11.641232 1500 1.200000 0.018000 1.127500 1.264494 
11.741602 1500 1.200000 0.018000 1.127500 1.265621 
11.841943 1500 1.200000 0.018000 1.127500 1.265621 
11.942290 1500 1.200000 0.018000 1.127500 1.266748 
12.042633 1500 1.200000 0.018000 1.127500 1.266748 
12.142973 1500 1.200000 0.018000 1.127500 1.266748 
12.243329 1500 1.200000 0.018000 1.127500 1.267875 
12.343673 1500 1.200000 0.018000 1.127500 1.267875 
12.444047 1500 1.200000 0.018000 1.127500 1.267875 
12.544395 1500 1.200000 0.018000 1.127500 1.263367 
12.644823 1500 1.200000 0.018000 1.127500 1.263367 
12.745432 1500 1.200000 0.018000 1.128750 0.889992 
12.846039 1500 1.200000 0.018000 1.128750 0.889992 
12.946647 1500 1.200000 0.018000 1.128750 0.889992 
13.047252 1500 1.200000 0.018000 1.132500 0.086032 
13.147857 1500 1.200000 0.018000 1.132500 0.086032 
13.248356 1500 1.200000 0.018000 1.133750 0.157487 
13.348967 1500 1.200000 0.018000 1.133750 0.157487 
13.449431 1500 1.200000 0.018000 1.133750 0.157487 
13.549891 1500 1.200000 0.018000 1.132500 0.098484 
13.650389 1500 1.200000 0.018000 1.132500 0.098484 
13.750891 1500 1.200000 0.018000 1.132500 0.098484 
13.851386 1500 1.200000 0.018000 1.133750 0.121231 
13.951880 1500 1.200000 0.018000 1.133750 0.121231 
14.052377 1500 1.200000 0.018000 1.133750 0.121231 
14.152876 1500 1.200000 0.018000 1.133750 0.121231 
14.253375 1500 1.200000 0.018000 1.133750 0.121231 
