33 340 123 103 277 437 44 486 116 336 62 103 494 477 7 255 53 205 142 266 438 260 427 99 476 107 58 107 202 117 192 260 375 379 352 181 322 448 5 450 430 307 315 206 499 457 127 305 70 500 406 15 193 163 86 100 1 207 160 459 185 475 165 329 253 475 66 304 475 491 24 108 106 314 370 494 53 254 261 264 353 482 17 296 435 425 243 180 416 147 102 428 444 99 2 21 209 427 103 298 
303 169 462 413 283 495 383 458 11 4 259 343 440 494 38 385 483 224 309 331 14 71 455 226 178 357 16 23 451 206 496 77 380 446 282 121 444 211 76 386 9 14 435 422 415 163 27 37 189 481 97 240 220 303 350 246 29 291 9 489 442 155 291 49 164 12 467 420 13 125 244 308 115 139 59 63 62 176 203 209 132 9 48 187 33 482 435 397 408 133 341 467 101 84 117 443 232 150 222 481 
462 150 477 406 75 10 127 113 364 93 352 367 10 460 482 210 165 281 376 121 233 40 15 392 376 74 420 240 445 80 113 330 250 81 95 78 273 401 306 483 273 488 13 246 441 208 349 249 248 158 112 244 285 473 72 298 421 36 337 39 71 15 364 24 81 493 347 253 313 124 114 452 256 216 187 102 256 68 36 432 335 333 49 403 304 325 473 112 217 216 470 305 253 452 264 159 387 455 450 115 
199 134 84 78 344 368 29 494 65 211 250 423 395 389 388 65 325 315 496 226 25 360 86 333 241 166 479 70 362 182 223 281 101 165 426 485 499 199 156 462 166 158 232 128 403 36 118 169 309 297 389 297 370 236 401 329 379 273 186 451 348 278 331 361 222 224 421 396 103 114 222 472 408 437 26 195 88 376 369 154 356 406 116 235 337 356 52 214 451 353 88 424 203 28 135 491 170 131 388 97 
297 375 479 475 274 386 290 151 419 307 458 107 15 350 431 302 215 187 402 103 498 31 33 392 87 6 404 85 30 54 49 403 497 291 134 342 423 81 344 188 145 283 491 389 367 287 136 189 159 192 497 228 463 268 87 206 23 155 241 119 286 11 418 195 499 49 26 485 310 149 167 256 331 367 304 249 457 413 382 58 187 216 425 212 266 255 165 303 336 425 383 253 377 401 425 269 160 350 105 274 
8 439 341 407 129 387 298 134 21 221 469 329 290 70 156 15 311 187 395 329 229 237 319 70 121 60 88 75 355 132 12 371 387 437 56 455 339 416 121 143 415 169 175 187 86 153 254 492 404 38 362 294 161 355 141 83 451 442 226 225 198 65 266 413 199 321 479 335 218 427 205 88 426 154 137 60 222 444 368 334 348 300 39 142 5 268 10 76 427 16 427 12 271 14 58 259 228 429 158 119 
149 14 353 104 75 4 463 26 369 307 337 499 464 76 304 304 202 245 154 449 24 332 22 295 179 352 499 20 468 174 206 379 305 333 191 476 287 267 430 412 383 75 14 203 475 493 367 166 43 20 7 162 128 202 381 380 230 17 484 359 453 171 343 193 261 20 472 188 247 205 222 20 372 433 478 405 38 18 466 45 480 354 211 297 246 162 251 9 441 204 279 283 374 239 454 383 0 197 193 248 
196 345 447 499 150 287 252 412 339 335 22 147 27 96 277 216 141 21 3 495 7 155 49 430 362 447 380 60 274 77 240 53 284 116 180 131 29 183 95 296 90 373 281 443 345 112 307 136 437 465 180 96 357 415 27 49 201 482 428 354 375 136 107 4 148 3 222 325 393 467 268 251 380 141 167 317 368 432 59 390 449 467 213 349 248 325 371 123 279 219 456 412 221 24 357 228 100 375 327 272 
303 40 73 410 351 5 235 470 207 48 241 439 89 9 154 330 164 122 361 500 291 220 257 31 13 461 183 398 492 433 290 420 161 135 352 123 291 132 144 330 131 217 206 14 104 468 249 335 246 243 12 44 442 378 362 222 194 101 141 5 270 222 99 384 256 253 16 44 19 132 39 382 160 17 451 233 190 450 32 399 8 247 397 362 419 175 447 231 235 275 431 460 195 411 488 5 227 159 80 125 
359 226 488 44 461 306 58 208 269 321 374 332 347 28 110 248 429 388 405 491 170 406 308 173 482 270 229 437 14 338 93 465 31 459 342 196 294 483 55 113 151 444 109 59 214 83 434 385 415 288 258 379 358 185 431 301 199 371 62 53 346 1 31 427 358 207 96 312 422 469 489 108 77 238 36 210 285 435 320 139 374 257 346 12 295 287 332 193 485 213 359 296 499 29 16 457 400 399 130 186 
154 91 377 50 259 162 112 112 318 79 42 250 310 137 221 447 146 45 401 65 143 403 410 392 213 239 41 220 357 300 467 354 267 165 172 104 178 142 500 200 498 75 473 101 119 295 444 309 97 95 253 88 209 345 292 181 438 358 362 155 229 457 489 168 14 377 1 382 452 64 255 346 360 230 160 462 251 457 486 396 470 45 297 39 53 117 354 385 185 77 20 400 425 6 322 157 17 175 237 303 
67 85 447 448 499 282 346 319 205 473 209 196 41 258 77 454 38 75 279 337 458 383 352 207 257 339 325 262 328 250 312 106 496 162 375 70 21 90 495 136 57 386 95 256 372 202 224 411 470 83 421 174 7 187 169 63 269 488 428 166 499 9 384 468 494 142 205 338 435 66 233 122 352 241 498 224 224 164 479 310 151 403 462 406 158 186 244 310 341 481 217 202 202 494 362 279 109 379 53 308 
260 238 110 168 365 364 211 20 3 310 284 85 404 152 94 234 177 54 337 82 241 489 140 93 309 83 338 385 69 107 26 86 270 204 374 19 290 143 205 149 285 70 262 276 141 136 391 304 218 117 481 422 266 411 96 238 338 329 476 224 50 302 39 275 489 113 176 253 297 137 398 209 393 271 469 169 12 47 179 494 449 116 498 127 341 87 38 191 224 416 39 103 177 298 193 303 281 43 88 435 
202 395 388 202 157 63 255 133 156 307 459 426 381 436 342 489 326 238 54 96 408 415 335 406 276 313 175 469 402 257 214 116 234 361 70 411 494 176 452 444 157 316 154 315 471 265 263 474 63 193 341 355 238 62 306 115 306 201 97 311 466 71 122 217 398 385 261 110 92 459 435 459 255 294 458 340 384 407 349 85 473 423 60 273 35 127 403 31 148 474 339 20 132 381 336 388 31 372 483 454 
92 156 41 426 298 241 467 160 23 471 122 358 166 425 273 470 73 366 264 485 126 141 384 116 315 337 219 58 351 333 459 81 167 337 115 267 175 101 321 406 473 415 51 386 15 347 111 132 226 179 207 355 4 59 493 333 471 449 206 96 166 247 17 416 3 317 249 298 130 360 373 46 434 70 373 444 138 384 404 235 39 314 270 223 64 494 97 364 497 261 82 427 87 93 211 5 75 334 404 115 
450 316 102 428 325 35 204 491 44 303 379 309 446 191 136 143 99 306 169 344 427 109 33 131 140 400 140 460 317 198 253 283 276 472 252 407 52 207 43 141 378 419 37 489 305 31 250 261 473 403 214 346 107 13 178 39 173 211 176 287 114 239 329 44 444 364 306 1 155 130 291 252 86 134 305 190 419 450 190 60 11 370 1 227 269 487 215 263 393 8 361 332 398 256 6 454 49 178 292 467 
20 484 312 168 452 362 210 426 358 427 330 334 497 178 164 379 273 73 315 78 45 132 264 4 223 158 85 385 336 458 233 411 160 56 145 118 210 149 281 20 38 101 358 402 109 199 62 52 399 416 168 127 447 345 464 354 237 274 172 360 152 443 238 410 74 52 241 448 238 243 360 25 278 219 227 32 79 317 307 115 104 379 64 273 197 394 30 85 300 155 482 156 415 45 50 204 498 116 305 278 
495 405 46 451 16 122 454 490 411 245 407 210 24 3 175 452 249 212 90 193 19 460 298 60 201 151 406 442 346 94 188 356 121 272 96 289 448 422 297 494 496 468 490 118 292 306 140 439 320 463 436 434 304 166 60 199 120 189 299 409 207 404 94 55 130 114 154 169 263 188 133 108 66 276 111 61 33 294 64 164 301 240 359 427 139 11 38 491 184 424 189 107 362 452 400 216 347 190 473 300 
297 469 419 411 94 185 155 364 363 487 139 99 190 194 342 5 136 7 451 413 349 53 388 225 139 271 70 158 203 199 352 162 11 108 154 102 141 68 172 22 206 172 457 165 429 408 343 406 15 333 203 52 83 110 441 61 444 34 383 259 163 477 115 298 478 11 2 194 252 240 492 150 423 23 150 345 148 232 351 112 308 285 294 68 434 20 483 322 498 330 227 69 159 177 44 116 333 487 395 221 
419 220 110 200 293 87 29 394 338 83 30 382 341 212 404 472 35 273 219 485 112 318 35 368 274 322 199 73 284 281 325 450 339 164 384 451 237 373 412 238 360 338 442 169 432 168 448 79 482 386 105 314 91 216 257 262 127 438 436 367 7 79 82 211 467 201 463 46 261 189 189 451 166 206 202 323 80 415 109 286 413 183 182 47 438 199 221 214 52 378 326 486 127 318 110 57 268 17 323 266 
346 285 348 415 413 166 172 186 1 191 167 259 418 184 464 241 244 439 443 491 408 352 243 143 330 267 459 127 376 407 197 241 258 253 383 403 25 93 372 126 280 297 5 448 463 443 443 101 331 189 419 163 327 74 432 1 303 283 321 450 268 112 114 26 423 348 291 333 229 174 494 228 288 95 75 441 56 457 298 423 145 360 8 261 492 126 42 124 258 314 245 434 386 139 378 380 201 408 128 175 
478 190 406 347 158 280 337 472 292 41 424 174 479 344 451 312 408 271 425 451 358 13 94 320 197 9 235 279 139 127 199 11 108 55 285 90 210 225 15 330 404 143 15 439 196 291 223 169 475 355 448 21 414 319 445 463 333 14 357 27 450 260 12 99 489 30 338 340 475 11 483 8 71 384 311 374 275 250 127 6 168 400 24 124 5 51 194 153 91 352 78 211 380 430 275 63 116 482 33 337 
102 155 292 148 401 494 144 467 86 210 243 345 269 307 34 484 257 45 244 94 199 31 264 378 282 113 347 23 35 500 267 251 39 320 425 228 411 234 402 140 361 216 424 107 313 404 54 291 349 467 392 227 214 159 453 400 254 62 13 342 367 293 432 112 470 110 52 167 399 394 217 297 459 469 59 35 499 262 490 450 315 476 169 279 60 145 197 217 249 98 462 145 44 111 202 288 116 198 190 56 
354 42 473 450 442 456 74 267 239 133 316 40 214 208 219 425 210 271 332 431 477 185 44 154 389 153 161 333 138 446 105 80 51 332 383 106 383 435 474 259 267 131 456 314 337 427 106 484 321 250 186 109 420 449 194 328 24 463 434 293 104 105 173 23 491 410 292 406 451 44 83 452 235 395 234 42 431 42 93 479 281 327 324 313 254 17 144 417 305 155 405 398 203 354 118 100 170 383 479 150 
498 204 257 478 103 296 88 21 82 355 243 154 301 224 152 50 419 440 200 363 277 83 197 437 355 93 159 378 172 127 293 299 108 393 6 70 136 252 366 449 163 162 182 59 63 272 276 150 1 353 428 243 458 106 188 436 429 171 475 80 357 19 188 11 288 104 322 386 100 2 464 478 379 221 110 17 116 152 189 326 310 213 136 113 91 445 49 365 271 482 262 99 46 39 83 478 442 496 275 259 
396 412 430 324 90 343 376 221 150 201 406 60 215 336 86 281 135 263 405 226 419 109 403 109 260 33 352 358 458 385 187 305 375 491 201 231 408 31 437 477 98 26 319 346 131 21 300 33 290 355 472 96 323 114 18 466 463 154 111 214 67 303 322 272 311 487 370 21 26 114 20 311 103 145 17 233 299 184 155 407 236 484 483 470 209 262 48 301 404 327 2 407 18 334 246 385 493 439 312 152 
38 209 469 394 270 361 24 399 359 352 357 272 174 413 25 310 424 293 363 267 411 274 334 180 414 297 106 466 288 177 181 483 62 130 65 192 295 366 407 371 341 35 193 374 18 407 322 264 86 469 196 442 134 264 333 457 388 248 294 76 97 285 129 390 364 60 62 175 290 465 195 354 409 29 101 195 93 395 440 367 26 86 38 342 467 383 187 346 115 495 39 39 363 428 197 79 191 406 5 143 
325 96 377 444 87 156 401 171 293 269 393 349 103 214 75 231 403 188 31 221 396 10 260 422 113 233 224 398 84 490 398 442 360 169 394 40 4 360 432 342 167 89 156 300 215 55 457 389 233 380 2 105 341 300 89 63 128 446 353 411 458 74 243 147 253 157 302 257 179 15 275 484 68 394 13 264 446 224 240 335 332 103 9 125 415 120 49 316 455 161 414 243 322 448 251 166 104 15 46 221 
56 143 205 458 240 407 171 201 11 286 330 234 497 311 343 344 467 151 79 37 317 423 427 362 471 443 424 179 97 490 104 342 17 279 88 337 78 314 70 242 145 78 180 238 38 257 432 460 93 280 377 48 31 159 302 223 228 347 409 348 109 412 396 497 484 359 118 389 328 139 112 305 60 394 418 388 301 445 333 85 63 420 471 413 236 269 375 293 337 33 209 87 394 340 125 184 242 40 476 465 
226 432 320 422 81 40 161 214 243 32 429 147 151 182 422 185 109 12 378 350 135 475 11 176 353 175 292 343 38 32 290 394 388 63 332 95 41 366 434 419 397 56 157 358 233 39 308 149 319 181 422 82 375 20 498 114 108 226 442 2 209 136 318 10 445 92 320 66 247 242 349 477 127 479 424 88 284 473 256 215 464 218 267 242 3 44 262 80 196 394 281 116 228 66 392 248 419 31 377 200 
185 422 252 429 156 31 81 258 336 491 238 294 368 213 280 249 466 71 374 324 28 386 26 270 490 452 297 334 34 378 447 352 89 174 291 476 352 22 7 185 218 237 301 121 162 338 408 190 8 244 355 346 435 149 253 193 395 94 486 285 382 83 441 467 495 326 288 121 35 28 373 386 371 475 85 431 116 158 140 273 199 471 230 418 335 37 192 1 334 420 391 243 209 436 233 479 390 324 275 302 
36 291 0 230 49 153 416 75 103 177 105 445 134 286 491 142 283 45 70 410 281 383 45 315 212 266 247 321 421 232 178 248 190 415 125 309 120 276 491 179 78 39 311 77 32 23 43 379 181 393 228 475 33 379 309 244 342 251 367 233 437 26 183 248 319 348 98 63 279 419 326 404 52 272 90 61 326 213 470 481 265 288 401 102 292 137 242 269 111 160 458 339 126 133 162 245 137 348 484 8 
401 261 439 128 259 403 298 63 178 272 3 465 7 254 225 195 475 127 271 217 118 55 257 374 206 206 403 189 351 184 201 436 157 499 137 151 152 430 233 405 373 330 56 264 369 177 223 429 278 333 336 223 8 448 165 29 491 96 129 437 14 101 429 341 197 92 254 73 118 401 41 352 25 247 68 379 481 2 207 451 320 245 422 316 288 394 72 26 180 24 329 28 49 288 428 483 87 48 61 94 
97 299 279 157 418 147 254 414 234 157 86 496 60 119 320 294 213 72 195 149 155 48 351 250 111 155 485 192 498 193 197 449 184 468 293 243 254 169 467 343 495 276 166 165 392 348 94 469 162 200 39 232 303 25 1 457 453 56 460 293 12 196 0 263 323 180 278 464 172 290 188 239 432 166 111 219 189 44 222 312 354 184 326 447 392 380 163 85 325 427 408 170 78 350 112 301 10 167 130 251 
127 395 93 65 130 242 155 282 13 12 315 349 130 361 95 245 279 494 462 141 305 47 298 353 127 444 218 121 149 471 424 484 370 22 329 455 412 318 81 203 361 197 306 97 134 430 47 58 147 119 125 219 497 481 460 148 206 18 284 289 196 110 264 309 203 87 160 341 17 86 351 200 272 462 381 434 437 100 102 419 336 443 287 19 169 188 267 500 488 258 43 94 156 311 67 424 29 171 331 178 
116 469 66 311 500 1 490 157 426 475 475 341 184 414 124 10 59 436 376 19 424 82 54 447 76 183 204 385 261 350 478 423 484 36 335 140 321 227 363 473 144 211 307 44 419 473 9 358 336 238 464 423 10 218 211 472 79 379 149 447 99 106 303 273 41 325 88 427 413 169 308 31 453 150 444 489 156 69 214 131 28 445 141 326 206 28 131 498 400 431 223 73 209 251 434 461 165 336 290 134 
221 345 253 213 484 301 143 177 263 268 115 210 444 372 419 417 161 274 449 441 131 92 424 459 238 61 332 0 404 210 41 158 439 277 206 61 226 64 469 456 176 13 31 180 367 397 307 323 73 47 256 174 285 68 111 463 472 142 151 172 376 147 156 92 111 459 197 295 384 413 270 59 278 107 39 45 146 89 365 102 476 407 361 280 251 124 276 416 160 287 123 41 86 54 15 11 205 125 222 174 
341 92 4 74 428 193 445 3 302 447 274 148 69 239 8 353 303 47 54 15 450 323 37 87 191 12 165 343 365 479 331 233 415 492 29 468 430 490 170 255 499 338 87 462 76 241 177 298 80 107 283 143 386 479 413 125 277 366 60 440 82 373 233 272 228 342 396 273 128 284 61 1 300 290 84 258 193 291 348 222 346 1 315 262 146 31 83 286 190 252 44 116 285 69 328 368 231 445 97 354 
387 217 109 215 419 200 430 388 416 67 458 198 68 325 489 248 433 29 371 60 30 441 350 413 480 6 201 267 30 115 61 29 364 119 131 376 238 458 433 100 246 219 122 111 356 458 360 268 472 31 209 395 173 390 30 228 375 412 262 307 247 163 262 9 466 216 472 470 211 118 233 463 178 373 293 30 162 396 464 96 217 126 270 17 449 477 8 99 326 113 386 266 131 488 318 25 131 305 185 102 
141 478 47 357 348 325 233 317 170 494 122 256 170 342 322 374 24 63 121 422 73 327 130 161 112 99 316 219 278 166 368 49 44 401 39 422 21 103 392 240 58 219 237 368 95 74 416 453 440 485 233 384 309 500 359 107 48 33 124 357 460 367 143 452 44 469 113 351 231 24 22 333 465 302 463 350 42 247 239 228 330 94 258 397 275 371 342 5 30 85 427 446 159 202 92 322 473 427 294 149 
117 291 172 98 104 61 220 459 95 33 495 202 109 251 277 454 61 355 263 30 356 406 372 462 106 286 225 313 85 105 352 259 344 101 478 78 88 80 320 408 406 277 330 107 448 259 257 293 457 414 189 54 436 251 340 78 427 267 299 349 486 412 20 398 475 10 14 103 162 43 378 354 395 84 34 303 408 40 312 385 375 301 274 264 323 119 19 58 67 135 199 393 185 372 195 310 329 166 484 417 
190 473 27 258 348 31 278 393 433 254 493 95 382 202 363 390 4 270 49 145 89 270 440 273 247 23 399 411 466 304 288 112 484 145 308 36 250 398 60 198 215 466 197 59 32 409 498 226 95 462 117 259 59 164 303 437 106 339 303 137 372 115 264 194 438 435 293 462 241 84 85 484 118 275 34 318 365 173 96 341 242 47 286 178 37 215 107 493 496 221 165 109 69 15 75 99 114 174 166 405 
47 452 445 348 311 337 182 293 347 497 347 200 29 134 117 492 211 274 404 99 177 492 34 283 471 441 342 419 414 477 274 455 75 149 96 44 364 396 57 355 372 142 310 181 476 184 312 216 123 431 336 332 479 439 278 389 352 443 345 320 323 428 401 307 272 422 387 213 412 269 459 322 136 437 123 154 272 23 484 284 285 256 405 267 129 155 54 264 378 39 488 4 485 424 188 114 387 173 5 242 
326 4 390 111 404 414 153 251 129 118 234 471 373 291 263 23 151 278 428 140 279 466 408 139 33 210 286 493 309 484 468 408 283 245 317 365 496 336 95 283 292 41 380 338 483 263 469 408 305 474 391 333 335 30 380 309 455 278 305 471 83 267 242 296 33 400 444 313 52 349 269 123 401 69 90 176 249 370 106 402 228 463 142 327 218 216 224 270 140 456 88 92 228 196 327 396 364 289 65 415 
111 457 275 288 85 434 442 267 408 130 373 270 154 210 442 89 354 475 245 23 380 102 372 176 279 193 287 147 363 357 281 262 329 66 144 460 349 270 469 378 37 470 374 365 71 383 111 182 217 483 318 11 35 90 388 67 16 405 239 425 495 398 171 450 194 345 91 371 334 271 409 135 460 205 486 232 129 49 218 357 392 482 199 206 412 150 489 278 386 248 195 410 147 162 350 453 493 382 341 158 
75 351 157 491 317 89 496 237 64 251 341 321 238 302 60 194 431 479 389 349 443 343 265 141 335 311 278 77 102 147 105 288 73 81 30 227 125 409 290 335 77 64 379 258 456 228 161 476 328 154 238 436 81 61 84 499 366 50 227 414 366 39 477 161 182 339 140 451 293 383 296 492 133 128 116 262 25 395 100 304 484 239 413 145 215 35 315 59 311 121 370 268 306 228 193 39 48 500 231 489 
450 491 379 110 427 475 476 283 74 484 35 327 110 39 51 135 450 327 165 29 433 423 415 439 355 487 17 441 143 280 324 45 345 454 384 383 361 375 482 121 158 133 456 357 300 32 465 96 381 216 430 489 54 134 6 227 464 306 470 73 377 76 489 294 482 191 447 418 0 7 479 150 138 289 267 289 376 472 117 274 66 332 176 297 284 350 254 12 401 83 382 183 468 343 386 388 340 394 402 12 
470 407 265 231 154 272 223 26 487 272 151 26 498 228 360 111 409 368 58 238 94 177 398 183 302 8 416 180 20 187 287 300 427 457 304 401 207 298 119 159 464 261 224 487 64 10 13 379 160 314 91 46 255 249 398 18 407 166 6 255 70 360 348 227 55 311 265 459 367 407 409 225 307 78 173 334 117 241 429 434 261 90 365 265 416 43 5 333 294 124 302 484 306 274 269 427 261 204 321 352 
194 471 144 138 272 1 200 242 136 31 346 51 342 470 58 243 191 320 168 120 136 426 53 348 258 17 485 459 144 265 81 63 172 476 443 112 377 436 234 247 434 222 224 455 222 35 262 453 221 412 205 371 357 216 402 322 201 362 134 208 110 407 41 393 330 10 265 440 422 399 363 100 114 97 363 68 395 485 135 411 10 49 41 112 343 472 36 210 40 290 369 12 297 240 117 156 126 464 216 82 
116 411 94 34 99 64 382 87 150 420 463 31 214 129 304 357 449 363 471 310 155 264 321 145 61 144 83 79 270 287 272 268 100 246 416 410 356 378 295 405 435 125 476 243 356 64 231 225 27 105 117 485 201 383 434 180 69 104 123 293 375 182 395 227 367 360 469 15 483 56 173 303 478 244 296 140 426 16 141 433 303 40 51 252 253 301 289 449 184 332 48 4 461 322 436 366 36 234 140 442 
474 290 235 362 122 354 276 55 475 423 101 251 393 301 379 463 329 101 313 124 145 420 370 469 119 131 272 468 151 61 198 276 54 181 180 71 75 457 407 134 478 352 295 479 306 206 416 333 307 164 372 163 53 281 104 427 156 224 477 96 356 374 11 497 198 235 7 162 239 37 19 174 52 464 126 8 232 376 143 95 307 384 316 267 359 446 44 75 383 206 100 157 105 253 107 56 131 195 497 396 
196 324 361 450 444 162 423 140 305 326 338 45 68 278 34 231 169 412 388 420 185 209 320 455 93 285 179 1 447 347 14 460 305 124 225 56 332 468 19 432 172 408 353 92 70 14 449 307 334 370 78 164 222 298 448 451 76 297 94 314 291 485 126 404 32 198 458 377 383 206 350 97 88 166 412 163 311 180 270 2 89 11 382 18 484 448 90 331 311 273 265 131 185 107 226 265 60 123 20 322 
445 326 271 69 96 172 137 155 219 205 187 154 424 23 189 102 152 459 100 438 297 322 428 311 451 454 10 219 202 246 429 473 109 126 359 360 20 483 164 359 51 467 408 353 218 313 180 284 375 484 73 13 446 438 68 82 36 481 314 431 134 177 424 488 380 474 202 396 438 150 164 486 249 7 150 35 98 305 399 480 443 119 300 388 463 497 310 321 280 257 453 491 273 323 377 308 275 3 8 420 
445 15 422 465 241 349 199 219 354 447 74 102 338 375 249 106 176 227 437 422 160 485 223 49 5 458 402 130 381 248 338 328 361 388 174 309 205 352 234 472 6 93 272 482 361 260 89 144 217 416 231 416 85 185 54 423 334 57 143 383 195 81 456 305 309 321 371 218 422 360 285 109 103 71 392 123 94 261 417 93 130 208 359 265 124 33 445 439 8 230 397 190 371 87 96 192 315 486 242 157 
248 270 371 456 93 428 131 395 218 426 32 113 390 196 438 40 421 6 244 295 220 97 227 431 271 441 479 32 386 312 350 238 303 330 375 108 114 242 88 249 132 153 305 406 327 332 458 311 481 176 109 439 253 270 419 228 300 167 286 240 118 109 310 183 271 351 347 224 263 438 137 462 40 81 375 2 235 130 324 73 236 110 411 430 456 148 354 430 17 229 4 200 308 339 395 379 357 52 15 412 
1 50 443 174 298 486 223 340 301 58 15 253 227 353 1 8 242 474 370 227 190 480 443 199 280 178 89 383 268 273 216 167 106 307 84 489 142 52 19 104 224 5 176 376 321 151 299 387 273 32 106 413 468 427 306 67 6 241 197 465 429 207 453 90 387 416 185 228 291 383 485 434 442 100 165 159 51 493 142 434 116 200 96 458 26 352 55 200 352 208 340 257 337 193 279 20 225 250 440 362 
326 488 274 44 452 307 332 489 41 1 400 421 9 439 428 86 204 71 308 385 251 28 115 193 247 65 300 476 124 64 468 64 240 489 417 208 460 52 261 92 20 358 414 319 152 386 405 184 74 464 243 12 458 427 369 347 174 221 278 95 234 369 20 317 150 466 403 242 445 69 151 382 359 145 297 315 239 295 396 27 83 376 94 29 177 176 361 247 256 299 315 471 289 442 128 357 228 42 163 403 
77 24 419 440 10 46 280 317 311 231 190 446 331 374 347 233 352 188 93 487 442 458 58 225 256 97 359 111 162 89 458 266 102 236 268 432 433 434 434 439 186 488 200 241 41 414 346 288 127 209 268 38 92 256 80 104 119 20 434 27 379 304 481 78 59 452 292 115 295 46 409 444 489 411 121 452 131 253 191 22 234 10 425 366 331 107 179 276 90 359 298 492 283 170 437 60 373 222 435 314 
303 93 125 258 76 96 339 432 361 8 363 134 114 392 301 216 140 67 136 49 414 425 83 11 268 315 497 207 468 440 203 240 323 60 468 164 415 274 480 445 265 310 309 350 302 420 125 122 449 449 498 8 180 361 147 263 327 392 354 474 386 86 197 332 278 439 273 400 311 164 109 181 446 235 263 9 28 203 412 25 242 23 322 209 301 12 33 106 221 411 197 88 196 471 448 119 74 42 336 112 
4 352 211 487 302 74 22 268 395 129 264 136 231 440 259 108 432 430 236 174 325 263 218 344 154 237 66 459 429 114 255 302 284 402 391 154 35 391 100 460 302 348 300 432 47 365 436 103 338 200 469 83 131 461 190 224 51 155 170 451 224 235 285 78 106 221 106 78 461 416 182 318 29 474 86 422 223 440 95 121 490 209 269 409 495 225 275 353 82 287 227 214 401 183 404 460 296 33 441 137 
294 31 389 485 43 148 144 397 441 405 173 225 57 386 227 55 78 391 362 298 66 170 18 57 65 34 132 421 130 116 78 458 200 99 439 161 233 35 108 332 391 125 9 354 121 116 429 375 57 72 420 6 258 145 371 66 467 159 498 299 404 219 344 102 497 63 276 414 136 237 327 82 107 73 443 110 103 93 377 397 317 435 306 328 205 477 400 90 192 188 170 398 344 365 53 310 474 358 126 411 
231 267 305 26 62 8 470 12 286 414 23 92 302 66 299 13 70 29 240 80 288 155 153 275 482 429 322 479 136 329 144 321 374 467 365 85 188 491 430 468 138 46 246 325 103 110 344 67 193 353 148 487 384 42 477 261 27 406 292 88 383 4 174 192 312 104 443 499 373 193 340 475 90 106 474 32 313 311 499 419 282 120 383 342 134 4 388 429 79 67 137 481 185 486 8 68 351 427 202 260 
395 438 252 471 438 54 191 49 176 116 359 137 155 444 30 311 14 132 121 105 163 190 16 310 47 63 387 126 203 322 30 329 397 343 129 145 315 120 488 305 424 326 332 331 161 336 165 245 354 334 195 492 396 402 62 434 97 357 151 438 165 425 140 400 230 92 497 130 69 157 161 281 312 167 449 136 197 321 471 379 472 495 309 347 210 199 93 45 203 332 321 10 82 113 173 253 24 449 92 37 
101 205 124 415 75 208 335 378 462 394 342 350 42 493 184 477 458 236 227 100 170 368 296 212 205 57 342 244 374 293 26 81 243 106 256 338 461 368 85 453 138 492 351 199 145 58 92 192 231 58 492 235 109 141 126 79 495 452 405 321 440 452 476 473 362 210 143 200 407 188 47 255 471 358 443 117 17 106 14 283 251 133 311 46 109 436 48 90 18 4 433 494 462 56 113 473 485 365 449 44 
448 158 108 406 44 227 319 448 250 62 54 347 2 359 16 394 231 404 210 357 194 84 197 433 194 164 289 467 105 439 433 47 125 131 7 84 379 28 19 170 74 31 179 129 331 398 229 164 473 17 104 102 422 431 349 490 331 385 44 391 293 464 135 233 326 288 498 281 471 91 231 457 379 333 139 413 70 381 355 231 482 439 348 356 74 448 436 285 422 455 326 30 151 328 38 77 80 234 145 241 
287 448 47 14 79 225 337 407 198 251 361 150 463 20 220 342 409 290 162 115 235 99 188 316 164 327 391 101 302 72 152 54 333 214 405 305 20 141 426 44 303 45 61 32 185 271 273 232 166 138 190 110 469 484 320 79 172 72 416 385 262 173 412 404 56 127 288 34 350 291 450 229 409 349 312 84 82 328 401 45 242 336 150 329 351 490 9 16 431 236 147 36 353 94 196 486 349 268 384 55 
97 299 432 233 331 482 359 19 306 454 234 135 232 211 273 257 483 433 471 459 417 124 122 97 97 389 477 447 113 376 221 160 374 212 422 392 387 467 225 419 282 294 78 186 370 410 348 203 393 434 448 353 265 378 193 80 177 43 496 270 90 51 122 255 242 312 171 475 282 113 170 347 432 203 364 412 368 457 219 101 202 47 74 34 444 116 69 491 316 235 53 311 355 182 410 478 1 62 466 302 
433 424 64 28 80 315 6 43 38 16 9 171 210 351 335 36 280 235 321 210 282 219 157 145 479 123 496 473 324 375 135 292 459 410 18 350 186 81 387 296 278 148 387 401 480 109 395 119 240 337 289 44 7 264 384 199 240 331 100 149 362 462 32 8 19 202 57 415 318 108 48 452 498 175 398 30 290 304 346 305 383 10 254 199 448 431 239 48 374 426 369 115 451 131 461 252 359 87 350 311 
297 120 276 394 296 387 380 497 389 268 74 410 267 372 456 62 404 106 52 405 250 208 417 295 229 488 296 176 4 417 14 460 184 89 140 113 459 78 10 255 17 148 236 301 326 114 311 117 442 83 179 129 458 202 20 363 332 402 329 31 75 395 69 187 217 45 423 437 432 28 49 288 310 5 286 232 489 396 13 13 372 46 424 262 234 169 360 158 479 439 23 284 261 99 139 242 17 392 379 419 
52 202 387 372 154 188 93 5 69 103 170 234 112 337 266 260 222 475 363 145 342 443 211 148 25 199 17 443 299 270 405 150 355 205 485 2 233 189 253 248 476 408 309 32 17 159 264 396 1 40 358 414 498 255 361 37 238 4 272 447 345 411 113 218 445 136 121 135 411 299 261 437 339 8 332 13 388 291 176 24 111 34 59 317 146 208 147 385 346 102 66 286 77 357 213 135 339 347 420 441 
313 427 393 248 110 413 155 283 432 155 44 440 282 6 379 434 71 278 352 341 153 309 169 143 158 181 17 150 200 266 210 168 260 190 94 47 291 126 435 402 90 494 308 295 171 407 316 119 66 150 318 145 258 436 430 380 228 267 364 132 344 88 54 118 414 70 166 116 108 135 450 475 407 23 171 287 368 28 497 282 149 37 199 189 283 209 493 187 411 287 415 196 48 445 420 292 492 270 484 108 
441 493 40 341 135 446 137 292 378 336 498 117 314 342 454 66 316 196 349 305 447 469 372 43 161 303 84 47 311 63 185 309 441 60 381 254 280 439 424 433 463 139 401 207 318 309 343 207 232 192 316 8 288 211 182 3 178 303 20 213 487 490 170 133 68 136 186 452 100 487 449 428 124 170 252 111 257 474 15 253 477 33 355 7 222 194 337 448 26 371 38 37 142 301 237 203 27 350 112 489 
435 9 144 420 11 468 428 183 317 57 409 493 129 337 2 401 3 19 415 352 330 340 79 269 403 97 152 44 429 330 458 187 370 292 128 308 376 359 454 94 13 40 132 243 405 79 340 492 384 433 11 431 103 55 333 497 176 43 207 36 87 345 109 498 323 57 39 306 15 490 331 354 315 104 391 313 180 257 25 474 418 396 42 44 148 175 208 119 278 76 3 190 491 15 241 168 64 287 423 197 
446 128 78 261 316 193 51 268 280 260 338 329 39 273 113 419 364 414 408 172 232 148 24 174 390 419 302 134 13 221 85 319 461 330 109 268 171 232 67 209 207 267 40 144 12 374 89 492 128 83 397 133 206 301 189 88 49 317 147 266 87 309 23 450 222 403 340 107 172 99 191 37 75 268 464 173 316 286 458 305 360 103 408 251 46 156 273 290 151 204 300 471 21 88 395 409 153 349 104 111 
280 57 421 415 403 209 405 64 375 289 297 216 421 374 266 28 3 353 492 406 295 318 415 241 254 425 235 130 266 91 169 407 499 333 150 73 257 229 276 394 335 16 319 360 464 316 251 225 46 156 431 476 492 487 232 285 395 245 455 167 487 333 378 243 349 482 253 145 223 307 396 53 348 383 446 95 276 52 372 480 251 442 22 104 352 458 371 112 459 474 17 86 123 439 56 491 233 126 417 221 
26 416 473 69 354 360 490 160 42 374 90 399 119 353 262 395 39 89 84 495 365 148 362 431 479 182 215 53 244 462 77 228 267 61 205 295 211 76 130 264 215 415 75 448 426 406 134 79 216 189 241 91 207 386 193 55 181 13 374 308 467 265 481 171 330 6 53 97 63 381 100 329 330 329 287 313 301 469 396 400 31 65 139 473 328 376 312 317 102 326 431 25 257 390 94 463 120 86 117 163 
355 391 293 158 72 23 258 145 346 363 261 215 100 448 35 7 379 79 116 121 240 459 422 356 150 47 304 440 224 337 157 245 83 10 455 92 111 11 450 15 337 106 169 232 185 330 473 402 372 129 220 253 362 215 214 495 269 28 153 275 170 179 71 58 459 406 374 153 186 321 6 363 221 364 193 50 87 491 94 344 122 248 225 195 316 306 285 270 60 498 228 279 485 461 133 75 107 285 452 362 
302 265 427 491 315 213 477 232 363 324 67 311 458 492 244 435 332 53 185 374 201 248 17 470 10 143 371 182 328 467 285 415 329 346 144 193 113 238 196 276 304 13 380 30 234 60 189 219 427 445 319 431 406 495 394 265 160 26 335 172 212 489 303 242 471 305 25 132 310 166 181 303 341 492 162 255 403 475 119 182 374 434 202 330 220 354 215 297 381 175 428 67 370 336 15 18 20 304 25 404 
102 372 318 421 463 4 220 56 102 301 30 60 260 460 30 436 373 133 225 303 204 144 400 162 147 428 163 92 34 50 358 225 150 31 435 278 484 59 410 187 211 288 98 463 198 144 75 155 494 234 483 188 148 480 455 312 389 7 268 38 447 326 285 205 324 190 108 224 325 110 85 385 61 72 153 410 107 264 160 149 469 214 408 281 299 130 467 314 228 54 494 421 205 83 364 207 464 96 384 256 
71 367 402 343 375 463 78 295 278 229 459 263 287 330 354 72 187 35 377 274 215 451 213 31 468 242 443 161 211 118 391 93 444 10 186 447 485 420 34 177 128 101 295 117 426 440 420 240 103 224 159 314 64 170 200 381 423 46 197 48 328 40 180 110 288 199 27 171 294 232 453 431 184 61 382 16 315 81 495 146 218 386 96 137 162 155 431 58 163 422 147 225 382 391 12 117 291 110 227 465 
346 194 118 34 150 354 470 118 105 323 447 217 84 214 323 274 51 116 390 6 155 302 262 48 362 161 249 56 258 338 452 96 294 122 28 207 145 248 441 193 217 52 431 279 390 388 231 465 460 307 146 113 52 385 286 35 24 318 219 184 458 214 242 57 463 412 355 372 424 240 352 187 7 456 284 104 130 263 355 482 182 291 242 416 265 244 233 462 145 64 46 51 330 370 242 261 348 365 351 204 
157 337 194 379 189 167 465 34 167 88 217 5 132 175 17 83 319 358 420 193 394 464 430 323 244 95 184 139 354 15 203 100 136 273 469 286 100 371 446 63 258 495 284 372 288 493 54 288 472 483 219 176 467 37 432 150 457 354 397 279 440 257 305 126 9 93 283 367 300 107 21 381 42 19 460 498 415 372 443 452 460 273 11 120 410 18 268 373 483 334 28 413 88 434 486 195 42 96 446 400 
13 397 292 359 215 246 310 469 461 26 303 261 280 259 482 405 430 6 356 219 150 247 168 212 171 485 53 167 434 31 209 75 430 380 452 451 63 395 237 280 432 151 389 380 484 307 305 487 399 387 304 499 273 43 467 420 203 102 147 324 116 136 226 451 202 355 277 326 445 210 15 398 253 266 162 333 114 402 266 470 379 38 482 355 256 208 491 408 38 473 94 427 341 129 159 307 11 481 493 347 
150 412 142 40 346 386 45 18 236 134 206 432 366 229 172 407 136 143 258 352 119 62 473 402 55 112 282 269 241 324 200 148 1 79 162 170 253 355 321 159 186 151 273 390 327 449 88 315 404 97 407 133 195 9 215 10 90 360 170 371 343 68 276 324 240 140 488 112 337 215 450 103 166 493 293 439 51 120 458 471 326 359 282 496 364 322 248 262 423 472 252 10 465 397 196 65 36 240 379 489 
363 57 161 4 71 324 458 98 295 387 260 242 162 243 307 145 131 251 121 177 232 26 140 178 75 376 118 53 109 107 295 473 186 350 412 384 264 67 169 361 70 61 217 484 326 103 18 349 63 408 353 157 159 21 115 390 475 428 273 441 241 135 422 437 474 85 29 171 54 321 449 216 45 412 97 259 481 490 302 115 366 335 114 272 217 45 375 191 278 458 493 434 40 145 400 433 300 420 354 374 
283 203 358 158 11 297 56 343 453 341 300 377 470 135 266 288 3 425 347 423 67 113 134 186 22 123 374 202 157 245 98 48 75 66 335 435 193 381 433 385 209 12 436 496 99 313 307 191 89 77 399 235 109 209 137 197 200 169 356 391 23 92 52 20 162 421 222 247 187 95 209 286 419 428 267 206 449 428 35 399 383 249 22 420 350 13 179 70 100 239 351 381 363 3 185 47 159 164 441 359 
76 414 477 424 160 233 239 491 170 180 237 278 213 5 413 168 360 315 268 430 349 318 373 303 144 477 288 263 102 54 246 76 45 475 206 200 25 65 491 284 68 449 87 341 203 22 301 498 476 369 427 135 55 165 179 100 425 363 261 443 105 397 301 426 422 275 139 90 13 92 246 477 6 58 37 56 470 312 175 208 273 403 134 68 125 324 419 316 383 431 343 314 16 446 244 319 7 150 34 98 
87 498 422 282 137 465 117 438 443 438 308 173 471 460 231 328 431 261 118 470 148 198 345 121 36 496 379 258 207 351 312 29 102 204 2 355 205 450 462 131 141 130 129 422 294 195 72 178 326 90 71 144 261 54 292 146 62 0 198 10 234 273 420 358 155 228 182 213 419 302 481 497 392 344 250 322 120 189 487 151 256 25 18 104 463 49 232 494 483 211 494 80 448 424 20 241 416 316 103 489 
489 245 432 98 48 11 423 164 251 2 233 459 59 145 218 221 366 318 294 12 344 75 404 293 26 65 115 489 496 82 174 140 252 94 382 11 394 169 159 116 384 482 94 81 305 10 408 102 16 492 80 443 143 148 382 313 62 434 387 397 174 30 263 310 176 301 38 376 432 77 294 27 364 477 189 220 59 438 255 497 305 42 302 437 500 418 151 114 474 278 275 100 59 459 166 378 83 181 33 113 
350 201 149 449 45 201 115 352 279 82 365 152 37 440 86 105 228 389 138 197 307 131 173 301 491 195 253 227 142 19 3 131 40 277 429 42 193 304 348 153 476 407 61 337 389 489 105 128 237 124 52 376 449 446 206 350 392 122 264 74 99 284 221 317 117 427 332 153 58 408 144 140 144 285 62 261 28 345 473 216 38 190 259 158 316 482 141 302 141 246 219 236 482 230 48 78 79 290 471 181 
361 291 367 395 76 36 226 200 369 416 479 223 434 22 165 195 410 278 272 245 214 258 291 67 166 216 167 229 437 183 101 111 439 364 431 71 128 484 215 28 494 57 482 356 274 418 159 149 107 206 419 354 189 186 121 468 31 235 189 433 398 351 24 109 188 241 371 252 211 394 168 143 297 76 134 410 292 137 472 252 150 473 434 351 486 464 254 250 351 92 8 493 164 72 47 450 373 383 47 318 
254 315 345 285 389 347 457 291 121 142 291 341 213 173 107 207 492 176 99 338 406 354 68 357 251 322 111 228 30 363 137 48 467 338 325 394 43 41 345 323 65 228 204 425 195 431 158 339 484 298 66 302 459 104 33 115 386 431 433 105 26 322 213 380 128 290 132 29 163 363 227 168 161 176 62 62 83 430 41 371 167 276 371 339 405 57 17 21 152 369 439 495 282 110 198 350 65 62 124 257 
211 234 432 230 222 195 411 251 285 217 399 29 468 62 74 82 359 197 250 341 293 102 190 176 149 110 325 260 244 164 325 397 334 131 134 219 106 32 236 381 62 319 425 386 86 385 169 260 384 128 140 272 160 330 25 12 309 342 410 248 392 109 397 263 13 69 108 236 479 407 158 218 342 491 21 118 105 478 276 118 320 194 454 376 297 126 364 381 142 342 324 232 120 222 245 322 447 480 362 393 
229 280 298 266 117 143 190 449 72 190 319 332 111 415 152 159 36 420 418 422 494 306 229 195 206 238 431 35 350 112 93 82 373 199 264 267 235 358 253 261 379 489 196 394 187 335 487 249 412 16 264 408 432 61 18 137 471 7 147 401 31 108 250 485 346 389 15 298 430 30 445 431 490 240 251 57 440 163 22 373 268 160 12 441 116 172 345 186 264 268 162 490 290 446 171 39 141 388 107 78 
357 160 205 403 105 347 184 378 108 281 494 263 199 63 422 441 67 222 362 204 439 493 497 325 395 71 43 98 26 442 488 139 138 200 308 467 302 140 133 395 198 391 94 63 366 400 321 268 185 164 406 193 302 321 53 317 8 180 166 473 363 209 248 73 172 143 485 57 384 311 426 32 195 102 78 389 146 276 430 395 319 43 7 173 181 82 473 469 176 415 430 379 346 52 438 99 262 308 419 161 
443 488 72 34 200 206 273 193 149 39 212 118 274 456 330 274 432 102 416 52 13 203 151 196 315 270 477 166 2 390 363 244 337 60 320 107 485 3 34 91 426 295 190 287 426 291 455 16 372 173 197 225 169 222 385 261 71 151 16 123 413 369 273 104 436 193 490 303 76 78 145 495 51 366 481 419 261 298 289 451 40 95 312 275 54 324 103 290 370 463 386 392 25 423 400 329 345 414 96 45 
9 27 337 374 100 192 115 234 215 370 369 436 81 342 130 233 232 4 347 281 477 337 2 140 335 218 79 67 283 406 394 388 75 237 14 440 285 61 2 213 317 481 460 446 389 423 164 269 18 133 264 165 463 264 357 57 355 362 326 30 233 248 189 457 155 487 315 81 418 209 138 96 137 177 50 113 184 290 288 149 177 402 336 59 323 72 217 355 151 372 179 464 388 118 377 406 260 37 156 77 
196 276 203 223 96 433 35 411 410 282 204 165 435 400 96 119 465 198 275 461 199 412 461 466 222 498 246 215 196 329 420 191 71 428 312 267 160 465 192 296 439 500 425 229 347 184 318 310 215 65 458 124 465 80 102 465 30 112 291 48 203 49 217 252 122 233 129 124 485 11 85 109 265 276 443 380 425 61 454 436 177 206 456 276 131 487 277 445 398 241 443 69 425 190 237 253 288 478 109 207 
345 430 369 114 162 262 490 28 336 104 88 218 80 131 487 456 229 355 282 187 182 466 326 133 99 389 11 499 18 287 161 42 469 319 232 217 278 150 63 210 236 57 307 259 128 493 497 494 157 353 111 173 285 391 260 267 221 498 457 266 490 193 153 350 499 487 494 355 65 465 213 8 380 309 17 120 143 247 433 113 411 167 239 352 89 130 98 119 277 389 90 192 304 183 311 14 16 498 331 92 
72 31 248 342 63 451 278 285 81 238 429 498 334 489 263 136 379 5 239 47 174 350 374 153 201 65 251 60 83 489 135 59 296 232 258 286 305 439 394 500 117 268 161 303 194 446 401 453 255 31 317 410 103 280 150 150 300 446 234 42 170 450 31 491 440 128 164 220 72 332 187 158 207 38 409 275 1 67 262 62 272 154 342 413 199 358 192 67 405 435 235 73 343 296 380 403 356 84 158 81 

456 433 164 437 384 410 301 75 312 240 461 160 4 436 91 495 27 30 130 394 273 252 130 136 279 244 28 384 21 419 52 417 393 298 402 453 46 265 384 95 319 319 498 99 434 420 238 443 180 151 49 403 304 91 132 30 436 446 225 317 37 228 48 93 15 15 328 7 408 302 401 114 224 434 366 19 387 170 150 9 103 26 479 172 161 283 292 347 393 235 181 43 499 159 94 209 129 22 427 201 
430 46 347 151 244 399 311 457 50 242 378 233 425 344 254 485 443 249 11 272 399 375 120 59 214 160 253 401 458 9 395 83 352 74 195 58 105 296 187 278 220 158 188 300 410 52 234 481 285 156 87 473 316 362 230 483 61 117 420 241 342 118 204 338 155 9 315 316 349 248 268 334 462 398 171 367 18 83 278 106 454 194 208 280 207 490 405 452 29 192 286 54 139 256 496 79 187 231 311 263 
264 134 419 128 75 184 306 139 152 282 80 176 468 220 131 86 460 274 111 176 170 376 129 142 148 99 417 301 42 20 420 17 183 131 348 219 45 153 61 252 326 449 24 118 357 243 247 305 407 301 30 275 397 19 350 250 413 95 160 236 258 470 99 321 10 178 254 255 132 26 173 140 382 243 170 128 223 37 475 198 203 336 382 247 178 405 274 383 186 166 410 99 256 252 52 396 84 213 364 319 
230 129 213 93 42 210 279 362 460 413 41 300 267 242 278 215 414 228 405 450 247 374 279 450 152 124 475 170 43 455 428 341 320 376 65 138 197 213 86 461 107 376 356 367 342 70 181 5 62 312 58 45 97 260 434 61 233 317 114 311 108 374 155 175 404 254 290 192 388 101 374 274 359 207 123 421 335 259 23 144 162 376 282 294 202 2 112 246 56 213 429 347 438 47 181 421 414 90 6 134 
319 492 291 434 42 386 355 37 284 381 254 258 70 193 147 72 86 97 96 41 212 85 432 341 328 254 191 446 38 426 416 209 327 475 411 130 119 337 413 47 348 487 387 422 128 207 347 164 329 72 256 175 457 164 313 87 29 369 194 237 114 277 361 333 363 63 312 239 368 486 249 131 193 298 165 292 44 423 265 338 378 406 138 161 160 457 418 226 100 424 333 311 255 338 39 464 198 466 421 123 
195 476 155 366 8 306 177 148 435 425 415 449 191 104 298 440 148 396 186 194 53 50 305 183 482 429 358 302 484 150 38 449 139 303 463 278 132 470 116 243 236 242 472 496 429 150 19 451 237 305 16 153 253 443 330 231 83 318 125 245 398 122 193 350 193 135 379 348 60 471 406 378 110 444 193 332 371 3 123 172 111 144 462 258 176 348 163 9 167 376 299 330 456 448 125 424 361 444 93 240 
11 302 443 407 236 92 48 146 78 366 215 491 9 179 492 157 500 118 483 281 286 329 340 222 237 484 255 89 380 453 464 418 364 365 83 384 156 288 219 33 109 60 135 68 450 128 415 457 429 258 286 397 193 55 140 145 248 390 98 240 383 52 123 181 409 433 149 148 277 292 333 422 3 107 494 241 48 180 418 258 220 323 262 252 29 206 145 259 402 12 11 395 456 392 359 383 268 93 196 332 
110 30 48 4 319 334 106 411 17 163 416 151 220 451 80 243 126 353 150 185 346 490 417 66 418 393 130 330 385 161 172 276 128 334 465 6 224 55 306 192 480 472 380 418 406 323 376 164 117 428 115 68 348 19 386 25 425 78 449 247 229 202 254 310 295 288 484 314 8 89 254 241 212 186 61 399 278 355 162 247 17 125 386 322 1 449 365 115 311 363 151 487 482 369 324 235 395 13 481 421 
460 5 450 299 162 109 269 386 271 487 42 313 75 354 439 196 259 295 259 186 250 382 453 223 112 372 216 463 392 275 50 111 152 201 81 488 22 52 98 278 301 112 125 176 5 247 466 263 444 62 245 363 130 221 453 182 324 474 231 473 151 426 172 81 265 141 213 223 119 238 107 432 48 317 392 475 194 393 378 149 438 367 29 67 483 166 379 398 470 431 96 21 259 170 461 259 2 30 268 99 
252 456 484 332 5 342 301 436 380 495 42 270 301 326 40 297 430 153 341 264 98 168 257 309 401 465 447 222 461 311 55 205 171 244 6 237 118 239 41 73 104 361 313 113 482 151 105 15 240 461 213 216 413 78 343 185 427 28 247 89 98 303 338 437 120 339 456 325 114 382 229 345 418 196 443 468 273 248 38 50 91 136 445 24 75 133 253 17 344 31 484 439 495 411 225 401 30 199 120 342 
353 307 490 447 476 360 22 201 395 238 464 450 334 313 253 302 401 43 6 418 439 320 275 204 314 298 179 73 205 302 459 433 428 238 447 488 406 116 56 478 65 489 108 383 132 461 236 76 0 193 327 364 436 465 174 135 238 461 337 365 459 269 49 136 285 442 203 74 375 481 299 103 199 154 35 301 427 133 5 471 434 263 202 234 488 5 466 110 148 485 312 411 251 226 247 475 445 352 47 483 
475 157 175 368 381 23 242 344 60 480 87 478 186 415 96 207 409 341 144 206 322 314 62 167 433 378 67 297 307 118 282 104 351 272 117 295 64 330 462 363 131 75 130 25 149 55 314 114 76 8 45 248 416 88 181 177 150 74 361 137 414 231 148 454 99 13 468 76 423 47 117 173 78 216 68 67 37 444 493 141 208 465 43 444 207 244 24 28 282 274 298 342 18 102 497 21 430 450 118 83 
140 378 309 235 401 1 436 47 363 342 392 44 307 463 379 159 196 97 448 499 223 218 297 76 208 115 29 480 290 307 447 414 488 256 414 299 125 121 260 4 244 401 475 437 214 417 416 442 154 385 266 181 132 216 185 238 350 123 348 148 316 409 422 118 243 353 75 347 496 422 156 17 282 395 46 453 54 176 162 104 322 9 188 139 344 485 190 496 312 310 94 12 286 215 347 408 296 496 6 91 
19 446 308 205 180 204 125 325 340 96 242 2 397 463 77 312 222 459 215 86 43 99 274 374 154 334 4 300 299 181 471 374 168 213 133 12 237 240 200 336 21 466 366 377 430 170 34 106 90 153 470 377 82 202 203 470 397 461 115 179 369 364 386 60 66 104 427 336 461 284 336 191 458 348 311 94 44 440 81 29 11 301 433 61 443 49 136 393 445 455 307 449 96 94 265 78 331 373 385 248 
64 218 121 52 300 236 452 468 407 80 240 419 41 278 421 452 189 402 372 351 479 278 235 339 89 425 145 376 450 435 247 55 82 258 457 97 221 375 261 435 205 12 252 452 345 355 222 82 43 85 71 114 330 263 221 171 131 249 71 419 382 228 365 67 243 494 172 41 40 441 424 341 369 41 357 164 136 442 322 319 100 144 254 407 250 15 439 351 279 91 2 462 85 80 431 396 326 187 292 231 
438 235 149 226 369 161 124 47 474 53 245 481 126 350 300 43 241 252 397 346 106 342 338 235 65 84 352 21 367 85 123 438 35 455 416 468 169 86 212 264 337 107 368 181 230 317 43 116 33 416 465 453 186 428 426 85 356 198 214 444 74 12 77 10 105 142 173 125 337 169 358 237 250 136 296 202 234 355 333 457 5 225 324 91 286 29 183 271 272 481 499 256 232 485 485 496 211 380 40 323 
300 99 308 353 436 431 182 132 119 179 341 389 193 436 326 16 14 58 372 17 431 103 390 394 136 443 64 308 436 152 12 489 46 242 333 337 154 293 193 56 476 356 292 228 123 119 0 279 325 419 190 9 225 394 122 58 165 338 425 234 233 184 423 358 479 468 473 412 44 325 211 473 172 280 282 385 170 454 238 166 478 44 23 234 1 386 43 59 413 183 342 183 293 192 249 418 429 285 113 470 
374 155 414 397 327 316 241 75 303 446 204 7 289 34 448 101 82 308 211 19 277 99 223 19 49 402 152 237 97 322 84 388 317 337 470 50 450 374 214 24 128 101 445 258 474 62 464 38 324 69 161 300 249 162 313 4 197 291 305 479 314 114 255 481 370 485 180 411 153 441 317 86 324 30 165 119 387 87 308 392 329 113 372 331 432 347 251 439 398 384 153 106 84 379 331 244 253 434 151 68 
207 1 369 463 26 467 234 216 124 116 292 266 110 237 82 466 126 165 79 159 312 244 355 123 451 346 468 289 208 417 42 284 190 301 419 488 192 34 79 264 196 205 66 169 386 267 405 490 163 94 87 319 232 448 239 430 234 176 140 135 102 446 341 135 293 191 403 345 300 147 372 373 292 118 354 126 272 111 257 448 105 63 139 326 376 58 334 300 44 472 401 153 190 268 461 286 271 216 438 205 
174 142 203 409 381 152 320 460 49 190 77 419 197 242 159 81 106 144 129 171 466 90 445 120 437 57 105 93 345 226 16 77 216 321 292 239 499 355 266 223 489 185 394 130 332 470 135 266 359 205 362 81 476 321 390 431 191 363 447 467 429 1 18 141 450 227 408 330 284 223 170 185 447 492 305 166 358 372 59 341 118 387 259 472 266 205 238 62 163 162 428 382 49 173 19 196 240 442 190 480 
188 292 155 279 117 216 98 295 360 436 234 94 298 155 173 404 298 338 108 208 437 53 163 357 208 185 390 133 32 459 479 122 147 211 220 98 297 193 171 101 160 178 393 47 177 274 354 373 496 218 194 143 60 412 72 47 380 46 449 290 497 252 330 151 355 229 143 20 149 123 208 423 250 33 73 473 132 450 17 177 165 127 373 120 7 53 82 208 361 102 26 300 435 494 183 85 492 168 115 245 
305 308 10 410 53 465 254 355 169 18 165 98 153 106 369 34 130 380 455 446 74 429 216 174 262 127 71 499 236 374 146 18 498 329 431 377 142 171 203 259 221 410 101 259 409 95 272 333 382 168 356 318 4 198 249 450 472 215 21 35 473 274 269 272 3 401 110 463 226 472 383 446 83 434 466 187 399 80 312 371 329 361 234 327 218 457 47 350 107 431 135 480 483 493 265 60 427 253 165 330 
187 145 75 107 406 2 191 406 86 5 88 481 47 297 256 430 482 463 400 488 184 160 208 100 352 109 148 36 331 325 92 300 248 470 172 239 214 95 77 302 280 305 97 9 267 261 489 309 322 147 78 210 356 12 436 344 4 229 145 302 394 386 84 51 205 78 394 271 119 246 221 43 314 27 329 74 354 298 308 92 430 481 361 28 497 475 146 264 379 117 485 5 107 89 234 29 321 94 351 500 
436 345 31 182 33 234 41 204 4 295 389 342 145 447 443 419 146 392 256 408 78 163 291 352 157 67 419 5 195 219 56 454 193 190 318 99 378 246 409 206 410 172 419 469 312 455 49 242 440 457 474 405 428 123 99 251 180 461 234 72 24 111 453 374 237 283 492 497 38 92 88 222 199 24 430 16 303 9 21 345 402 293 453 500 157 416 475 15 344 331 183 263 340 150 380 67 172 325 162 392 
165 342 234 406 396 33 65 335 220 185 412 404 61 466 438 469 493 370 106 271 430 434 198 312 269 26 27 218 316 293 53 229 298 468 324 343 445 219 452 469 458 33 155 218 185 281 71 204 262 46 372 63 423 26 293 484 270 265 86 232 461 223 58 383 444 363 143 418 192 285 246 112 132 177 159 220 137 212 138 302 197 439 167 387 22 119 150 198 360 123 287 57 37 467 239 345 69 396 165 209 
313 265 211 129 19 211 296 299 312 261 337 14 392 445 369 337 213 387 198 160 165 397 86 268 11 197 417 296 296 25 43 5 304 112 304 101 74 400 500 405 74 109 322 197 55 81 25 339 328 227 258 499 141 365 35 82 66 2 99 111 264 217 260 56 137 229 307 490 341 400 164 423 462 308 497 447 103 25 239 101 111 168 270 44 317 267 20 500 86 364 411 343 451 114 52 401 14 165 250 27 
429 275 434 191 13 272 336 250 400 438 361 282 417 91 278 361 461 47 108 283 497 355 41 139 134 386 448 223 66 472 334 68 89 293 166 292 363 266 251 361 467 292 411 37 204 374 99 354 404 438 234 445 55 188 128 200 459 47 111 375 15 96 61 290 337 464 85 400 370 129 74 270 263 341 491 38 413 68 489 87 93 244 182 433 369 343 463 230 76 377 51 165 421 407 275 280 60 114 463 469 
390 157 279 332 305 125 263 132 68 369 209 107 379 71 230 116 115 324 107 42 268 270 87 468 126 398 129 206 385 230 215 328 224 342 223 117 22 309 342 344 265 50 125 447 312 491 390 36 462 401 480 77 456 430 418 196 275 287 385 333 367 472 303 487 235 194 73 118 408 345 97 235 490 78 36 339 257 261 413 474 256 23 124 6 254 12 40 9 250 423 134 14 207 165 103 189 36 22 317 176 
155 26 298 385 4 34 178 28 207 231 448 62 50 250 190 7 26 452 17 254 126 93 152 402 26 418 252 403 153 291 64 404 108 274 134 301 154 491 245 95 233 453 35 244 272 168 38 384 195 338 316 372 103 442 421 2 306 476 410 79 117 179 68 294 127 394 23 293 91 386 371 13 254 317 338 98 471 80 142 226 403 341 415 364 263 84 377 44 147 457 166 413 461 242 295 453 370 323 9 492 
387 273 95 14 394 411 243 130 350 386 305 21 213 47 159 162 14 382 122 372 478 37 478 249 54 309 247 326 138 159 147 158 301 321 74 271 370 64 47 417 393 232 316 296 422 446 242 93 442 431 160 245 203 483 19 447 303 119 173 306 86 277 224 262 316 487 465 15 302 71 310 278 306 292 189 481 447 163 435 441 46 182 41 209 435 89 40 147 440 94 89 71 100 290 396 12 48 413 420 498 
133 206 371 262 201 416 492 220 247 184 427 345 487 16 359 376 478 339 122 250 158 343 253 25 465 35 231 189 259 296 405 384 265 0 440 60 414 103 491 122 25 264 497 295 303 207 479 362 205 326 390 25 499 112 47 383 245 148 295 142 35 140 399 124 156 189 200 194 480 39 238 479 216 251 60 63 212 350 192 215 130 347 295 403 96 2 347 204 323 370 404 22 371 127 12 110 295 141 291 145 
216 40 427 147 42 264 452 390 205 410 424 212 417 250 2 165 211 248 382 324 119 255 280 49 174 89 495 284 197 167 124 362 170 269 28 236 498 488 368 392 86 178 239 219 398 232 41 115 141 201 394 65 437 81 482 498 110 382 139 299 236 211 425 481 419 409 148 294 176 385 374 15 121 248 340 317 83 333 236 70 217 370 323 178 30 109 368 207 384 440 10 103 395 494 172 282 15 310 110 454 
437 259 435 191 125 220 291 215 29 320 117 402 59 73 470 498 209 380 443 295 52 332 341 266 279 365 339 331 275 10 458 416 198 237 218 431 170 21 69 464 448 118 92 45 213 180 479 196 495 20 384 194 351 91 23 45 445 431 263 23 278 398 318 133 92 87 294 70 150 443 453 52 312 296 376 13 292 109 106 223 303 324 384 248 282 258 303 93 325 280 381 279 65 400 266 27 346 244 437 201 
313 387 284 212 116 40 126 5 237 484 56 236 30 215 492 73 28 397 203 347 31 74 118 116 339 356 2 70 84 122 254 214 356 64 431 187 167 170 68 196 347 316 170 229 238 60 24 57 493 143 411 329 445 155 46 293 120 91 283 360 292 227 77 323 205 356 8 425 441 6 328 163 463 321 232 190 265 358 496 51 391 497 424 23 485 232 318 243 83 377 237 195 487 203 478 317 465 419 272 122 
457 221 372 294 317 52 129 479 253 404 215 487 142 456 228 187 190 90 375 239 166 452 420 336 73 62 388 31 478 278 243 104 153 188 158 371 330 278 224 233 310 22 216 248 149 411 8 294 196 445 331 154 302 255 52 339 146 163 129 136 34 240 446 473 186 442 426 129 342 246 362 47 3 274 16 226 88 389 439 102 445 67 320 188 367 237 50 118 392 70 41 479 77 487 487 429 47 112 209 358 
201 132 278 469 83 63 405 98 421 224 93 469 425 202 117 472 484 469 392 395 29 414 444 385 314 140 100 325 230 179 23 57 211 227 406 460 248 360 79 118 384 162 71 116 240 398 118 472 47 102 219 478 322 202 257 193 9 355 33 105 116 394 222 197 428 476 148 343 447 78 234 426 267 44 459 389 25 119 360 205 448 56 24 365 305 304 414 435 177 347 481 464 500 360 56 325 237 238 182 234 
194 478 21 372 100 136 57 339 498 229 27 293 333 264 485 255 25 129 357 50 218 141 479 415 465 309 339 139 193 413 55 82 218 222 134 484 426 284 42 8 351 139 63 374 413 128 276 136 478 214 68 370 96 22 471 376 124 202 333 311 469 190 454 371 149 246 288 55 51 251 355 407 84 80 390 23 429 282 97 255 32 148 171 115 282 260 500 496 391 77 482 45 86 172 120 495 280 385 329 474 
18 496 318 102 137 411 118 352 179 203 417 180 219 102 94 451 303 34 412 466 391 298 178 54 492 116 92 139 215 105 252 110 5 260 325 7 296 233 7 366 286 448 248 280 288 267 473 165 12 128 311 400 371 11 392 229 10 367 239 36 95 339 245 186 386 152 451 5 306 269 477 40 57 249 364 332 381 262 150 278 211 91 334 154 185 296 455 313 250 96 31 253 95 18 221 403 434 63 321 293 
173 215 30 368 54 29 462 351 124 213 2 143 211 110 64 160 367 357 231 453 40 3 428 148 385 78 230 168 6 306 376 95 379 173 52 194 77 376 59 317 382 121 42 148 250 269 198 498 225 226 402 243 72 54 284 325 41 342 271 411 495 127 411 280 166 450 150 100 435 450 210 492 20 65 6 330 495 261 148 307 109 284 286 375 72 204 102 383 474 283 165 18 206 23 49 295 94 230 385 69 
137 259 341 192 309 237 177 18 412 493 171 444 145 16 339 190 226 165 359 173 413 119 444 348 155 418 86 158 281 112 462 186 379 269 156 403 28 6 142 209 321 104 302 278 369 291 344 489 458 173 439 131 258 256 369 235 376 343 293 36 219 301 130 378 148 363 132 394 13 97 4 308 371 431 481 498 391 394 252 85 183 281 383 339 180 227 99 398 23 246 322 105 137 395 59 493 207 313 184 122 
311 275 142 51 343 318 476 256 172 216 421 155 348 79 341 147 222 52 15 123 192 484 78 62 463 340 448 47 113 290 365 77 278 279 498 68 444 233 181 144 63 38 452 413 311 240 274 425 396 192 166 219 25 464 110 445 335 477 270 120 398 271 94 254 470 447 316 298 292 53 198 142 30 189 334 451 226 477 285 273 1 418 140 500 267 289 154 389 126 392 483 192 291 335 129 161 44 304 93 271 
304 13 60 436 43 149 92 136 336 272 19 468 129 476 121 42 202 40 257 143 311 222 487 155 312 10 43 114 337 227 368 487 8 252 10 119 219 22 206 117 208 130 374 413 172 365 72 146 57 268 333 302 336 147 46 109 482 487 200 450 483 198 471 29 318 436 300 102 356 146 444 44 388 475 220 274 281 484 346 33 265 53 187 259 441 293 35 348 369 37 405 227 361 477 64 489 258 348 119 59 
287 410 106 164 69 391 1 362 345 81 48 195 295 239 118 296 159 323 343 455 476 320 335 347 55 232 466 86 38 169 393 76 33 165 9 218 454 245 249 161 237 86 319 12 496 245 271 200 397 30 318 374 179 8 186 226 132 162 447 294 449 463 373 200 71 21 111 56 207 219 271 323 171 160 450 466 18 5 488 176 95 372 27 215 366 235 141 355 481 379 70 68 191 177 291 323 264 471 379 389 
298 403 149 284 155 321 442 255 235 41 468 139 387 273 346 356 260 262 453 59 362 7 392 217 108 6 234 208 431 95 225 474 334 241 424 362 172 163 375 336 353 353 265 166 330 15 153 412 127 325 187 122 193 6 386 147 394 453 184 285 145 357 244 473 343 362 303 279 142 89 223 244 167 40 272 22 319 106 405 235 9 407 68 109 127 377 203 132 232 13 125 13 420 455 376 79 58 309 91 0 
59 316 478 322 116 424 218 332 431 407 371 416 14 178 407 25 150 169 461 119 311 125 95 162 242 386 61 416 255 399 421 113 112 186 320 379 342 465 67 151 422 67 163 15 128 118 218 112 4 496 351 117 387 289 455 381 58 275 203 2 142 168 297 277 367 61 109 22 10 443 132 96 235 355 41 369 396 153 414 94 228 408 320 327 131 249 289 43 219 404 475 178 422 494 12 423 389 56 463 139 
270 476 297 461 179 17 288 188 30 345 459 196 141 399 229 441 56 63 318 135 103 493 307 236 211 492 239 417 74 482 184 208 453 335 96 479 192 482 210 380 211 170 277 240 322 492 67 358 37 97 301 311 216 411 396 288 129 147 493 300 426 447 442 131 368 130 116 99 175 444 283 390 423 210 339 431 237 166 486 260 492 23 158 493 118 437 293 13 162 339 361 94 27 218 205 291 137 197 87 3 
291 198 316 34 114 223 251 465 192 310 443 196 162 441 151 37 9 487 188 192 126 251 478 13 152 6 491 320 287 153 230 125 439 174 404 68 161 80 154 100 434 77 250 272 250 382 489 494 447 310 333 155 226 355 319 220 361 366 299 184 142 479 35 52 457 436 434 29 429 293 295 123 221 65 290 136 478 34 346 399 398 463 22 33 448 430 454 50 157 203 341 342 70 60 20 478 256 382 95 149 
446 283 140 189 49 302 460 360 383 343 217 247 347 288 216 134 499 197 10 390 396 342 232 6 131 466 343 429 369 390 55 366 253 256 198 32 360 351 256 422 256 457 311 43 400 14 234 183 324 268 338 382 87 400 177 116 303 367 414 246 241 10 491 289 142 100 354 346 362 392 297 430 177 90 148 435 440 273 60 372 245 225 355 104 149 421 453 323 246 376 87 27 90 173 161 54 2 383 417 353 
232 447 263 60 363 98 293 124 356 146 406 304 70 432 160 432 477 313 368 456 151 70 132 95 260 177 375 97 206 412 103 303 487 398 105 383 20 419 33 24 304 158 411 448 30 253 381 271 364 15 269 486 23 11 29 343 159 251 208 97 36 354 409 389 190 111 1 324 354 495 281 377 302 466 424 198 308 202 277 231 196 422 438 402 349 83 248 386 71 26 277 212 184 206 282 219 104 274 64 337 
343 214 351 440 403 208 226 366 431 441 336 171 283 304 303 42 387 134 194 309 44 319 253 52 148 332 286 307 425 76 171 412 49 492 261 179 390 17 35 316 132 260 409 195 108 407 304 79 376 350 340 261 372 244 233 492 436 68 207 444 93 101 423 370 39 382 174 241 89 129 427 99 40 163 392 2 406 233 394 418 96 336 284 318 141 124 391 350 31 87 156 393 280 168 168 207 267 320 137 285 
19 413 79 262 121 218 311 91 188 272 104 382 456 29 5 212 112 142 70 214 173 161 483 195 199 207 197 45 280 415 238 30 138 210 405 383 104 71 56 317 146 300 167 172 412 20 180 372 169 440 142 123 340 298 61 271 4 434 364 266 457 49 113 169 320 281 53 371 358 274 50 63 425 201 434 227 71 106 378 70 312 148 162 407 254 91 416 192 404 423 260 403 11 431 3 379 416 195 459 427 
362 74 34 60 453 283 472 172 61 434 475 493 220 382 319 409 466 403 57 10 382 25 221 345 237 313 321 84 436 378 211 106 471 99 233 470 374 96 95 93 451 345 330 152 52 435 364 342 123 287 494 278 51 127 308 361 98 100 337 304 415 471 233 289 433 133 466 204 161 261 198 375 178 21 409 165 176 30 121 457 126 477 184 128 249 311 224 475 259 331 446 199 327 422 30 307 298 472 61 101 
338 2 197 119 97 52 283 436 449 61 69 1 23 1 98 52 428 75 203 480 363 331 26 132 241 451 430 224 380 162 383 401 385 400 201 93 244 6 391 306 76 402 152 168 447 91 219 231 126 80 470 37 332 196 234 156 364 303 333 187 220 316 240 296 165 362 477 291 156 470 52 31 171 279 209 246 313 63 133 6 269 357 456 452 106 152 19 466 83 426 212 420 395 303 154 156 426 286 214 448 
180 212 185 395 268 31 182 302 345 456 351 41 448 321 276 293 399 4 215 136 21 37 399 464 58 198 21 497 309 222 321 69 387 142 408 256 105 37 37 306 41 283 20 183 102 389 453 118 269 213 122 238 150 172 151 325 208 84 498 42 410 425 463 136 186 273 19 397 7 262 442 7 222 355 203 197 418 68 158 490 246 429 457 77 250 327 497 309 280 453 448 346 6 351 218 107 54 459 491 113 
73 146 425 162 71 249 276 289 104 188 91 104 76 363 463 275 425 372 119 254 152 441 288 152 163 288 25 491 335 278 244 346 266 398 465 211 1 329 339 305 115 344 476 133 403 483 465 177 397 422 127 371 153 270 363 251 175 347 16 334 58 137 171 435 113 235 72 382 453 5 458 75 55 371 159 262 330 339 221 363 213 108 397 457 481 265 155 226 7 10 228 154 390 431 181 222 255 332 436 408 
92 210 16 62 107 403 44 339 267 129 138 52 446 328 324 139 58 99 70 202 11 453 171 423 60 341 145 349 190 339 335 482 463 65 41 27 287 491 5 415 259 28 325 191 416 373 30 358 364 74 71 144 478 248 348 252 301 153 448 424 497 275 171 17 391 486 306 219 355 39 351 212 147 76 66 339 105 297 161 387 216 145 131 66 154 6 488 489 14 447 438 260 142 187 173 358 461 439 85 172 
490 75 343 217 16 152 366 150 14 45 443 406 335 42 72 127 236 182 109 226 70 290 353 352 160 309 394 428 297 329 120 34 274 191 308 483 298 371 11 306 462 272 365 392 8 72 377 132 224 85 142 429 471 16 13 294 446 178 116 286 391 140 1 57 417 387 22 124 332 299 1 15 39 393 37 282 102 226 167 58 347 235 120 37 496 137 429 348 323 199 32 28 145 161 75 140 83 104 222 109 
137 289 436 159 469 175 154 187 293 314 15 330 477 107 286 153 401 202 238 85 90 368 427 390 407 381 494 302 12 463 420 20 413 383 249 242 116 153 203 487 328 142 29 442 154 287 399 139 79 236 348 289 413 88 426 122 53 300 56 350 245 194 131 353 469 166 482 370 30 352 175 134 53 39 457 414 335 16 389 179 60 389 290 66 308 152 57 462 254 423 94 374 457 375 157 144 453 87 119 65 
268 294 352 237 200 430 67 57 205 304 155 296 426 177 369 401 104 293 133 311 167 479 358 323 13 141 499 125 297 289 137 335 494 449 408 85 472 58 367 245 268 100 245 102 359 266 304 453 397 464 471 28 93 271 489 460 239 245 55 204 190 482 443 28 189 324 318 394 52 465 77 452 349 228 117 326 260 149 495 214 138 250 265 58 460 239 195 132 80 150 469 241 93 202 189 182 263 307 445 188 
318 159 151 170 223 245 265 173 285 408 43 310 482 386 252 195 212 382 52 480 36 41 162 174 70 324 120 237 345 17 30 382 433 19 462 237 73 378 236 395 306 112 15 436 65 458 371 342 163 305 37 403 269 467 301 136 167 491 461 164 202 496 194 473 100 219 436 415 63 365 145 381 37 246 126 363 151 174 337 450 348 426 326 388 141 67 462 56 230 120 309 253 13 89 69 261 100 435 107 267 
14 135 115 3 338 79 430 330 161 121 197 487 37 277 262 199 82 453 322 320 208 291 206 284 14 355 137 462 26 335 163 217 198 207 32 17 226 333 75 451 23 499 111 396 88 281 315 60 54 307 313 355 449 54 475 134 343 298 130 264 33 68 19 239 0 455 201 91 148 399 23 289 392 214 305 415 216 194 473 51 145 421 380 153 419 90 183 379 265 91 6 286 265 119 312 124 155 159 463 195 
459 139 17 406 91 465 7 481 309 365 1 451 479 121 98 150 217 109 288 311 400 421 207 210 213 235 467 322 198 470 38 267 195 121 65 136 407 81 133 118 178 246 151 73 5 381 165 246 319 43 442 211 138 323 266 187 105 438 172 108 406 322 210 446 24 423 207 95 152 190 6 226 379 480 73 276 294 398 207 220 466 5 225 81 187 19 400 365 291 109 200 118 454 213 462 442 301 285 29 341 
52 234 405 99 91 374 495 344 219 326 91 370 37 14 22 419 353 8 428 90 298 96 76 245 199 403 362 188 11 285 491 276 419 116 397 489 382 348 122 273 127 21 148 77 397 249 301 415 160 109 195 429 79 58 231 229 320 97 53 177 124 372 430 165 140 40 383 263 483 129 391 297 417 318 252 392 60 74 440 225 338 240 358 339 298 152 402 349 274 286 344 115 236 131 497 158 176 108 165 135 
346 340 446 468 178 102 196 419 166 127 441 320 295 380 319 171 219 335 416 437 213 139 145 382 179 423 221 283 298 402 491 107 315 3 64 147 327 131 104 485 453 312 84 189 439 126 44 44 342 356 229 406 93 131 474 289 90 336 75 118 31 354 366 403 265 380 456 74 49 170 201 16 480 98 331 409 54 257 484 273 45 288 327 173 485 427 230 156 212 341 423 358 132 399 12 430 170 70 98 317 
376 168 263 406 1 388 126 211 388 404 476 491 340 236 63 150 200 461 261 19 162 56 389 209 265 99 270 66 465 229 192 235 441 92 145 208 423 228 431 77 31 289 69 497 309 196 267 412 143 178 488 350 26 328 45 36 364 27 393 293 227 242 102 148 119 176 421 129 295 470 181 162 406 359 53 360 54 455 275 116 306 302 160 220 250 482 342 321 447 402 38 118 45 462 92 438 444 159 450 104 
127 145 199 77 193 406 465 58 182 405 431 118 73 77 439 500 210 74 217 245 71 296 198 230 377 25 434 113 424 232 192 414 225 399 66 172 420 265 375 410 484 40 106 160 74 7 295 15 337 453 263 279 432 435 224 446 285 469 347 172 255 79 212 289 332 88 79 115 495 175 295 71 219 311 16 202 261 356 328 295 257 49 164 298 191 184 361 334 271 365 146 365 435 479 339 2 469 69 48 322 
127 444 307 164 76 331 29 316 321 399 156 455 297 340 288 56 245 66 13 445 63 62 251 352 253 147 135 177 263 153 228 18 376 331 141 49 118 177 412 469 335 193 230 423 282 305 161 138 72 353 294 124 258 458 231 385 169 261 285 243 353 218 21 459 168 391 190 166 146 393 140 374 51 99 20 422 478 19 70 75 179 100 435 276 244 497 336 30 76 48 357 193 132 221 371 28 354 399 157 155 
203 206 27 315 435 358 419 93 398 140 200 345 384 249 124 127 201 112 493 486 268 311 272 233 373 305 296 31 200 415 236 412 42 15 410 49 394 128 292 493 380 282 316 475 132 224 163 51 404 393 492 483 346 27 237 70 294 381 333 76 163 311 306 211 190 82 174 307 123 483 155 265 66 185 239 490 216 326 77 73 120 221 10 318 384 247 240 437 65 175 449 361 482 24 441 385 116 158 273 91 
204 474 458 43 292 376 183 163 196 358 209 434 354 117 209 13 494 284 314 174 143 60 313 443 202 294 78 243 496 326 203 51 294 446 291 180 185 253 330 82 375 175 139 156 298 160 19 69 294 290 55 453 298 184 423 50 303 472 478 238 74 308 390 369 455 294 316 44 276 164 311 468 378 319 182 241 101 95 462 22 500 408 331 1 378 257 282 453 44 145 368 101 287 90 463 485 471 66 111 337 
226 368 482 126 483 266 248 118 313 306 425 85 286 39 144 345 141 111 195 130 105 111 195 340 279 137 173 467 200 209 296 246 312 491 496 135 129 442 170 164 178 138 70 134 193 156 474 221 177 337 145 173 486 328 373 140 182 349 275 245 109 305 111 245 126 113 275 136 267 376 126 152 402 166 190 430 91 148 12 160 350 229 411 38 124 19 94 295 405 346 241 489 422 191 95 348 42 293 444 459 
301 492 152 499 291 392 107 3 1 171 238 31 180 342 362 120 286 237 148 8 469 361 361 236 372 403 483 111 112 245 31 12 197 475 144 123 285 394 22 30 209 66 95 105 226 457 119 413 442 130 167 248 200 55 179 267 224 441 6 331 297 9 143 34 216 80 446 320 430 478 3 392 156 245 101 186 136 31 309 162 314 134 142 338 356 398 283 453 388 465 309 363 81 74 428 401 350 208 93 268 
55 216 102 194 257 484 429 227 284 0 43 179 339 341 321 283 204 89 404 17 40 31 433 437 184 287 135 267 326 233 62 261 402 37 362 286 364 366 72 158 197 90 190 80 52 401 72 267 149 16 344 33 189 326 165 55 148 262 219 453 467 364 119 341 110 47 110 237 231 97 440 304 286 55 395 128 182 446 470 408 114 360 74 45 222 49 451 109 340 249 267 415 256 247 84 165 451 76 289 348 
425 391 346 373 478 426 326 220 195 440 43 215 268 443 234 103 67 471 436 448 116 238 310 2 26 123 465 320 186 292 324 465 442 33 8 11 228 359 475 385 355 166 197 141 499 59 31 9 246 135 249 260 448 225 38 64 455 7 290 497 34 293 136 188 261 78 155 452 466 98 416 371 18 326 420 309 121 413 44 80 438 230 135 451 64 263 365 162 34 177 198 113 269 226 483 418 202 416 478 121 
192 286 191 417 43 330 21 480 453 234 223 492 338 381 364 461 415 314 436 429 1 447 461 376 36 127 218 498 437 216 177 18 306 193 109 468 444 224 53 308 213 269 484 217 226 66 316 198 54 120 155 476 296 44 452 215 183 334 266 436 135 172 487 383 242 189 211 135 70 27 305 153 419 15 117 334 383 143 347 325 412 156 122 59 331 26 377 204 367 264 221 334 9 174 278 7 50 222 129 323 
457 52 247 481 263 402 195 309 169 451 402 28 52 290 36 296 273 353 234 230 148 250 125 249 461 418 375 106 22 132 11 249 10 115 494 494 75 419 344 95 18 43 162 80 210 62 169 242 8 427 324 212 6 427 337 200 157 217 316 443 423 355 179 360 166 449 487 213 296 223 89 470 290 316 376 243 216 482 198 93 94 260 182 52 162 254 448 342 61 427 315 140 208 264 337 314 210 117 292 155 
417 481 186 27 58 218 474 480 208 40 378 67 225 67 373 118 205 466 445 95 4 454 279 323 191 467 433 263 81 346 310 309 199 307 64 370 216 75 399 85 366 385 147 310 347 330 227 191 22 392 237 448 454 397 357 429 53 176 364 289 361 462 57 385 286 128 383 129 42 241 342 331 214 124 287 96 265 306 448 40 69 495 110 202 470 495 222 228 422 441 23 447 278 272 229 442 419 256 271 279 
239 294 161 149 355 264 215 218 353 146 453 291 156 338 442 80 59 164 227 182 105 497 306 146 67 450 233 146 101 119 348 410 167 73 81 41 379 382 456 422 469 345 145 189 331 270 341 188 44 69 276 99 188 212 152 22 289 263 106 484 177 311 238 429 67 47 475 118 180 113 284 321 493 464 20 451 61 221 232 67 283 85 147 14 390 450 446 136 379 101 246 280 243 390 31 193 462 293 300 375 
62 27 443 139 155 153 235 441 266 57 44 190 473 130 131 143 6 177 250 232 451 347 241 258 164 270 289 179 392 457 111 276 295 259 242 495 61 167 38 237 335 333 234 185 176 384 112 9 298 255 14 137 71 28 496 207 177 77 328 396 393 80 336 176 107 385 145 303 147 226 326 448 52 272 334 398 119 136 134 82 436 404 251 79 432 370 152 276 165 244 458 186 302 340 321 194 95 226 93 353 
124 290 132 69 125 323 119 105 344 421 429 47 185 418 188 43 177 111 164 419 408 335 439 237 100 368 96 325 451 350 480 243 476 234 141 446 107 407 397 223 239 198 56 192 483 479 126 312 25 458 389 92 423 352 109 491 23 24 262 463 155 450 148 494 414 187 18 115 215 170 174 314 446 127 98 143 295 122 94 207 35 382 412 139 309 241 472 466 1 468 495 106 149 10 204 131 120 96 59 339 
11 248 167 22 424 192 416 323 247 59 268 161 224 452 278 163 129 387 473 312 277 147 365 313 108 151 389 472 93 247 139 336 192 83 390 133 149 281 385 12 49 155 422 168 358 437 245 130 189 184 108 44 358 136 397 137 87 109 36 464 298 194 213 234 156 228 104 24 462 454 256 172 362 129 338 112 152 425 115 38 216 291 37 163 446 382 128 356 64 198 302 456 463 348 267 13 142 480 240 419 
244 494 385 244 108 232 288 466 398 340 264 223 411 236 162 222 347 439 300 312 165 413 65 153 364 247 217 262 467 291 369 53 178 49 423 423 338 400 345 186 154 109 139 493 93 9 258 442 225 25 479 310 155 393 406 13 290 109 314 121 230 73 486 297 204 89 264 319 410 335 169 101 129 97 38 439 110 450 60 431 318 131 29 62 476 236 409 26 141 7 396 102 118 82 498 368 369 367 64 78 
210 500 235 214 97 132 131 477 341 67 487 156 415 135 175 143 454 15 441 278 130 78 32 58 382 261 317 345 199 34 259 31 138 356 131 464 64 277 339 316 372 252 356 156 127 315 129 339 459 400 486 493 487 452 241 425 81 476 3 259 347 212 409 381 315 498 7 39 196 418 98 188 207 288 500 274 421 178 271 53 232 169 242 127 22 245 320 261 141 147 246 422 482 269 159 209 201 313 413 359 
456 4 171 144 460 394 357 441 309 381 128 323 404 248 189 252 377 273 359 381 46 475 400 197 242 399 483 29 191 287 213 276 285 72 90 288 55 288 451 81 76 319 32 366 156 479 55 166 12 425 490 373 427 117 371 431 215 27 156 450 256 125 265 199 213 89 354 259 127 160 277 481 84 42 293 150 17 104 280 499 157 93 445 468 53 433 324 203 16 198 52 144 410 82 375 231 49 399 233 180 
21 31 38 478 142 198 353 203 229 167 459 498 322 493 5 412 322 251 237 281 208 263 188 210 21 440 419 388 379 291 269 420 62 276 319 108 445 264 283 328 306 217 446 340 471 260 41 402 151 351 400 304 393 6 400 318 143 178 134 70 436 154 169 383 188 254 6 435 160 74 458 142 497 81 262 351 46 349 52 150 246 363 16 58 52 96 291 59 91 120 280 264 228 88 481 293 267 254 421 245 
498 208 277 498 312 370 329 417 155 329 24 33 63 348 177 22 422 405 245 350 285 153 446 470 448 118 22 435 367 87 60 134 333 187 222 414 82 342 228 383 305 80 208 120 223 424 44 396 21 481 151 167 345 97 266 153 452 71 32 462 122 88 310 26 217 120 237 312 443 162 24 351 466 387 354 119 454 98 133 493 91 249 143 293 369 313 369 36 438 269 482 199 136 240 205 266 211 379 308 456 
185 242 126 441 417 16 287 213 273 282 33 185 446 45 46 194 210 237 110 489 497 133 378 16 215 109 28 58 326 19 415 265 171 365 335 499 424 496 357 375 317 73 37 282 256 382 118 84 350 49 433 322 389 447 468 470 136 396 442 333 219 68 311 388 218 387 257 419 108 322 190 447 321 308 192 34 87 421 424 455 449 292 286 271 321 468 485 310 133 494 20 149 25 175 290 485 491 50 95 164 
259 245 270 2 232 155 454 203 317 407 494 278 304 264 346 131 169 328 450 289 412 213 52 497 166 461 477 180 263 437 211 107 193 171 76 194 87 284 16 228 285 421 349 306 401 130 328 273 202 170 498 346 8 58 140 230 494 145 328 382 294 351 102 394 261 236 86 305 357 304 20 491 36 411 265 59 263 242 241 237 26 469 321 445 421 361 257 499 404 224 355 158 452 381 455 124 461 191 258 344 
279 170 271 121 377 77 440 467 157 284 77 15 383 124 330 315 411 387 340 483 344 241 303 357 313 119 180 293 284 389 147 101 452 373 396 352 414 393 171 404 165 398 473 136 237 118 42 81 179 279 170 23 132 164 456 143 389 281 78 466 220 193 40 366 276 49 411 3 131 377 77 493 293 324 321 74 9 439 207 492 163 491 286 138 452 153 446 244 207 48 194 194 240 366 9 316 142 404 160 145 
369 300 86 147 188 404 318 277 155 206 363 180 397 265 402 438 317 122 89 246 176 342 345 131 223 28 169 206 103 125 398 19 252 336 67 249 27 56 366 239 122 281 378 118 326 43 249 289 491 163 422 61 231 474 287 160 436 192 326 288 28 302 403 23 23 83 211 135 170 496 438 447 499 256 435 130 435 125 343 393 124 385 408 24 406 469 230 265 313 224 151 442 117 467 190 377 84 159 219 386 
222 207 469 325 118 266 369 485 52 306 26 412 330 45 129 496 359 251 468 68 284 341 44 172 486 45 397 224 329 106 456 454 428 272 77 255 311 155 451 459 154 424 443 28 97 441 11 184 495 30 28 27 44 345 440 58 231 392 135 37 454 300 101 280 355 439 489 390 63 469 55 197 60 73 362 215 338 220 427 7 190 382 479 77 317 429 331 476 337 44 375 79 136 15 271 489 399 362 413 239 
20 131 130 1 337 371 487 494 303 282 362 432 366 324 448 499 429 234 280 449 287 67 45 487 437 402 124 192 281 189 428 185 5 209 261 111 256 212 500 316 89 187 459 37 407 377 316 315 267 392 363 94 350 198 393 262 276 368 42 368 52 243 1 99 372 2 398 458 221 336 97 4 261 65 135 179 186 86 208 140 431 413 188 352 139 488 105 301 233 260 268 202 447 95 263 120 97 157 388 378 
475 206 118 212 482 302 394 151 449 413 3 486 415 492 76 226 440 298 251 30 138 400 253 498 90 208 113 61 189 125 377 233 471 357 455 109 336 321 302 266 131 116 19 246 122 327 110 176 63 369 404 26 479 184 453 458 415 440 344 146 488 219 31 402 114 161 46 336 447 218 233 138 362 77 20 131 92 408 429 348 64 312 342 326 387 213 144 328 228 404 279 469 9 151 392 498 446 22 179 13 
388 56 40 202 404 19 300 359 214 409 454 412 222 130 69 161 34 77 339 65 100 322 370 389 157 183 261 67 190 412 231 193 410 61 58 390 428 416 39 143 318 159 89 490 372 134 167 482 63 294 455 212 161 110 337 446 32 20 120 50 311 50 73 12 438 401 144 320 227 354 384 269 341 336 217 404 261 429 260 134 378 19 341 85 61 128 431 221 388 132 395 181 152 58 330 106 441 340 157 478 
51 171 122 224 352 310 278 183 395 402 340 494 259 46 365 406 230 293 456 500 313 28 322 228 148 273 212 67 422 405 259 245 483 41 194 431 476 355 196 297 472 433 383 112 84 471 297 91 167 104 7 495 233 352 417 152 493 310 313 106 455 164 249 205 458 162 314 199 384 29 4 293 61 360 497 466 152 216 368 133 394 458 99 361 123 435 184 188 352 58 360 41 223 295 223 68 99 391 307 331 
387 77 96 271 240 108 388 325 479 343 108 265 327 466 291 186 437 70 381 320 30 41 288 441 170 335 121 105 383 47 39 6 375 481 14 335 322 280 390 401 368 488 205 294 351 245 245 475 357 105 39 499 345 191 423 441 220 123 433 11 174 211 83 31 2 446 403 304 271 483 117 168 11 353 393 1 188 1 42 403 165 324 312 410 264 88 434 170 337 485 196 41 250 81 73 275 498 270 345 441 
129 123 270 397 366 64 5 377 62 399 195 77 24 183 82 358 137 299 435 495 486 367 442 18 207 35 63 53 404 269 460 362 276 140 111 497 424 219 464 136 141 5 298 463 12 466 334 272 299 7 225 236 51 319 301 457 388 388 413 335 495 125 407 87 412 147 238 449 128 162 104 225 385 376 227 485 232 235 227 190 221 94 129 43 33 159 97 297 204 350 123 402 247 48 348 464 20 63 173 1 
276 388 449 144 2 181 231 170 79 430 140 99 295 449 62 119 471 334 144 75 247 360 439 304 56 409 467 73 197 293 246 130 242 224 357 52 276 241 464 225 243 125 204 4 478 125 348 96 162 484 21 257 425 223 426 328 338 405 162 149 110 202 97 19 12 334 497 93 128 420 438 128 464 89 388 263 346 248 417 257 392 235 373 242 4 234 234 103 265 92 224 2 477 395 185 184 129 60 142 480 
74 418 229 390 301 424 472 377 481 438 99 484 216 163 454 236 252 111 246 123 174 405 30 231 200 192 142 419 9 230 67 180 46 255 304 175 174 395 220 29 35 373 129 430 126 65 273 381 275 83 424 421 255 230 277 124 115 32 228 349 460 394 251 470 194 228 365 399 100 285 389 447 260 288 212 431 178 435 434 125 452 104 170 446 491 474 211 25 1 122 388 233 40 183 251 379 134 390 61 312 
125 256 121 56 27 390 430 53 360 175 398 68 20 395 317 55 319 266 226 18 33 399 134 26 355 370 397 157 99 447 397 26 266 39 100 11 385 34 482 38 387 306 361 301 317 219 21 383 58 225 161 301 370 100 397 291 269 361 432 55 4 81 311 422 413 268 92 285 232 426 165 420 190 325 283 371 43 417 340 143 201 334 375 292 18 383 132 86 86 60 94 499 148 100 393 403 95 106 34 460 
397 491 144 13 12 224 206 297 238 126 43 291 114 372 143 3 93 302 288 101 150 363 148 230 280 33 487 297 89 157 315 141 137 42 203 384 371 78 461 192 184 369 70 394 197 76 130 343 185 218 136 314 195 364 150 349 471 351 206 341 353 389 150 136 461 414 230 330 122 98 456 490 229 41 270 8 248 125 369 447 322 469 460 332 227 342 292 335 104 211 1 237 453 67 369 14 15 403 36 233 
