0.000347 800 1.200000 0.018000 0.917500 0.436492 
0.101076 800 1.200000 0.018000 0.917500 0.436492 
0.201734 800 1.200000 0.018000 0.917500 0.435575 
0.302308 800 1.200000 0.018000 0.917500 0.435575 
0.402914 800 1.200000 0.018000 0.917500 0.435575 
0.503517 800 1.200000 0.018000 0.917500 0.439243 
0.604090 800 1.200000 0.018000 0.917500 0.439243 
0.704666 800 1.200000 0.018000 0.917500 0.439243 
0.805256 800 1.200000 0.018000 0.917500 0.435575 
0.905825 800 1.200000 0.018000 0.917500 0.435575 
1.006388 800 1.200000 0.018000 0.917500 0.441077 
1.107041 800 1.200000 0.018000 0.917500 0.441077 
1.207577 800 1.200000 0.018000 0.917500 0.441077 
1.308128 800 1.200000 0.018000 0.917500 0.440160 
1.408704 800 1.200000 0.018000 0.917500 0.440160 
1.509260 800 1.200000 0.018000 0.917500 0.441077 
1.609808 800 1.200000 0.018000 0.917500 0.441077 
1.710373 800 1.200000 0.018000 0.917500 0.441077 
1.810926 800 1.200000 0.018000 0.917500 0.441077 
1.911480 800 1.200000 0.018000 0.917500 0.441077 
2.012028 800 1.200000 0.018000 0.917500 0.441077 
2.112576 800 1.200000 0.018000 0.917500 0.441077 
2.213128 800 1.200000 0.018000 0.917500 0.441077 
2.313694 800 1.200000 0.018000 0.917500 0.442911 
2.414244 800 1.200000 0.018000 0.917500 0.442911 
2.514789 800 1.200000 0.018000 0.917500 0.442911 
2.615342 800 1.200000 0.018000 0.917500 0.441994 
2.715912 800 1.200000 0.018000 0.917500 0.441994 
2.816489 800 1.200000 0.018000 0.917500 0.440160 
2.917039 800 1.200000 0.018000 0.917500 0.440160 
3.017581 800 1.200000 0.018000 0.917500 0.440160 
3.118229 800 1.200000 0.018000 0.917500 0.441077 
3.218792 800 1.200000 0.018000 0.917500 0.441077 
3.319342 800 1.200000 0.018000 0.917500 0.441077 
3.419912 800 1.200000 0.018000 0.917500 0.441994 
3.520665 800 1.200000 0.018000 0.917500 0.441994 
3.621238 800 1.200000 0.018000 0.917500 0.441077 
3.721791 800 1.200000 0.018000 0.917500 0.441077 
3.822340 800 1.200000 0.018000 0.917500 0.441077 
3.922927 800 1.200000 0.018000 0.917500 0.441077 
4.023490 800 1.200000 0.018000 0.917500 0.441077 
4.124040 800 1.200000 0.018000 0.917500 0.441077 
4.224586 800 1.200000 0.018000 0.917500 0.441077 
4.325131 800 1.200000 0.018000 0.917500 0.441077 
4.425677 800 1.200000 0.018000 0.917500 0.441077 
4.526258 800 1.200000 0.018000 0.917500 0.441077 
4.626820 800 1.200000 0.018000 0.917500 0.441077 
4.727370 800 1.200000 0.018000 0.917500 0.441077 
4.827964 800 1.200000 0.018000 0.917500 0.441077 
4.928519 800 1.200000 0.018000 0.917500 0.441077 
5.029074 800 1.200000 0.018000 0.917500 0.441077 
5.129627 800 1.200000 0.018000 0.917500 0.441077 
5.230177 800 1.200000 0.018000 0.917500 0.441077 
5.330727 800 1.200000 0.018000 0.917500 0.441077 
5.431276 800 1.200000 0.018000 0.917500 0.441077 
5.531826 800 1.200000 0.018000 0.917500 0.441077 
5.632390 800 1.200000 0.018000 0.917500 0.441077 
5.733001 800 1.200000 0.018000 0.917500 0.441994 
5.833569 800 1.200000 0.018000 0.917500 0.441994 
5.934121 800 1.200000 0.018000 0.917500 0.441994 
6.034705 800 1.200000 0.018000 0.917500 0.439243 
6.135263 800 1.200000 0.018000 0.917500 0.439243 
6.235813 800 1.200000 0.018000 0.917500 0.439243 
6.336363 800 1.200000 0.018000 0.917500 0.440160 
6.436914 800 1.200000 0.018000 0.917500 0.440160 
6.537477 800 1.200000 0.018000 0.917500 0.441994 
6.638080 800 1.200000 0.018000 0.917500 0.441994 
6.738638 800 1.200000 0.018000 0.917500 0.441994 
6.839191 800 1.200000 0.018000 0.917500 0.441077 
6.939748 800 1.200000 0.018000 0.917500 0.441077 
7.040323 800 1.200000 0.018000 0.917500 0.441077 
7.140919 800 1.200000 0.018000 0.917500 0.441077 
7.241474 800 1.200000 0.018000 0.917500 0.441077 
7.342027 800 1.200000 0.018000 0.917500 0.441077 
7.442579 800 1.200000 0.018000 0.917500 0.441077 
7.543135 800 1.200000 0.018000 0.917500 0.441077 
7.643699 800 1.200000 0.018000 0.917500 0.442911 
7.744253 800 1.200000 0.018000 0.917500 0.442911 
7.844799 800 1.200000 0.018000 0.917500 0.441994 
7.945350 800 1.200000 0.018000 0.917500 0.441994 
8.045907 800 1.200000 0.018000 0.917500 0.441994 
8.146463 800 1.200000 0.018000 0.917500 0.441994 
8.247114 800 1.200000 0.018000 0.917500 0.441994 
8.347728 800 1.200000 0.018000 0.917500 0.441994 
8.448284 800 1.200000 0.018000 0.917500 0.440160 
8.548840 800 1.200000 0.018000 0.917500 0.440160 
8.649407 800 1.200000 0.018000 0.917500 0.441994 
8.749977 800 1.200000 0.018000 0.917500 0.441994 
8.850528 800 1.200000 0.018000 0.917500 0.441994 
8.951080 800 1.200000 0.018000 0.917500 0.441077 
9.051630 800 1.200000 0.018000 0.917500 0.441077 
9.152182 800 1.200000 0.018000 0.917500 0.441077 
9.252778 800 1.200000 0.018000 0.917500 0.441077 
9.353436 800 1.200000 0.018000 0.917500 0.441077 
9.453999 800 1.200000 0.018000 0.917500 0.440160 
9.554559 800 1.200000 0.018000 0.917500 0.440160 
9.655155 800 1.200000 0.018000 0.917500 0.440160 
9.755789 800 1.200000 0.018000 0.917500 0.441077 
9.856370 800 1.200000 0.018000 0.917500 0.441077 
9.956955 800 1.200000 0.018000 0.917500 0.438326 
10.057531 800 1.200000 0.018000 0.917500 0.438326 
10.158124 800 1.200000 0.018000 0.917500 0.438326 
10.258680 800 1.200000 0.018000 0.917500 0.441077 
10.359236 800 1.200000 0.018000 0.917500 0.441077 
10.459789 800 1.200000 0.018000 0.917500 0.441077 
10.560375 800 1.200000 0.018000 0.917500 0.441994 
10.660954 800 1.200000 0.018000 0.917500 0.441994 
10.761524 800 1.200000 0.018000 0.917500 0.441994 
10.862114 800 1.200000 0.018000 0.917500 0.441994 
10.962725 800 1.200000 0.018000 0.917500 0.441994 
11.063297 800 1.200000 0.018000 0.917500 0.441077 
11.163879 800 1.200000 0.018000 0.917500 0.441077 
11.264495 800 1.200000 0.018000 0.917500 0.441077 
11.365143 800 1.200000 0.018000 0.917500 0.441077 
11.465705 800 1.200000 0.018000 0.917500 0.441077 
11.566261 800 1.200000 0.018000 0.917500 0.441077 
11.666835 800 1.200000 0.018000 0.917500 0.441077 
11.767393 800 1.200000 0.018000 0.917500 0.441077 
11.867994 800 1.200000 0.018000 0.917500 0.441994 
11.968561 800 1.200000 0.018000 0.917500 0.441994 
12.069128 800 1.200000 0.018000 0.917500 0.441077 
12.169686 800 1.200000 0.018000 0.917500 0.441077 
12.270252 800 1.200000 0.018000 0.917500 0.441077 
12.370822 800 1.200000 0.018000 0.917500 0.441077 
12.471383 800 1.200000 0.018000 0.917500 0.441077 
12.571935 800 1.200000 0.018000 0.917500 0.441077 
12.672511 800 1.200000 0.018000 0.917500 0.440160 
12.773107 800 1.200000 0.018000 0.917500 0.440160 
12.873664 800 1.200000 0.018000 0.917500 0.441994 
12.974225 800 1.200000 0.018000 0.917500 0.441994 
13.074786 800 1.200000 0.018000 0.917500 0.441994 
13.175351 800 1.200000 0.018000 0.917500 0.441077 
13.275906 800 1.200000 0.018000 0.917500 0.441077 
13.376461 800 1.200000 0.018000 0.917500 0.441994 
13.477013 800 1.200000 0.018000 0.917500 0.441994 
13.577580 800 1.200000 0.018000 0.917500 0.441994 
13.678144 800 1.200000 0.018000 0.917500 0.441077 
13.778706 800 1.200000 0.018000 0.917500 0.441077 
13.879263 800 1.200000 0.018000 0.917500 0.441077 
13.979821 800 1.200000 0.018000 0.917500 0.441077 
14.080379 800 1.200000 0.018000 0.917500 0.441077 
14.180938 800 1.200000 0.018000 0.917500 0.441077 
14.281494 800 1.200000 0.018000 0.917500 0.441077 
14.382048 800 1.200000 0.018000 0.917500 0.441077 
14.482579 800 1.200000 0.018000 0.917500 0.439243 
14.583148 800 1.200000 0.018000 0.917500 0.439243 
14.683715 800 1.200000 0.018000 0.917500 0.439243 
14.784287 800 1.200000 0.018000 0.917500 0.440160 
14.884844 800 1.200000 0.018000 0.917500 0.440160 
14.985398 800 1.200000 0.018000 0.917500 0.439243 
15.085967 800 1.200000 0.018000 0.917500 0.439243 
15.186531 800 1.200000 0.018000 0.917500 0.439243 
15.287090 800 1.200000 0.018000 0.917500 0.440160 
15.387687 800 1.200000 0.018000 0.917500 0.440160 
15.488247 800 1.200000 0.018000 0.917500 0.442911 
15.588801 800 1.200000 0.018000 0.917500 0.442911 
15.689368 800 1.200000 0.018000 0.917500 0.442911 
15.789923 800 1.200000 0.018000 0.917500 0.440160 
15.890495 800 1.200000 0.018000 0.917500 0.440160 
15.991051 800 1.200000 0.018000 0.917500 0.440160 
16.091609 800 1.200000 0.018000 0.917500 0.441994 
16.192165 800 1.200000 0.018000 0.917500 0.441994 
16.292755 800 1.200000 0.018000 0.917500 0.441077 
16.393394 800 1.200000 0.018000 0.917500 0.441077 
16.493966 800 1.200000 0.018000 0.917500 0.441077 
16.594521 800 1.200000 0.018000 0.917500 0.440160 
16.695086 800 1.200000 0.018000 0.917500 0.440160 
16.795642 800 1.200000 0.018000 0.917500 0.440160 
16.896195 800 1.200000 0.018000 0.917500 0.441077 
16.996746 800 1.200000 0.018000 0.917500 0.441077 
17.097307 800 1.200000 0.018000 0.917500 0.439243 
17.197898 800 1.200000 0.018000 0.917500 0.439243 
17.298450 800 1.200000 0.018000 0.917500 0.439243 
17.399008 800 1.200000 0.018000 0.917500 0.441077 
17.499678 800 1.200000 0.018000 0.917500 0.441077 
17.600250 800 1.200000 0.018000 0.917500 0.441077 
17.700831 800 1.200000 0.018000 0.917500 0.441077 
17.801399 800 1.200000 0.018000 0.917500 0.441077 
17.901960 800 1.200000 0.018000 0.917500 0.441994 
18.002518 800 1.200000 0.018000 0.917500 0.441994 
18.103116 800 1.200000 0.018000 0.917500 0.441994 
18.203672 800 1.200000 0.018000 0.917500 0.440160 
18.304229 800 1.200000 0.018000 0.917500 0.440160 
18.404786 800 1.200000 0.018000 0.917500 0.442911 
18.505345 800 1.200000 0.018000 0.917500 0.442911 
18.605896 800 1.200000 0.018000 0.917500 0.442911 
18.706468 800 1.200000 0.018000 0.917500 0.441077 
18.807031 800 1.200000 0.018000 0.917500 0.441077 
18.907590 800 1.200000 0.018000 0.917500 0.441077 
19.008154 800 1.200000 0.018000 0.917500 0.441994 
19.108724 800 1.200000 0.018000 0.917500 0.441994 
19.209276 800 1.200000 0.018000 0.917500 0.443828 
19.309844 800 1.200000 0.018000 0.917500 0.443828 
19.410456 800 1.200000 0.018000 0.917500 0.443828 
19.511131 800 1.200000 0.018000 0.917500 0.441994 
19.611695 800 1.200000 0.018000 0.917500 0.441994 
19.712272 800 1.200000 0.018000 0.917500 0.441994 
19.812879 800 1.200000 0.018000 0.917500 0.441994 
19.913433 800 1.200000 0.018000 0.917500 0.441994 
20.013986 800 1.200000 0.018000 0.917500 0.441994 
20.114545 800 1.200000 0.018000 0.917500 0.441994 
20.215098 800 1.200000 0.018000 0.917500 0.441994 
20.315651 800 1.200000 0.018000 0.917500 0.441994 
20.416247 800 1.200000 0.018000 0.917500 0.441994 
20.516861 800 1.200000 0.018000 0.917500 0.440160 
20.617439 800 1.200000 0.018000 0.917500 0.440160 
20.718067 800 1.200000 0.018000 0.917500 0.440160 
20.818630 800 1.200000 0.018000 0.917500 0.438326 
20.919202 800 1.200000 0.018000 0.917500 0.438326 
21.019764 800 1.200000 0.018000 0.917500 0.438326 
21.120354 800 1.200000 0.018000 0.917500 0.441077 
21.220906 800 1.200000 0.018000 0.917500 0.441077 
21.321455 800 1.201250 0.018015 0.917500 0.442911 
21.422020 800 1.201250 0.018015 0.917500 0.442911 
21.522582 800 1.201250 0.018015 0.917500 0.442911 
21.623130 800 1.200000 0.018000 0.917500 0.441994 
21.723721 800 1.200000 0.018000 0.917500 0.441994 
21.824277 800 1.200000 0.018000 0.917500 0.441994 
21.924832 800 1.200000 0.018000 0.917500 0.441994 
22.025393 800 1.200000 0.018000 0.917500 0.441994 
22.125944 800 1.200000 0.018000 0.917500 0.442911 
22.226498 800 1.200000 0.018000 0.917500 0.442911 
22.327064 800 1.200000 0.018000 0.917500 0.442911 
22.427667 800 1.200000 0.018000 0.917500 0.441994 
22.528229 800 1.200000 0.018000 0.917500 0.441994 
22.628791 800 1.200000 0.018000 0.917500 0.442911 
22.729352 800 1.200000 0.018000 0.917500 0.442911 
22.829905 800 1.200000 0.018000 0.917500 0.442911 
22.930463 800 1.200000 0.018000 0.917500 0.441994 
23.031030 800 1.200000 0.018000 0.917500 0.441994 
23.131585 800 1.200000 0.018000 0.917500 0.441994 
23.232150 800 1.200000 0.018000 0.917500 0.441994 
23.332756 800 1.200000 0.018000 0.917500 0.441994 
23.433316 800 1.200000 0.018000 0.917500 0.439243 
23.533873 800 1.200000 0.018000 0.917500 0.439243 
23.634440 800 1.200000 0.018000 0.917500 0.439243 
23.735008 800 1.201250 0.018015 0.917500 0.442911 
23.835655 800 1.201250 0.018015 0.917500 0.442911 
23.936435 800 1.200000 0.018000 0.917500 0.422737 
24.037139 800 1.200000 0.018000 0.917500 0.422737 
24.137890 800 1.200000 0.018000 0.917500 0.422737 
