0.000240 1200 1.200000 0.018000 1.015000 0.739935 
0.100774 1200 1.200000 0.018000 1.015000 0.739935 
0.201280 1200 1.200000 0.018000 1.015000 0.759220 
0.301703 1200 1.200000 0.018000 1.015000 0.759220 
0.402105 1200 1.200000 0.018000 1.015000 0.759220 
0.502506 1200 1.200000 0.018000 1.015000 0.795760 
0.602908 1200 1.200000 0.018000 1.015000 0.795760 
0.703305 1200 1.200000 0.018000 1.015000 0.795760 
0.803759 1200 1.200000 0.018000 1.015000 0.792715 
0.904163 1200 1.200000 0.018000 1.015000 0.792715 
1.004588 1200 1.200000 0.018000 1.015000 0.793730 
1.105078 1200 1.200000 0.018000 1.015000 0.793730 
1.205493 1200 1.200000 0.018000 1.015000 0.793730 
1.305904 1200 1.200000 0.018000 1.015000 0.793730 
1.406308 1200 1.200000 0.018000 1.015000 0.793730 
1.506706 1200 1.200000 0.018000 1.015000 0.793730 
1.607101 1200 1.200000 0.018000 1.015000 0.794745 
1.707498 1200 1.200000 0.018000 1.015000 0.794745 
1.807911 1200 1.200000 0.018000 1.015000 0.795760 
1.908323 1200 1.200000 0.018000 1.015000 0.795760 
2.008756 1200 1.200000 0.018000 1.015000 0.795760 
2.109151 1200 1.200000 0.018000 1.015000 0.794745 
2.209554 1200 1.200000 0.018000 1.015000 0.794745 
2.309962 1200 1.200000 0.018000 1.015000 0.793730 
2.410364 1200 1.200000 0.018000 1.015000 0.793730 
2.510761 1200 1.200000 0.018000 1.015000 0.793730 
2.611157 1200 1.200000 0.018000 1.015000 0.795760 
2.711565 1200 1.200000 0.018000 1.015000 0.795760 
2.811970 1200 1.200000 0.018000 1.015000 0.795760 
2.912376 1200 1.200000 0.018000 1.015000 0.793730 
3.012776 1200 1.200000 0.018000 1.015000 0.793730 
3.113271 1200 1.200000 0.018000 1.015000 0.794745 
3.213655 1200 1.200000 0.018000 1.015000 0.794745 
3.314061 1200 1.200000 0.018000 1.015000 0.794745 
3.414464 1200 1.200000 0.018000 1.015000 0.794745 
3.514862 1200 1.200000 0.018000 1.015000 0.794745 
3.615259 1200 1.200000 0.018000 1.015000 0.794745 
3.715658 1200 1.200000 0.018000 1.015000 0.794745 
3.816076 1200 1.200000 0.018000 1.015000 0.794745 
3.916495 1200 1.200000 0.018000 1.015000 0.795760 
4.016898 1200 1.200000 0.018000 1.015000 0.795760 
4.117305 1200 1.200000 0.018000 1.015000 0.795760 
4.217714 1200 1.200000 0.018000 1.015000 0.795760 
4.318121 1200 1.200000 0.018000 1.015000 0.795760 
4.418522 1200 1.200000 0.018000 1.015000 0.793730 
4.518952 1200 1.200000 0.018000 1.015000 0.793730 
4.619350 1200 1.200000 0.018000 1.015000 0.793730 
4.719747 1200 1.200000 0.018000 1.015000 0.794745 
4.820158 1200 1.200000 0.018000 1.015000 0.794745 
4.920632 1200 1.200000 0.018000 1.015000 0.794745 
5.021041 1200 1.200000 0.018000 1.015000 0.791700 
5.121445 1200 1.200000 0.018000 1.015000 0.791700 
5.221852 1200 1.200000 0.018000 1.015000 0.795760 
5.322261 1200 1.200000 0.018000 1.015000 0.795760 
5.422663 1200 1.200000 0.018000 1.015000 0.795760 
5.523063 1200 1.200000 0.018000 1.015000 0.795760 
5.623465 1200 1.200000 0.018000 1.015000 0.795760 
5.723939 1200 1.200000 0.018000 1.015000 0.795760 
5.824358 1200 1.200000 0.018000 1.015000 0.793730 
5.924763 1200 1.200000 0.018000 1.015000 0.793730 
6.025185 1200 1.200000 0.018000 1.015000 0.785610 
6.125586 1200 1.200000 0.018000 1.015000 0.785610 
6.225990 1200 1.200000 0.018000 1.015000 0.785610 
6.326395 1200 1.200000 0.018000 1.015000 0.794745 
6.426806 1200 1.200000 0.018000 1.015000 0.794745 
6.527211 1200 1.200000 0.018000 1.015000 0.794745 
6.627639 1200 1.200000 0.018000 1.015000 0.794745 
6.728039 1200 1.200000 0.018000 1.015000 0.794745 
6.828449 1200 1.200000 0.018000 1.015000 0.793730 
6.928917 1200 1.200000 0.018000 1.015000 0.793730 
7.029321 1200 1.200000 0.018000 1.015000 0.793730 
7.129724 1200 1.200000 0.018000 1.015000 0.793730 
7.230134 1200 1.200000 0.018000 1.015000 0.793730 
7.330540 1200 1.200000 0.018000 1.015000 0.791700 
7.430944 1200 1.200000 0.018000 1.015000 0.791700 
7.531344 1200 1.200000 0.018000 1.015000 0.791700 
7.631743 1200 1.200000 0.018000 1.015000 0.796775 
7.732149 1200 1.200000 0.018000 1.015000 0.796775 
7.832559 1200 1.200000 0.018000 1.015000 0.796775 
7.932965 1200 1.200000 0.018000 1.015000 0.794745 
8.033372 1200 1.200000 0.018000 1.015000 0.794745 
8.133881 1200 1.200000 0.018000 1.015000 0.795760 
8.234308 1200 1.200000 0.018000 1.015000 0.795760 
8.334715 1200 1.200000 0.018000 1.015000 0.795760 
8.435116 1200 1.200000 0.018000 1.015000 0.794745 
8.535517 1200 1.200000 0.018000 1.015000 0.794745 
8.635919 1200 1.200000 0.018000 1.015000 0.794745 
8.736319 1200 1.200000 0.018000 1.015000 0.793730 
8.836729 1200 1.200000 0.018000 1.015000 0.793730 
8.937129 1200 1.200000 0.018000 1.015000 0.796775 
9.037530 1200 1.200000 0.018000 1.015000 0.796775 
9.137935 1200 1.200000 0.018000 1.015000 0.796775 
9.238428 1200 1.200000 0.018000 1.015000 0.791700 
9.338876 1200 1.200000 0.018000 1.015000 0.791700 
9.439276 1200 1.200000 0.018000 1.015000 0.794745 
9.539683 1200 1.200000 0.018000 1.015000 0.794745 
9.640081 1200 1.200000 0.018000 1.015000 0.794745 
9.740478 1200 1.200000 0.018000 1.015000 0.794745 
9.840894 1200 1.200000 0.018000 1.015000 0.794745 
9.941298 1200 1.200000 0.018000 1.015000 0.794745 
10.041696 1200 1.200000 0.018000 1.015000 0.795760 
10.142117 1200 1.200000 0.018000 1.015000 0.795760 
10.242523 1200 1.200000 0.018000 1.015000 0.779520 
10.342924 1200 1.200000 0.018000 1.015000 0.779520 
10.443319 1200 1.200000 0.018000 1.015000 0.779520 
10.543750 1200 1.200000 0.018000 1.015000 0.793730 
10.644147 1200 1.200000 0.018000 1.015000 0.793730 
10.744545 1200 1.200000 0.018000 1.015000 0.793730 
10.844958 1200 1.200000 0.018000 1.015000 0.790685 
10.945362 1200 1.200000 0.018000 1.015000 0.790685 
11.045774 1200 1.200000 0.018000 1.015000 0.792715 
11.146177 1200 1.200000 0.018000 1.015000 0.792715 
11.246669 1200 1.200000 0.018000 1.015000 0.792715 
11.347081 1200 1.200000 0.018000 1.015000 0.791700 
11.447503 1200 1.200000 0.018000 1.015000 0.791700 
11.547912 1200 1.200000 0.018000 1.015000 0.794745 
11.648312 1200 1.200000 0.018000 1.015000 0.794745 
11.748746 1200 1.200000 0.018000 1.015000 0.794745 
11.849163 1200 1.200000 0.018000 1.015000 0.794745 
11.949573 1200 1.200000 0.018000 1.015000 0.794745 
12.049972 1200 1.200000 0.018000 1.015000 0.794745 
12.150376 1200 1.200000 0.018000 1.015000 0.792715 
12.250797 1200 1.200000 0.018000 1.015000 0.792715 
12.351202 1200 1.200000 0.018000 1.015000 0.794745 
12.451610 1200 1.200000 0.018000 1.015000 0.794745 
12.552016 1200 1.200000 0.018000 1.015000 0.794745 
12.652416 1200 1.200000 0.018000 1.015000 0.792715 
12.752817 1200 1.200000 0.018000 1.015000 0.792715 
12.853222 1200 1.200000 0.018000 1.015000 0.792715 
12.953648 1200 1.200000 0.018000 1.015000 0.792715 
13.054051 1200 1.200000 0.018000 1.015000 0.792715 
13.154457 1200 1.200000 0.018000 1.015000 0.792715 
13.254863 1200 1.200000 0.018000 1.015000 0.792715 
13.355264 1200 1.200000 0.018000 1.015000 0.792715 
13.455662 1200 1.200000 0.018000 1.015000 0.796775 
13.556066 1200 1.200000 0.018000 1.015000 0.796775 
13.656468 1200 1.200000 0.018000 1.015000 0.791700 
13.756872 1200 1.200000 0.018000 1.015000 0.791700 
13.857283 1200 1.200000 0.018000 1.015000 0.791700 
13.957688 1200 1.200000 0.018000 1.015000 0.792715 
14.058107 1200 1.200000 0.018000 1.015000 0.792715 
14.158517 1200 1.200000 0.018000 1.015000 0.792715 
14.258957 1200 1.200000 0.018000 1.015000 0.795760 
14.359360 1200 1.200000 0.018000 1.015000 0.795760 
14.459766 1200 1.200000 0.018000 1.015000 0.792715 
14.560169 1200 1.200000 0.018000 1.015000 0.792715 
14.660569 1200 1.200000 0.018000 1.015000 0.792715 
14.760969 1200 1.200000 0.018000 1.015000 0.792715 
14.861377 1200 1.200000 0.018000 1.015000 0.792715 
14.961778 1200 1.200000 0.018000 1.015000 0.792715 
15.062182 1200 1.200000 0.018000 1.015000 0.794745 
15.162608 1200 1.200000 0.018000 1.015000 0.794745 
15.263009 1200 1.200000 0.018000 1.015000 0.790685 
15.363415 1200 1.200000 0.018000 1.015000 0.790685 
15.463848 1200 1.200000 0.018000 1.015000 0.790685 
15.564249 1200 1.200000 0.018000 1.015000 0.794745 
15.664667 1200 1.200000 0.018000 1.015000 0.794745 
