0.000319 600 1.198750 0.182096 1.158750 0.015054 
0.100888 600 1.198750 0.177304 1.158750 0.015054 
0.201485 600 1.198750 0.177304 1.158750 0.015054 
0.301965 600 1.198750 0.178502 1.158750 0.015054 
0.402439 600 1.198750 0.178502 1.158750 0.015054 
0.502864 600 1.198750 0.178502 1.158750 0.015054 
0.603269 600 1.198750 0.185690 1.158750 0.015054 
0.703667 600 1.198750 0.185690 1.158750 0.015054 
0.804078 600 1.198750 0.183294 1.158750 0.015054 
0.904513 600 1.198750 0.183294 1.158750 0.015054 
1.004931 600 1.198750 0.183294 1.158750 0.015054 
1.105499 600 1.198750 0.185690 1.158750 0.015054 
1.205930 600 1.198750 0.185690 1.158750 0.015054 
1.306397 600 1.198750 0.185690 1.158750 0.015054 
1.406802 600 1.198750 0.182096 1.158750 0.015054 
1.507196 600 1.198750 0.182096 1.158750 0.015054 
1.607582 600 1.198750 0.183294 1.158750 0.015054 
1.708010 600 1.198750 0.183294 1.158750 0.015054 
1.808413 600 1.198750 0.183294 1.158750 0.015054 
1.908857 600 1.198750 0.183294 1.158750 0.015054 
2.009269 600 1.198750 0.183294 1.158750 0.015054 
2.109662 600 1.198750 0.183294 1.158750 0.015054 
2.210080 600 1.198750 0.183294 1.158750 0.015054 
2.310515 600 1.198750 0.183294 1.158750 0.015054 
2.410955 600 1.198750 0.183294 1.158750 0.015054 
2.511359 600 1.198750 0.183294 1.158750 0.015054 
2.611754 600 1.198750 0.183294 1.158750 0.015054 
2.712180 600 1.198750 0.183294 1.158750 0.015054 
2.812574 600 1.198750 0.183294 1.158750 0.015054 
2.912996 600 1.198750 0.183294 1.158750 0.015054 
3.013394 600 1.198750 0.182096 1.158750 0.015054 
3.113968 600 1.198750 0.182096 1.158750 0.015054 
3.214402 600 1.198750 0.183294 1.158750 0.015054 
3.314856 600 1.198750 0.183294 1.158750 0.015054 
3.415282 600 1.198750 0.183294 1.158750 0.015054 
3.515686 600 1.198750 0.183294 1.158750 0.015054 
3.616085 600 1.198750 0.183294 1.158750 0.015054 
3.716497 600 1.198750 0.183294 1.158750 0.015054 
3.816894 600 1.198750 0.183294 1.158750 0.015054 
3.917374 600 1.198750 0.183294 1.158750 0.015054 
4.017786 600 1.198750 0.184492 1.158750 0.015054 
4.118219 600 1.198750 0.184492 1.158750 0.015054 
4.218617 600 1.198750 0.184492 1.158750 0.015054 
4.319049 600 1.198750 0.184492 1.158750 0.015054 
4.419472 600 1.198750 0.184492 1.158750 0.015054 
4.519872 600 1.198750 0.185690 1.158750 0.015054 
4.620330 600 1.198750 0.185690 1.158750 0.015054 
4.720750 600 1.198750 0.185690 1.158750 0.015054 
4.821149 600 1.198750 0.183294 1.158750 0.015054 
4.921541 600 1.198750 0.183294 1.158750 0.015054 
5.021929 600 1.198750 0.183294 1.158750 0.015054 
5.122333 600 1.198750 0.183294 1.158750 0.015054 
5.222868 600 1.198750 0.183294 1.158750 0.015054 
5.323330 600 1.198750 0.183294 1.158750 0.015054 
5.423777 600 1.198750 0.183294 1.158750 0.015054 
5.524223 600 1.198750 0.183294 1.158750 0.015054 
5.624644 600 1.198750 0.184492 1.158750 0.015054 
5.725053 600 1.198750 0.184492 1.158750 0.015054 
5.825451 600 1.198750 0.182096 1.158750 0.015054 
5.925846 600 1.198750 0.182096 1.158750 0.015054 
6.026238 600 1.198750 0.182096 1.158750 0.015054 
6.126624 600 1.198750 0.184492 1.158750 0.015054 
6.227021 600 1.198750 0.184492 1.158750 0.015054 
6.327455 600 1.198750 0.184492 1.158750 0.015054 
6.427872 600 1.198750 0.183294 1.158750 0.015054 
6.528291 600 1.198750 0.183294 1.158750 0.015054 
6.628690 600 1.198750 0.183294 1.158750 0.015054 
6.729109 600 1.198750 0.183294 1.158750 0.015054 
6.829504 600 1.198750 0.183294 1.158750 0.015054 
6.929896 600 1.198750 0.183294 1.158750 0.015054 
7.030310 600 1.198750 0.183294 1.158750 0.015054 
7.130717 600 1.198750 0.183294 1.158750 0.015054 
7.231117 600 1.198750 0.183294 1.158750 0.015054 
7.331551 600 1.198750 0.183294 1.158750 0.015054 
7.431962 600 1.198750 0.183294 1.158750 0.015054 
7.532365 600 1.198750 0.183294 1.158750 0.015054 
7.632818 600 1.198750 0.183294 1.158750 0.015054 
7.733275 600 1.198750 0.183294 1.158750 0.015054 
7.833702 600 1.198750 0.183294 1.158750 0.015054 
7.934126 600 1.198750 0.184492 1.158750 0.015054 
8.034541 600 1.198750 0.184492 1.158750 0.015054 
8.135073 600 1.198750 0.184492 1.158750 0.015054 
8.235589 600 1.198750 0.183294 1.158750 0.015054 
8.336095 600 1.198750 0.183294 1.158750 0.015054 
8.436530 600 1.198750 0.183294 1.158750 0.015054 
8.536933 600 1.198750 0.184492 1.158750 0.015054 
8.637335 600 1.198750 0.184492 1.158750 0.015054 
8.737745 600 1.198750 0.183294 1.158750 0.015054 
8.838176 600 1.198750 0.183294 1.158750 0.015054 
8.938564 600 1.198750 0.183294 1.158750 0.015054 
9.038952 600 1.198750 0.183294 1.158750 0.015054 
9.139336 600 1.198750 0.183294 1.158750 0.015054 
9.239734 600 1.198750 0.183294 1.158750 0.015054 
9.340312 600 1.198750 0.184492 1.158750 0.015054 
9.440744 600 1.198750 0.184492 1.158750 0.015054 
9.541140 600 1.198750 0.183294 1.158750 0.015054 
9.641536 600 1.198750 0.183294 1.158750 0.015054 
9.741928 600 1.198750 0.183294 1.158750 0.015054 
9.842316 600 1.198750 0.184492 1.158750 0.015054 
9.942710 600 1.198750 0.184492 1.158750 0.015054 
10.043197 600 1.198750 0.185690 1.158750 0.015054 
10.143616 600 1.198750 0.185690 1.158750 0.015054 
10.244023 600 1.198750 0.185690 1.158750 0.015054 
10.344460 600 1.198750 0.183294 1.158750 0.015054 
10.444880 600 1.198750 0.183294 1.158750 0.015054 
10.545324 600 1.198750 0.183294 1.158750 0.015054 
10.645731 600 1.198750 0.184492 1.158750 0.015054 
10.746144 600 1.198750 0.184492 1.158750 0.015054 
10.846551 600 1.198750 0.185690 1.158750 0.015054 
10.946983 600 1.198750 0.185690 1.158750 0.015054 
11.047429 600 1.198750 0.185690 1.158750 0.015054 
11.147855 600 1.198750 0.183294 1.158750 0.015054 
11.248269 600 1.198750 0.183294 1.158750 0.015054 
11.348854 600 1.198750 0.183294 1.158750 0.015054 
11.449338 600 1.198750 0.183294 1.158750 0.015054 
11.549766 600 1.198750 0.183294 1.158750 0.015054 
11.650167 600 1.198750 0.184492 1.158750 0.015054 
11.750601 600 1.198750 0.184492 1.158750 0.015054 
11.851002 600 1.198750 0.184492 1.158750 0.015054 
11.951394 600 1.198750 0.183294 1.158750 0.015054 
12.051795 600 1.198750 0.183294 1.158750 0.015054 
12.152216 600 1.198750 0.184492 1.158750 0.015054 
12.252820 600 1.198750 0.184492 1.158750 0.015054 
12.353293 600 1.198750 0.184492 1.158750 0.015054 
12.453737 600 1.198750 0.183294 1.158750 0.015054 
12.554155 600 1.198750 0.183294 1.158750 0.015054 
12.654577 600 1.198750 0.183294 1.158750 0.015054 
12.755002 600 1.198750 0.183294 1.158750 0.015054 
12.855415 600 1.198750 0.183294 1.158750 0.015054 
12.955813 600 1.198750 0.183294 1.158750 0.015054 
13.056244 600 1.198750 0.183294 1.158750 0.015054 
13.156656 600 1.198750 0.183294 1.158750 0.015054 
13.257059 600 1.198750 0.183294 1.158750 0.015054 
13.357504 600 1.198750 0.183294 1.158750 0.015054 
13.457865 600 1.198750 0.183294 1.158750 0.015054 
13.558281 600 1.198750 0.183294 1.158750 0.015054 
13.658689 600 1.198750 0.183294 1.158750 0.015054 
13.759086 600 1.198750 0.183294 1.158750 0.015054 
13.859480 600 1.198750 0.183294 1.158750 0.015054 
13.959868 600 1.198750 0.183294 1.158750 0.015054 
14.060256 600 1.198750 0.183294 1.158750 0.015054 
14.160643 600 1.198750 0.183294 1.158750 0.015054 
14.261034 600 1.198750 0.185690 1.158750 0.015054 
14.361468 600 1.198750 0.185690 1.158750 0.015054 
14.461915 600 1.198750 0.185690 1.158750 0.015054 
14.562333 600 1.198750 0.183294 1.158750 0.015054 
14.662797 600 1.198750 0.183294 1.158750 0.015054 
14.763249 600 1.198750 0.183294 1.158750 0.015054 
14.863647 600 1.198750 0.183294 1.158750 0.015054 
14.964044 600 1.198750 0.183294 1.158750 0.015054 
15.064437 600 1.198750 0.183294 1.158750 0.015054 
15.164850 600 1.198750 0.183294 1.158750 0.015054 
15.265309 600 1.198750 0.183294 1.158750 0.015054 
15.365761 600 1.198750 0.183294 1.158750 0.015054 
15.466191 600 1.198750 0.183294 1.158750 0.015054 
15.566653 600 1.198750 0.183294 1.158750 0.015054 
15.667066 600 1.198750 0.183294 1.158750 0.015054 
15.767506 600 1.198750 0.183294 1.158750 0.015054 
15.867962 600 1.198750 0.183294 1.158750 0.015054 
15.968367 600 1.198750 0.183294 1.158750 0.015054 
16.068762 600 1.198750 0.183294 1.158750 0.015054 
16.169158 600 1.198750 0.183294 1.158750 0.015054 
16.269562 600 1.198750 0.183294 1.158750 0.015054 
16.370090 600 1.198750 0.183294 1.158750 0.015054 
16.470588 600 1.198750 0.183294 1.158750 0.015054 
16.571014 600 1.198750 0.183294 1.158750 0.015054 
16.671438 600 1.198750 0.182096 1.158750 0.015054 
16.771866 600 1.198750 0.182096 1.158750 0.015054 
16.872267 600 1.198750 0.182096 1.158750 0.015054 
16.972677 600 1.198750 0.184492 1.158750 0.015054 
17.073127 600 1.198750 0.184492 1.158750 0.015054 
17.173530 600 1.198750 0.184492 1.158750 0.015054 
17.273941 600 1.198750 0.184492 1.158750 0.015054 
17.374391 600 1.198750 0.184492 1.158750 0.015054 
17.474973 600 1.198750 0.184492 1.158750 0.015054 
17.575405 600 1.198750 0.184492 1.158750 0.015054 
17.675804 600 1.198750 0.184492 1.158750 0.015054 
17.776203 600 1.198750 0.183294 1.158750 0.015054 
17.876621 600 1.198750 0.183294 1.158750 0.015054 
17.977052 600 1.198750 0.184492 1.158750 0.015054 
18.077469 600 1.198750 0.184492 1.158750 0.015054 
18.177867 600 1.198750 0.184492 1.158750 0.015054 
18.278262 600 1.198750 0.182096 1.158750 0.015054 
18.378716 600 1.198750 0.182096 1.158750 0.015054 
18.479139 600 1.198750 0.182096 1.158750 0.015054 
18.579545 600 1.198750 0.185690 1.158750 0.015054 
18.679957 600 1.198750 0.185690 1.158750 0.015054 
18.780360 600 1.198750 0.184492 1.158750 0.015054 
18.880755 600 1.198750 0.184492 1.158750 0.015054 
18.981157 600 1.198750 0.184492 1.158750 0.015054 
19.081583 600 1.198750 0.182096 1.158750 0.015054 
19.181991 600 1.198750 0.182096 1.158750 0.015054 
19.282391 600 1.198750 0.183294 1.158750 0.015054 
19.382868 600 1.198750 0.183294 1.158750 0.015054 
19.483451 600 1.198750 0.183294 1.158750 0.015054 
19.583881 600 1.198750 0.184492 1.158750 0.015054 
19.684294 600 1.198750 0.184492 1.158750 0.015054 
19.784719 600 1.198750 0.184492 1.158750 0.015054 
19.885128 600 1.198750 0.183294 1.158750 0.015054 
