0.000204 1500 1.200000 0.018000 1.127500 1.270129 
0.100674 1500 1.200000 0.018000 1.127500 1.270129 
0.201118 1500 1.200000 0.018000 1.127500 1.273510 
0.301475 1500 1.200000 0.018000 1.127500 1.273510 
0.401826 1500 1.200000 0.018000 1.127500 1.254351 
0.502196 1500 1.200000 0.018000 1.127500 1.254351 
0.602543 1500 1.200000 0.018000 1.127500 1.254351 
0.702884 1500 1.200000 0.018000 1.127500 1.267875 
0.803258 1500 1.200000 0.018000 1.127500 1.267875 
0.903600 1500 1.200000 0.018000 1.127500 1.267875 
1.003942 1500 1.200000 0.018000 1.127500 1.265621 
1.104366 1500 1.200000 0.018000 1.127500 1.265621 
1.204746 1500 1.200000 0.018000 1.127500 1.262240 
1.305097 1500 1.200000 0.018000 1.127500 1.262240 
1.405451 1500 1.200000 0.018000 1.127500 1.262240 
1.505788 1500 1.200000 0.018000 1.127500 1.261113 
1.606153 1500 1.200000 0.018000 1.127500 1.261113 
1.706482 1500 1.200000 0.018000 1.127500 1.261113 
1.806806 1500 1.200000 0.018000 1.127500 1.259986 
1.907133 1500 1.200000 0.018000 1.127500 1.259986 
2.007462 1500 1.200000 0.018000 1.127500 1.266748 
2.107786 1500 1.200000 0.018000 1.127500 1.266748 
2.208140 1500 1.200000 0.018000 1.127500 1.266748 
2.308477 1500 1.200000 0.018000 1.127500 1.266748 
2.408809 1500 1.200000 0.018000 1.127500 1.266748 
2.509134 1500 1.200000 0.018000 1.127500 1.270129 
2.609460 1500 1.200000 0.018000 1.127500 1.270129 
2.709800 1500 1.200000 0.018000 1.127500 1.270129 
2.810132 1500 1.200000 0.018000 1.127500 1.266748 
2.910459 1500 1.200000 0.018000 1.127500 1.266748 
3.010790 1500 1.200000 0.018000 1.127500 1.266748 
3.111212 1500 1.200000 0.018000 1.127500 1.266748 
3.211560 1500 1.200000 0.018000 1.127500 1.266748 
3.311916 1500 1.200000 0.018000 1.127500 1.259986 
3.412263 1500 1.200000 0.018000 1.127500 1.259986 
3.512598 1500 1.200000 0.018000 1.127500 1.259986 
3.612955 1500 1.200000 0.018000 1.127500 1.254351 
3.713301 1500 1.200000 0.018000 1.127500 1.254351 
3.813640 1500 1.200000 0.018000 1.127500 1.254351 
3.913971 1500 1.200000 0.018000 1.127500 1.265621 
4.014300 1500 1.200000 0.018000 1.127500 1.265621 
4.114632 1500 1.200000 0.018000 1.127500 1.266748 
4.214964 1500 1.200000 0.018000 1.127500 1.266748 
4.315305 1500 1.200000 0.018000 1.127500 1.266748 
4.415642 1500 1.200000 0.018000 1.127500 1.269002 
4.515974 1500 1.200000 0.018000 1.127500 1.269002 
4.616306 1500 1.200000 0.018000 1.127500 1.265621 
4.716644 1500 1.200000 0.018000 1.127500 1.265621 
4.816973 1500 1.200000 0.018000 1.127500 1.265621 
4.917303 1500 1.200000 0.018000 1.127500 1.269002 
5.017634 1500 1.200000 0.018000 1.127500 1.269002 
5.117958 1500 1.200000 0.018000 1.127500 1.269002 
5.218291 1500 1.200000 0.018000 1.127500 1.264494 
5.318627 1500 1.200000 0.018000 1.127500 1.264494 
5.418958 1500 1.200000 0.018000 1.127500 1.267875 
5.519291 1500 1.200000 0.018000 1.127500 1.267875 
5.619622 1500 1.200000 0.018000 1.127500 1.267875 
5.719952 1500 1.200000 0.018000 1.127500 1.261113 
5.820283 1500 1.200000 0.018000 1.127500 1.261113 
5.920615 1500 1.200000 0.018000 1.127500 1.261113 
6.020961 1500 1.200000 0.018000 1.127500 1.267875 
6.121297 1500 1.200000 0.018000 1.127500 1.267875 
6.221629 1500 1.200000 0.018000 1.127500 1.266748 
6.321967 1500 1.200000 0.018000 1.127500 1.266748 
6.422301 1500 1.200000 0.018000 1.127500 1.266748 
6.522645 1500 1.200000 0.018000 1.127500 1.266748 
6.622958 1500 1.200000 0.018000 1.127500 1.266748 
6.723292 1500 1.200000 0.018000 1.127500 1.266748 
6.823622 1500 1.200000 0.018000 1.127500 1.269002 
6.923956 1500 1.200000 0.018000 1.127500 1.269002 
7.024323 1500 1.200000 0.018000 1.127500 1.266748 
7.124663 1500 1.200000 0.018000 1.127500 1.266748 
7.224997 1500 1.200000 0.018000 1.127500 1.266748 
7.325344 1500 1.200000 0.018000 1.127500 1.261113 
7.425684 1500 1.200000 0.018000 1.127500 1.261113 
7.526017 1500 1.200000 0.018000 1.127500 1.269002 
7.626349 1500 1.200000 0.018000 1.127500 1.269002 
7.726696 1500 1.200000 0.018000 1.127500 1.269002 
7.827030 1500 1.200000 0.018000 1.127500 1.266748 
7.927364 1500 1.200000 0.018000 1.127500 1.266748 
8.027703 1500 1.200000 0.018000 1.127500 1.266748 
8.128132 1500 1.200000 0.018000 1.127500 1.262240 
8.228478 1500 1.200000 0.018000 1.127500 1.262240 
8.328816 1500 1.200000 0.018000 1.127500 1.269002 
8.429150 1500 1.200000 0.018000 1.127500 1.269002 
8.529480 1500 1.200000 0.018000 1.127500 1.269002 
8.629812 1500 1.200000 0.018000 1.127500 1.266748 
8.730150 1500 1.200000 0.018000 1.127500 1.266748 
8.830484 1500 1.200000 0.018000 1.127500 1.266748 
8.930819 1500 1.200000 0.018000 1.127500 1.267875 
9.031158 1500 1.200000 0.018000 1.127500 1.267875 
9.131496 1500 1.200000 0.018000 1.127500 1.265621 
9.231921 1500 1.200000 0.018000 1.127500 1.265621 
9.332276 1500 1.200000 0.018000 1.127500 1.265621 
9.432614 1500 1.200000 0.018000 1.127500 1.265621 
9.532957 1500 1.200000 0.018000 1.127500 1.265621 
9.633289 1500 1.200000 0.018000 1.127500 1.265621 
9.733637 1500 1.200000 0.018000 1.127500 1.265621 
9.833988 1500 1.200000 0.018000 1.127500 1.265621 
9.934328 1500 1.200000 0.018000 1.127500 1.262240 
10.034669 1500 1.200000 0.018000 1.127500 1.262240 
10.135009 1500 1.200000 0.018000 1.127500 1.262240 
10.235345 1500 1.200000 0.018000 1.127500 1.262240 
10.335696 1500 1.200000 0.018000 1.127500 1.262240 
10.436099 1500 1.200000 0.018000 1.127500 1.266748 
10.536443 1500 1.200000 0.018000 1.127500 1.266748 
10.636777 1500 1.200000 0.018000 1.127500 1.266748 
10.737112 1500 1.200000 0.018000 1.127500 1.263367 
10.837462 1500 1.200000 0.018000 1.127500 1.263367 
10.937807 1500 1.200000 0.018000 1.127500 1.263367 
11.038171 1500 1.200000 0.018000 1.127500 1.264494 
11.138512 1500 1.200000 0.018000 1.127500 1.264494 
11.238938 1500 1.200000 0.018000 1.127500 1.261113 
11.339300 1500 1.200000 0.018000 1.127500 1.261113 
11.439650 1500 1.200000 0.018000 1.127500 1.261113 
11.540005 1500 1.200000 0.018000 1.127500 1.264494 
11.640344 1500 1.200000 0.018000 1.127500 1.264494 
11.740690 1500 1.200000 0.018000 1.127500 1.266748 
11.841026 1500 1.200000 0.018000 1.127500 1.266748 
11.941360 1500 1.200000 0.018000 1.127500 1.266748 
