0.000386 450 1.011250 0.094023 1.158750 0.013896 
0.101077 450 1.011250 0.093012 1.158750 0.013896 
0.201753 450 1.011250 0.093012 1.158750 0.013896 
0.302301 450 1.011250 0.093012 1.158750 0.013896 
0.402866 450 1.011250 0.094023 1.158750 0.013896 
0.503388 450 1.011250 0.094023 1.158750 0.013896 
0.603937 450 1.011250 0.094023 1.158750 0.013896 
0.704447 450 1.011250 0.094023 1.158750 0.013896 
0.804991 450 1.011250 0.094023 1.158750 0.013896 
0.905497 450 1.011250 0.094023 1.158750 0.013896 
1.006038 450 1.011250 0.094023 1.158750 0.013896 
1.106713 450 1.011250 0.094023 1.158750 0.013896 
1.207309 450 1.011250 0.094023 1.158750 0.013896 
1.307872 450 1.011250 0.094023 1.158750 0.013896 
1.408414 450 1.011250 0.095034 1.158750 0.013896 
1.508909 450 1.011250 0.095034 1.158750 0.013896 
1.609417 450 1.011250 0.095034 1.158750 0.013896 
1.710023 450 1.011250 0.090990 1.158750 0.013896 
1.810645 450 1.011250 0.090990 1.158750 0.013896 
1.911166 450 1.011250 0.095034 1.158750 0.013896 
2.011698 450 1.011250 0.095034 1.158750 0.013896 
2.112202 450 1.011250 0.095034 1.158750 0.013896 
2.212865 450 1.011250 0.095034 1.158750 0.013896 
2.313387 450 1.011250 0.095034 1.158750 0.013896 
2.413917 450 1.011250 0.095034 1.158750 0.013896 
2.514429 450 1.011250 0.095034 1.158750 0.015054 
2.614930 450 1.011250 0.095034 1.158750 0.015054 
2.715462 450 1.011250 0.094023 1.158750 0.013896 
2.816006 450 1.011250 0.094023 1.158750 0.013896 
2.916523 450 1.011250 0.094023 1.158750 0.013896 
3.017078 450 1.011250 0.095034 1.158750 0.013896 
3.117739 450 1.011250 0.095034 1.158750 0.013896 
3.218331 450 1.011250 0.094023 1.158750 0.013896 
3.318835 450 1.011250 0.094023 1.158750 0.013896 
3.419375 450 1.011250 0.094023 1.158750 0.013896 
3.519912 450 1.011250 0.094023 1.158750 0.013896 
3.620436 450 1.011250 0.094023 1.158750 0.013896 
3.720932 450 1.011250 0.094023 1.158750 0.013896 
3.821478 450 1.011250 0.094023 1.158750 0.013896 
3.922031 450 1.011250 0.094023 1.158750 0.013896 
4.022535 450 1.011250 0.094023 1.158750 0.013896 
4.123068 450 1.011250 0.094023 1.158750 0.013896 
4.223619 450 1.011250 0.094023 1.158750 0.013896 
4.324138 450 1.011250 0.095034 1.158750 0.013896 
4.424633 450 1.011250 0.095034 1.158750 0.013896 
4.525131 450 1.011250 0.095034 1.158750 0.013896 
4.625666 450 1.011250 0.094023 1.158750 0.013896 
4.726202 450 1.011250 0.094023 1.158750 0.013896 
4.826708 450 1.011250 0.095034 1.158750 0.013896 
4.927207 450 1.011250 0.095034 1.158750 0.013896 
5.027724 450 1.011250 0.095034 1.158750 0.013896 
5.128211 450 1.011250 0.095034 1.158750 0.015054 
5.228764 450 1.011250 0.095034 1.158750 0.015054 
5.329281 450 1.011250 0.095034 1.158750 0.013896 
5.429817 450 1.011250 0.095034 1.158750 0.013896 
5.530315 450 1.011250 0.095034 1.158750 0.013896 
5.630810 450 1.011250 0.094023 1.158750 0.013896 
5.731349 450 1.011250 0.094023 1.158750 0.013896 
5.831884 450 1.011250 0.094023 1.158750 0.013896 
5.932387 450 1.011250 0.095034 1.158750 0.013896 
6.032921 450 1.011250 0.095034 1.158750 0.013896 
6.133468 450 1.011250 0.093012 1.158750 0.013896 
6.234028 450 1.011250 0.093012 1.158750 0.013896 
6.334536 450 1.011250 0.093012 1.158750 0.013896 
6.435030 450 1.011250 0.094023 1.158750 0.013896 
6.535524 450 1.011250 0.094023 1.158750 0.013896 
6.636059 450 1.011250 0.094023 1.158750 0.013896 
6.736600 450 1.011250 0.094023 1.158750 0.013896 
6.837118 450 1.011250 0.094023 1.158750 0.013896 
6.937723 450 1.011250 0.094023 1.158750 0.013896 
7.038235 450 1.011250 0.094023 1.158750 0.013896 
7.138730 450 1.011250 0.094023 1.158750 0.013896 
7.239228 450 1.011250 0.094023 1.158750 0.013896 
7.339758 450 1.011250 0.094023 1.158750 0.013896 
7.440255 450 1.011250 0.094023 1.158750 0.013896 
7.540750 450 1.011250 0.094023 1.158750 0.013896 
7.641292 450 1.011250 0.094023 1.158750 0.013896 
7.741876 450 1.011250 0.095034 1.158750 0.013896 
7.842386 450 1.011250 0.095034 1.158750 0.013896 
7.942949 450 1.011250 0.095034 1.158750 0.013896 
8.043450 450 1.011250 0.095034 1.158750 0.013896 
8.143979 450 1.011250 0.095034 1.158750 0.013896 
8.244676 450 1.011250 0.094023 1.158750 0.013896 
8.345261 450 1.011250 0.094023 1.158750 0.013896 
8.445768 450 1.011250 0.094023 1.158750 0.013896 
8.546264 450 1.011250 0.094023 1.158750 0.013896 
8.646813 450 1.011250 0.094023 1.158750 0.013896 
8.747360 450 1.011250 0.094023 1.158750 0.013896 
8.847909 450 1.011250 0.095034 1.158750 0.013896 
8.948456 450 1.011250 0.095034 1.158750 0.013896 
9.048958 450 1.011250 0.095034 1.158750 0.013896 
9.149466 450 1.011250 0.095034 1.158750 0.013896 
9.249969 450 1.011250 0.095034 1.158750 0.013896 
9.350654 450 1.011250 0.095034 1.158750 0.013896 
9.451198 450 1.011250 0.095034 1.158750 0.013896 
9.551721 450 1.011250 0.094023 1.158750 0.013896 
9.652228 450 1.011250 0.094023 1.158750 0.013896 
9.752731 450 1.011250 0.094023 1.158750 0.013896 
9.853270 450 1.011250 0.095034 1.158750 0.013896 
9.953815 450 1.011250 0.095034 1.158750 0.013896 
10.054319 450 1.011250 0.095034 1.158750 0.013896 
10.154868 450 1.011250 0.094023 1.158750 0.013896 
10.255375 450 1.011250 0.094023 1.158750 0.013896 
10.355868 450 1.011250 0.095034 1.158750 0.013896 
10.456364 450 1.011250 0.095034 1.158750 0.013896 
10.556887 450 1.011250 0.095034 1.158750 0.013896 
10.657448 450 1.011250 0.094023 1.158750 0.013896 
10.758061 450 1.011250 0.094023 1.158750 0.013896 
10.858616 450 1.011250 0.094023 1.158750 0.013896 
10.959287 450 1.011250 0.094023 1.158750 0.013896 
11.059823 450 1.011250 0.094023 1.158750 0.013896 
11.160368 450 1.011250 0.093012 1.158750 0.013896 
11.261027 450 1.011250 0.093012 1.158750 0.013896 
11.361707 450 1.011250 0.093012 1.158750 0.013896 
11.462231 450 1.011250 0.094023 1.158750 0.013896 
11.562737 450 1.011250 0.094023 1.158750 0.013896 
11.663294 450 1.011250 0.095034 1.158750 0.013896 
11.763898 450 1.011250 0.095034 1.158750 0.013896 
11.864453 450 1.011250 0.095034 1.158750 0.013896 
11.964996 450 1.011250 0.095034 1.158750 0.013896 
12.065507 450 1.011250 0.095034 1.158750 0.013896 
12.166026 450 1.011250 0.095034 1.158750 0.013896 
12.266530 450 1.011250 0.094023 1.158750 0.013896 
12.367032 450 1.011250 0.094023 1.158750 0.013896 
12.467525 450 1.011250 0.095034 1.158750 0.013896 
12.568113 450 1.011250 0.095034 1.158750 0.013896 
12.668631 450 1.011250 0.095034 1.158750 0.013896 
12.769184 450 1.011250 0.095034 1.158750 0.013896 
12.869724 450 1.011250 0.095034 1.158750 0.013896 
12.970270 450 1.011250 0.095034 1.158750 0.013896 
13.070788 450 1.011250 0.095034 1.158750 0.013896 
13.171311 450 1.011250 0.095034 1.158750 0.013896 
13.271811 450 1.011250 0.094023 1.158750 0.013896 
13.372315 450 1.011250 0.094023 1.158750 0.013896 
13.472850 450 1.011250 0.094023 1.158750 0.013896 
13.573338 450 1.011250 0.095034 1.158750 0.013896 
13.673832 450 1.011250 0.095034 1.158750 0.013896 
13.774396 450 1.011250 0.095034 1.158750 0.013896 
13.874942 450 1.011250 0.095034 1.158750 0.013896 
13.975446 450 1.011250 0.095034 1.158750 0.013896 
14.075943 450 1.011250 0.094023 1.158750 0.013896 
14.176483 450 1.011250 0.094023 1.158750 0.013896 
14.277023 450 1.011250 0.094023 1.158750 0.013896 
14.377526 450 1.011250 0.095034 1.158750 0.013896 
14.478060 450 1.011250 0.095034 1.158750 0.013896 
14.578554 450 1.011250 0.095034 1.158750 0.013896 
14.679049 450 1.011250 0.095034 1.158750 0.013896 
14.779583 450 1.011250 0.095034 1.158750 0.013896 
14.880104 450 1.011250 0.094023 1.158750 0.013896 
14.980643 450 1.011250 0.094023 1.158750 0.013896 
15.081167 450 1.011250 0.094023 1.158750 0.013896 
15.181670 450 1.011250 0.095034 1.158750 0.013896 
15.282170 450 1.011250 0.095034 1.158750 0.013896 
15.382724 450 1.011250 0.095034 1.158750 0.013896 
15.483226 450 1.011250 0.095034 1.158750 0.013896 
15.583718 450 1.011250 0.095034 1.158750 0.013896 
15.684215 450 1.011250 0.094023 1.158750 0.013896 
15.784753 450 1.011250 0.094023 1.158750 0.013896 
15.885283 450 1.011250 0.094023 1.158750 0.013896 
15.985791 450 1.011250 0.094023 1.158750 0.013896 
16.086294 450 1.011250 0.094023 1.158750 0.013896 
16.186858 450 1.011250 0.095034 1.158750 0.013896 
16.287373 450 1.011250 0.095034 1.158750 0.013896 
16.388078 450 1.011250 0.095034 1.158750 0.013896 
16.488674 450 1.011250 0.095034 1.158750 0.013896 
16.589245 450 1.011250 0.095034 1.158750 0.013896 
16.689775 450 1.011250 0.095034 1.158750 0.013896 
16.790347 450 1.011250 0.095034 1.158750 0.013896 
16.890879 450 1.011250 0.095034 1.158750 0.013896 
16.991420 450 1.011250 0.095034 1.158750 0.015054 
17.091928 450 1.011250 0.095034 1.158750 0.015054 
17.192436 450 1.011250 0.095034 1.158750 0.015054 
17.292976 450 1.011250 0.095034 1.158750 0.013896 
17.393555 450 1.011250 0.095034 1.158750 0.013896 
17.494232 450 1.011250 0.094023 1.158750 0.013896 
17.594765 450 1.011250 0.094023 1.158750 0.013896 
17.695300 450 1.011250 0.094023 1.158750 0.013896 
17.795908 450 1.011250 0.095034 1.158750 0.013896 
17.896428 450 1.011250 0.095034 1.158750 0.013896 
17.996935 450 1.011250 0.095034 1.158750 0.013896 
18.097456 450 1.011250 0.095034 1.158750 0.013896 
18.198014 450 1.011250 0.095034 1.158750 0.013896 
18.298511 450 1.011250 0.094023 1.158750 0.013896 
18.399017 450 1.011250 0.094023 1.158750 0.013896 
18.499522 450 1.011250 0.094023 1.158750 0.013896 
18.600058 450 1.011250 0.094023 1.158750 0.013896 
18.700589 450 1.011250 0.094023 1.158750 0.013896 
18.801137 450 1.011250 0.095034 1.158750 0.013896 
18.901729 450 1.011250 0.095034 1.158750 0.013896 
19.002305 450 1.011250 0.095034 1.158750 0.013896 
19.102862 450 1.011250 0.094023 1.158750 0.013896 
19.203418 450 1.011250 0.094023 1.158750 0.013896 
19.303964 450 1.011250 0.094023 1.158750 0.013896 
19.404620 450 1.011250 0.095034 1.158750 0.013896 
19.505339 450 1.011250 0.095034 1.158750 0.013896 
19.605863 450 1.011250 0.094023 1.158750 0.015054 
19.706373 450 1.011250 0.094023 1.158750 0.015054 
19.806987 450 1.011250 0.094023 1.158750 0.015054 
19.907542 450 1.011250 0.094023 1.158750 0.013896 
20.008125 450 1.011250 0.094023 1.158750 0.013896 
20.108630 450 1.011250 0.094023 1.158750 0.013896 
20.209216 450 1.011250 0.094023 1.158750 0.013896 
20.309739 450 1.011250 0.094023 1.158750 0.013896 
20.410238 450 1.011250 0.095034 1.158750 0.013896 
20.510759 450 1.011250 0.095034 1.158750 0.013896 
20.611269 450 1.011250 0.095034 1.158750 0.013896 
20.711769 450 1.011250 0.094023 1.158750 0.015054 
20.812318 450 1.011250 0.094023 1.158750 0.015054 
20.912873 450 1.011250 0.094023 1.158750 0.013896 
21.013489 450 1.011250 0.094023 1.158750 0.013896 
21.114013 450 1.011250 0.094023 1.158750 0.013896 
21.214528 450 1.011250 0.095034 1.158750 0.015054 
21.315028 450 1.011250 0.095034 1.158750 0.015054 
21.415565 450 1.011250 0.095034 1.158750 0.015054 
21.516129 450 1.011250 0.094023 1.158750 0.013896 
21.616819 450 1.011250 0.094023 1.158750 0.013896 
21.717436 450 1.011250 0.094023 1.158750 0.013896 
21.818053 450 1.011250 0.094023 1.158750 0.013896 
21.918584 450 1.011250 0.094023 1.158750 0.013896 
22.019132 450 1.011250 0.094023 1.158750 0.013896 
22.119642 450 1.011250 0.094023 1.158750 0.013896 
22.220246 450 1.011250 0.094023 1.158750 0.013896 
22.320770 450 1.011250 0.094023 1.158750 0.013896 
22.421271 450 1.011250 0.094023 1.158750 0.013896 
22.521769 450 1.011250 0.094023 1.158750 0.013896 
22.622306 450 1.011250 0.094023 1.158750 0.013896 
22.722854 450 1.011250 0.094023 1.158750 0.013896 
22.823404 450 1.011250 0.094023 1.158750 0.013896 
22.923927 450 1.011250 0.094023 1.158750 0.013896 
23.024430 450 1.011250 0.095034 1.158750 0.013896 
23.124995 450 1.011250 0.095034 1.158750 0.013896 
23.225528 450 1.011250 0.095034 1.158750 0.013896 
23.326048 450 1.011250 0.095034 1.158750 0.013896 
23.426616 450 1.011250 0.095034 1.158750 0.013896 
23.527144 450 1.011250 0.095034 1.158750 0.013896 
23.627656 450 1.011250 0.093012 1.158750 0.013896 
23.728258 450 1.011250 0.093012 1.158750 0.013896 
23.828814 450 1.011250 0.094023 1.158750 0.013896 
23.929355 450 1.011250 0.094023 1.158750 0.013896 
24.029861 450 1.011250 0.094023 1.158750 0.013896 
24.130354 450 1.011250 0.094023 1.158750 0.013896 
24.230883 450 1.011250 0.094023 1.158750 0.013896 
24.331401 450 1.011250 0.095034 1.158750 0.013896 
24.432005 450 1.011250 0.095034 1.158750 0.013896 
24.532582 450 1.011250 0.095034 1.158750 0.013896 
24.633193 450 1.011250 0.095034 1.158750 0.013896 
24.733751 450 1.011250 0.095034 1.158750 0.013896 
24.834270 450 1.011250 0.095034 1.158750 0.013896 
24.934775 450 1.011250 0.095034 1.158750 0.013896 
25.035315 450 1.011250 0.095034 1.158750 0.013896 
25.135826 450 1.011250 0.095034 1.158750 0.013896 
25.236343 450 1.011250 0.095034 1.158750 0.013896 
25.336843 450 1.011250 0.095034 1.158750 0.013896 
25.437344 450 1.011250 0.094023 1.158750 0.013896 
