0.000255 1100 1.200000 0.018000 0.990000 0.693000 
0.100840 1100 1.200000 0.018000 0.990000 0.693000 
0.201375 1100 1.200000 0.018000 0.990000 0.693000 
0.301823 1100 1.200000 0.018000 0.990000 0.693000 
0.402288 1100 1.200000 0.018000 0.990000 0.702900 
0.502736 1100 1.200000 0.018000 0.990000 0.702900 
0.603168 1100 1.200000 0.018000 0.990000 0.702900 
0.703595 1100 1.200000 0.018000 0.990000 0.701910 
0.804019 1100 1.200000 0.018000 0.990000 0.701910 
0.904458 1100 1.200000 0.018000 0.990000 0.701910 
1.004891 1100 1.200000 0.018000 0.990000 0.704880 
1.105413 1100 1.200000 0.018000 0.990000 0.704880 
1.205870 1100 1.200000 0.018000 0.990000 0.700920 
1.306307 1100 1.200000 0.018000 0.990000 0.700920 
1.406735 1100 1.200000 0.018000 0.990000 0.700920 
1.507221 1100 1.200000 0.018000 0.990000 0.699930 
1.607664 1100 1.200000 0.018000 0.990000 0.699930 
1.708099 1100 1.200000 0.018000 0.990000 0.699930 
1.808541 1100 1.200000 0.018000 0.990000 0.700920 
1.908977 1100 1.200000 0.018000 0.990000 0.700920 
2.009407 1100 1.200000 0.018000 0.990000 0.700920 
2.109842 1100 1.200000 0.018000 0.990000 0.700920 
2.210271 1100 1.200000 0.018000 0.990000 0.700920 
2.310698 1100 1.200000 0.018000 0.990000 0.703890 
2.411128 1100 1.200000 0.018000 0.990000 0.703890 
2.511563 1100 1.200000 0.018000 0.990000 0.695970 
2.611998 1100 1.200000 0.018000 0.990000 0.695970 
2.712471 1100 1.200000 0.018000 0.990000 0.695970 
2.812906 1100 1.200000 0.018000 0.990000 0.700920 
2.913341 1100 1.200000 0.018000 0.990000 0.700920 
3.013779 1100 1.200000 0.018000 0.990000 0.700920 
3.114301 1100 1.200000 0.018000 0.990000 0.700920 
3.214748 1100 1.200000 0.018000 0.990000 0.700920 
3.315175 1100 1.200000 0.018000 0.990000 0.701910 
3.415603 1100 1.200000 0.018000 0.990000 0.701910 
3.516046 1100 1.200000 0.018000 0.990000 0.701910 
3.616470 1100 1.200000 0.018000 0.990000 0.700920 
3.716895 1100 1.200000 0.018000 0.990000 0.700920 
3.817353 1100 1.200000 0.018000 0.990000 0.700920 
3.917776 1100 1.200000 0.018000 0.990000 0.701910 
4.018199 1100 1.200000 0.018000 0.990000 0.701910 
4.118618 1100 1.200000 0.018000 0.990000 0.700920 
4.219042 1100 1.200000 0.018000 0.990000 0.700920 
4.319464 1100 1.200000 0.018000 0.990000 0.700920 
4.419890 1100 1.200000 0.018000 0.990000 0.699930 
4.520328 1100 1.200000 0.018000 0.990000 0.699930 
4.620763 1100 1.200000 0.018000 0.990000 0.698940 
4.721199 1100 1.200000 0.018000 0.990000 0.698940 
4.821633 1100 1.200000 0.018000 0.990000 0.698940 
4.922063 1100 1.200000 0.018000 0.990000 0.702900 
5.022516 1100 1.200000 0.018000 0.990000 0.702900 
5.122972 1100 1.200000 0.018000 0.990000 0.702900 
5.223399 1100 1.200000 0.018000 0.990000 0.699930 
5.323822 1100 1.200000 0.018000 0.990000 0.699930 
5.424251 1100 1.200000 0.018000 0.990000 0.698940 
5.524686 1100 1.200000 0.018000 0.990000 0.698940 
5.625114 1100 1.200000 0.018000 0.990000 0.698940 
5.725537 1100 1.200000 0.018000 0.990000 0.700920 
5.825960 1100 1.200000 0.018000 0.990000 0.700920 
5.926402 1100 1.200000 0.018000 0.990000 0.700920 
6.026832 1100 1.200000 0.018000 0.990000 0.700920 
6.127295 1100 1.200000 0.018000 0.990000 0.700920 
6.227717 1100 1.200000 0.018000 0.990000 0.701910 
6.328144 1100 1.200000 0.018000 0.990000 0.701910 
6.428567 1100 1.200000 0.018000 0.990000 0.701910 
6.529002 1100 1.200000 0.018000 0.990000 0.700920 
6.629428 1100 1.200000 0.018000 0.990000 0.700920 
6.729852 1100 1.200000 0.018000 0.990000 0.697950 
6.830276 1100 1.200000 0.018000 0.990000 0.697950 
6.930704 1100 1.200000 0.018000 0.990000 0.697950 
7.031128 1100 1.200000 0.018000 0.990000 0.700920 
7.131553 1100 1.200000 0.018000 0.990000 0.700920 
7.231993 1100 1.200000 0.018000 0.990000 0.700920 
7.332454 1100 1.200000 0.018000 0.990000 0.700920 
7.432881 1100 1.200000 0.018000 0.990000 0.700920 
7.533310 1100 1.200000 0.018000 0.990000 0.699930 
7.633739 1100 1.200000 0.018000 0.990000 0.699930 
7.734164 1100 1.200000 0.018000 0.990000 0.699930 
7.834589 1100 1.200000 0.018000 0.990000 0.699930 
7.935013 1100 1.200000 0.018000 0.990000 0.699930 
8.035437 1100 1.200000 0.018000 0.990000 0.699930 
8.135943 1100 1.200000 0.018000 0.990000 0.700920 
8.236380 1100 1.200000 0.018000 0.990000 0.700920 
8.336807 1100 1.200000 0.018000 0.990000 0.697950 
8.437271 1100 1.200000 0.018000 0.990000 0.697950 
8.537718 1100 1.200000 0.018000 0.990000 0.697950 
8.638220 1100 1.200000 0.018000 0.990000 0.699930 
8.738659 1100 1.200000 0.018000 0.990000 0.699930 
8.839105 1100 1.200000 0.018000 0.990000 0.698940 
8.939542 1100 1.200000 0.018000 0.990000 0.698940 
9.039971 1100 1.200000 0.018000 0.990000 0.698940 
9.140406 1100 1.200000 0.018000 0.991250 0.691718 
9.241029 1100 1.200000 0.018000 0.991250 0.691718 
9.341551 1100 1.200000 0.018000 0.991250 0.691718 
9.441988 1100 1.200000 0.018000 0.990000 0.698940 
9.542469 1100 1.200000 0.018000 0.990000 0.698940 
9.642905 1100 1.200000 0.018000 0.990000 0.700920 
9.743351 1100 1.200000 0.018000 0.990000 0.700920 
9.843779 1100 1.200000 0.018000 0.990000 0.700920 
9.944217 1100 1.200000 0.018000 0.990000 0.700920 
10.044686 1100 1.200000 0.018000 0.990000 0.700920 
10.145122 1100 1.200000 0.018000 0.990000 0.700920 
10.245554 1100 1.200000 0.018000 0.990000 0.699930 
10.345982 1100 1.200000 0.018000 0.990000 0.699930 
10.446409 1100 1.200000 0.018000 0.990000 0.698940 
10.546848 1100 1.200000 0.018000 0.990000 0.698940 
10.647308 1100 1.200000 0.018000 0.990000 0.698940 
10.747734 1100 1.200000 0.018000 0.990000 0.701910 
10.848176 1100 1.200000 0.018000 0.990000 0.701910 
10.948618 1100 1.200000 0.018000 0.990000 0.698940 
11.052256 1100 1.200000 0.018000 0.990000 0.698940 
11.152748 1100 1.200000 0.018000 0.990000 0.698940 
11.253268 1100 1.200000 0.018000 0.990000 0.699930 
11.353710 1100 1.200000 0.018000 0.990000 0.699930 
11.454142 1100 1.200000 0.018000 0.990000 0.699930 
11.554591 1100 1.200000 0.018000 0.990000 0.698940 
11.655040 1100 1.200000 0.018000 0.990000 0.698940 
11.755470 1100 1.200000 0.018000 0.990000 0.701910 
11.855898 1100 1.200000 0.018000 0.990000 0.701910 
11.956329 1100 1.200000 0.018000 0.990000 0.701910 
12.056768 1100 1.200000 0.018000 0.990000 0.699930 
12.157292 1100 1.200000 0.018000 0.990000 0.699930 
12.257726 1100 1.200000 0.018000 0.990000 0.699930 
12.358152 1100 1.200000 0.018000 0.990000 0.697950 
12.458590 1100 1.200000 0.018000 0.990000 0.697950 
12.559030 1100 1.200000 0.018000 0.990000 0.701910 
12.659467 1100 1.200000 0.018000 0.990000 0.701910 
12.759898 1100 1.200000 0.018000 0.990000 0.701910 
12.860324 1100 1.200000 0.018000 0.990000 0.701910 
12.960755 1100 1.200000 0.018000 0.990000 0.701910 
13.061181 1100 1.200000 0.018000 0.990000 0.698940 
13.161608 1100 1.200000 0.018000 0.990000 0.698940 
13.262038 1100 1.200000 0.018000 0.990000 0.698940 
13.362499 1100 1.200000 0.018000 0.990000 0.701910 
13.462935 1100 1.200000 0.018000 0.990000 0.701910 
13.563373 1100 1.200000 0.018000 0.990000 0.701910 
13.663808 1100 1.200000 0.018000 0.990000 0.700920 
13.764238 1100 1.200000 0.018000 0.990000 0.700920 
13.864686 1100 1.200000 0.018000 0.990000 0.697950 
13.965126 1100 1.200000 0.018000 0.990000 0.697950 
14.065555 1100 1.200000 0.018000 0.990000 0.697950 
14.165987 1100 1.200000 0.018000 0.990000 0.701910 
14.266420 1100 1.200000 0.018000 0.990000 0.701910 
14.366848 1100 1.200000 0.018000 0.990000 0.701910 
14.467323 1100 1.200000 0.018000 0.990000 0.698940 
14.567763 1100 1.200000 0.018000 0.990000 0.698940 
14.668198 1100 1.200000 0.018000 0.990000 0.700920 
14.768642 1100 1.200000 0.018000 0.990000 0.700920 
14.869072 1100 1.200000 0.018000 0.990000 0.700920 
14.969505 1100 1.200000 0.018000 0.990000 0.698940 
15.069935 1100 1.200000 0.018000 0.990000 0.698940 
15.170364 1100 1.200000 0.018000 0.990000 0.698940 
15.270795 1100 1.200000 0.018000 0.990000 0.698940 
15.371231 1100 1.200000 0.018000 0.990000 0.698940 
15.471662 1100 1.200000 0.018000 0.990000 0.700920 
15.572112 1100 1.200000 0.018000 0.990000 0.700920 
15.672540 1100 1.200000 0.018000 0.990000 0.700920 
15.772967 1100 1.200000 0.018000 0.990000 0.700920 
15.873393 1100 1.200000 0.018000 0.990000 0.700920 
15.973827 1100 1.200000 0.018000 0.990000 0.699930 
16.074317 1100 1.200000 0.018000 0.990000 0.699930 
16.174757 1100 1.200000 0.018000 0.990000 0.699930 
16.275188 1100 1.200000 0.018000 0.990000 0.696960 
16.375620 1100 1.200000 0.018000 0.990000 0.696960 
16.476055 1100 1.200000 0.018000 0.990000 0.696960 
16.576495 1100 1.200000 0.018000 0.990000 0.699930 
16.676922 1100 1.200000 0.018000 0.990000 0.699930 
16.777385 1100 1.200000 0.018000 0.990000 0.699930 
16.877815 1100 1.200000 0.018000 0.990000 0.699930 
16.978242 1100 1.200000 0.018000 0.990000 0.699930 
17.078673 1100 1.200000 0.018000 0.990000 0.699930 
17.179198 1100 1.200000 0.018000 0.990000 0.699930 
17.279638 1100 1.200000 0.018000 0.990000 0.699930 
