0.000340 550 1.136250 0.146544 1.158750 0.013896 
0.100948 550 1.136250 0.146544 1.158750 0.013896 
0.201523 550 1.136250 0.146544 1.158750 0.013896 
0.301998 550 1.136250 0.147680 1.158750 0.015054 
0.402477 550 1.136250 0.147680 1.158750 0.015054 
0.502952 550 1.136250 0.147680 1.158750 0.015054 
0.603429 550 1.136250 0.148816 1.158750 0.013896 
0.703859 550 1.136250 0.148816 1.158750 0.013896 
0.804342 550 1.136250 0.148816 1.158750 0.015054 
0.904804 550 1.136250 0.148816 1.158750 0.015054 
1.005239 550 1.136250 0.148816 1.158750 0.015054 
1.105834 550 1.136250 0.151088 1.158750 0.015054 
1.206283 550 1.136250 0.151088 1.158750 0.015054 
1.306710 550 1.136250 0.148816 1.158750 0.015054 
1.407189 550 1.136250 0.148816 1.158750 0.015054 
1.507715 550 1.136250 0.148816 1.158750 0.015054 
1.608146 550 1.136250 0.148816 1.158750 0.015054 
1.708649 550 1.136250 0.148816 1.158750 0.015054 
1.809140 550 1.136250 0.148816 1.158750 0.015054 
1.909595 550 1.136250 0.147680 1.158750 0.015054 
2.010045 550 1.136250 0.147680 1.158750 0.015054 
2.110458 550 1.136250 0.148816 1.158750 0.015054 
2.210866 550 1.136250 0.148816 1.158750 0.015054 
2.311287 550 1.136250 0.148816 1.158750 0.015054 
2.411699 550 1.136250 0.149952 1.158750 0.015054 
2.512171 550 1.136250 0.149952 1.158750 0.015054 
2.612685 550 1.136250 0.149952 1.158750 0.015054 
2.713134 550 1.136250 0.149952 1.158750 0.015054 
2.813552 550 1.136250 0.149952 1.158750 0.015054 
2.913979 550 1.136250 0.149952 1.158750 0.015054 
3.014431 550 1.136250 0.149952 1.158750 0.015054 
3.115024 550 1.136250 0.149952 1.158750 0.015054 
3.215469 550 1.136250 0.148816 1.158750 0.015054 
3.315914 550 1.136250 0.148816 1.158750 0.015054 
3.416333 550 1.136250 0.151088 1.158750 0.015054 
3.516805 550 1.136250 0.151088 1.158750 0.015054 
3.617238 550 1.136250 0.151088 1.158750 0.015054 
3.717704 550 1.136250 0.148816 1.158750 0.015054 
3.818177 550 1.136250 0.148816 1.158750 0.015054 
3.918601 550 1.136250 0.148816 1.158750 0.015054 
4.019014 550 1.136250 0.149952 1.158750 0.015054 
4.119448 550 1.136250 0.149952 1.158750 0.015054 
4.219897 550 1.136250 0.151088 1.158750 0.013896 
4.320331 550 1.136250 0.151088 1.158750 0.013896 
4.420794 550 1.136250 0.151088 1.158750 0.013896 
4.521219 550 1.136250 0.149952 1.158750 0.013896 
4.621685 550 1.136250 0.149952 1.158750 0.013896 
4.722109 550 1.136250 0.149952 1.158750 0.013896 
4.822581 550 1.135000 0.148685 1.158750 0.013896 
4.923027 550 1.135000 0.148685 1.158750 0.013896 
5.023490 550 1.136250 0.151088 1.158750 0.015054 
5.123914 550 1.136250 0.151088 1.158750 0.015054 
5.224324 550 1.136250 0.151088 1.158750 0.015054 
5.324739 550 1.136250 0.149952 1.158750 0.015054 
5.425211 550 1.136250 0.149952 1.158750 0.015054 
5.525684 550 1.136250 0.148816 1.158750 0.015054 
5.626278 550 1.136250 0.148816 1.158750 0.015054 
5.726720 550 1.136250 0.148816 1.158750 0.015054 
5.827146 550 1.136250 0.148816 1.158750 0.015054 
5.927625 550 1.136250 0.148816 1.158750 0.015054 
6.028072 550 1.136250 0.148816 1.158750 0.015054 
6.128493 550 1.136250 0.148816 1.158750 0.015054 
6.228992 550 1.136250 0.148816 1.158750 0.015054 
6.329600 550 1.136250 0.149952 1.158750 0.015054 
6.430147 550 1.136250 0.149952 1.158750 0.015054 
6.530597 550 1.136250 0.149952 1.158750 0.015054 
6.631115 550 1.136250 0.149952 1.158750 0.015054 
6.731557 550 1.136250 0.149952 1.158750 0.015054 
6.832005 550 1.136250 0.149952 1.158750 0.015054 
6.932639 550 1.136250 0.148816 1.158750 0.015054 
7.033119 550 1.136250 0.148816 1.158750 0.015054 
7.133721 550 1.136250 0.148816 1.158750 0.013896 
7.234316 550 1.136250 0.148816 1.158750 0.013896 
7.334780 550 1.136250 0.148816 1.158750 0.013896 
7.435305 550 1.136250 0.149952 1.158750 0.015054 
7.535755 550 1.136250 0.149952 1.158750 0.015054 
7.636200 550 1.136250 0.148816 1.158750 0.015054 
7.736810 550 1.136250 0.148816 1.158750 0.015054 
7.837474 550 1.136250 0.148816 1.158750 0.015054 
7.938075 550 1.136250 0.146544 1.158750 0.015054 
8.038658 550 1.136250 0.146544 1.158750 0.015054 
8.139237 550 1.136250 0.146544 1.158750 0.015054 
8.240008 550 1.136250 0.148816 1.158750 0.015054 
8.340626 550 1.136250 0.148816 1.158750 0.015054 
8.441243 550 1.136250 0.146544 1.158750 0.013896 
8.541840 550 1.136250 0.146544 1.158750 0.013896 
8.642508 550 1.136250 0.146544 1.158750 0.013896 
8.743118 550 1.136250 0.146544 1.158750 0.015054 
8.843894 550 1.136250 0.146544 1.158750 0.015054 
8.944486 550 1.136250 0.146544 1.158750 0.015054 
9.045070 550 1.136250 0.146544 1.158750 0.015054 
9.145528 550 1.136250 0.146544 1.158750 0.015054 
9.246003 550 1.136250 0.151088 1.158750 0.015054 
9.346599 550 1.136250 0.151088 1.158750 0.015054 
9.447091 550 1.136250 0.151088 1.158750 0.015054 
9.547565 550 1.136250 0.148816 1.158750 0.015054 
9.647991 550 1.136250 0.148816 1.158750 0.015054 
9.748412 550 1.136250 0.149952 1.158750 0.015054 
9.848893 550 1.136250 0.149952 1.158750 0.015054 
9.949319 550 1.136250 0.149952 1.158750 0.015054 
10.049732 550 1.136250 0.149952 1.158750 0.015054 
10.150154 550 1.136250 0.149952 1.158750 0.015054 
10.250623 550 1.136250 0.149952 1.158750 0.015054 
10.351063 550 1.136250 0.149952 1.158750 0.015054 
10.451528 550 1.136250 0.149952 1.158750 0.015054 
10.551970 550 1.136250 0.149952 1.158750 0.015054 
10.652398 550 1.136250 0.149952 1.158750 0.015054 
10.752895 550 1.136250 0.149952 1.158750 0.015054 
10.853345 550 1.136250 0.149952 1.158750 0.013896 
10.953802 550 1.136250 0.149952 1.158750 0.013896 
11.054276 550 1.136250 0.149952 1.158750 0.013896 
11.157539 550 1.136250 0.144272 1.158750 0.013896 
11.258124 550 1.136250 0.144272 1.158750 0.013896 
11.358728 550 1.136250 0.149952 1.158750 0.015054 
11.459228 550 1.136250 0.149952 1.158750 0.015054 
11.559690 550 1.136250 0.149952 1.158750 0.015054 
11.660150 550 1.136250 0.148816 1.158750 0.015054 
11.760595 550 1.136250 0.148816 1.158750 0.015054 
11.861019 550 1.135000 0.148685 1.158750 0.015054 
11.961439 550 1.135000 0.148685 1.158750 0.015054 
12.061852 550 1.135000 0.148685 1.158750 0.015054 
12.162267 550 1.136250 0.148816 1.158750 0.015054 
12.262773 550 1.136250 0.148816 1.158750 0.015054 
12.363212 550 1.136250 0.148816 1.158750 0.015054 
12.463677 550 1.136250 0.148816 1.158750 0.015054 
12.564131 550 1.136250 0.148816 1.158750 0.015054 
12.664558 550 1.136250 0.148816 1.158750 0.015054 
12.764985 550 1.136250 0.148816 1.158750 0.015054 
12.865435 550 1.136250 0.148816 1.158750 0.015054 
12.965881 550 1.136250 0.149952 1.158750 0.015054 
13.066311 550 1.136250 0.149952 1.158750 0.015054 
13.166915 550 1.136250 0.149952 1.158750 0.015054 
13.267336 550 1.135000 0.147550 1.158750 0.015054 
13.367775 550 1.135000 0.147550 1.158750 0.015054 
13.468242 550 1.136250 0.149952 1.158750 0.015054 
13.568673 550 1.136250 0.149952 1.158750 0.015054 
13.669088 550 1.136250 0.149952 1.158750 0.015054 
13.769508 550 1.136250 0.149952 1.158750 0.015054 
13.869951 550 1.136250 0.149952 1.158750 0.015054 
13.970391 550 1.136250 0.148816 1.158750 0.015054 
14.070819 550 1.136250 0.148816 1.158750 0.015054 
14.171244 550 1.136250 0.148816 1.158750 0.015054 
14.271661 550 1.136250 0.149952 1.158750 0.015054 
14.372100 550 1.136250 0.149952 1.158750 0.015054 
14.472598 550 1.136250 0.149952 1.158750 0.015054 
14.573030 550 1.136250 0.147680 1.158750 0.013896 
14.673451 550 1.136250 0.147680 1.158750 0.013896 
14.773870 550 1.136250 0.149952 1.158750 0.015054 
14.874314 550 1.136250 0.149952 1.158750 0.015054 
14.974734 550 1.136250 0.149952 1.158750 0.015054 
15.075148 550 1.136250 0.148816 1.158750 0.013896 
15.175569 550 1.136250 0.148816 1.158750 0.013896 
15.275988 550 1.136250 0.148816 1.158750 0.013896 
15.376405 550 1.136250 0.149952 1.158750 0.015054 
15.476879 550 1.136250 0.149952 1.158750 0.015054 
15.577336 550 1.136250 0.147680 1.158750 0.015054 
15.677765 550 1.136250 0.147680 1.158750 0.015054 
15.778190 550 1.136250 0.147680 1.158750 0.015054 
15.878622 550 1.135000 0.149820 1.158750 0.015054 
15.979043 550 1.135000 0.149820 1.158750 0.015054 
16.079459 550 1.136250 0.149952 1.158750 0.015054 
16.179872 550 1.136250 0.149952 1.158750 0.015054 
16.280286 550 1.136250 0.149952 1.158750 0.015054 
16.380889 550 1.136250 0.149952 1.158750 0.015054 
16.481437 550 1.136250 0.149952 1.158750 0.015054 
16.581933 550 1.136250 0.149952 1.158750 0.015054 
16.682453 550 1.136250 0.149952 1.158750 0.015054 
16.782914 550 1.136250 0.149952 1.158750 0.015054 
16.883511 550 1.136250 0.149952 1.158750 0.015054 
16.983964 550 1.136250 0.149952 1.158750 0.015054 
17.084386 550 1.136250 0.149952 1.158750 0.015054 
17.184804 550 1.136250 0.147680 1.158750 0.015054 
17.285229 550 1.136250 0.147680 1.158750 0.015054 
17.385680 550 1.136250 0.147680 1.158750 0.015054 
17.486281 550 1.136250 0.149952 1.158750 0.015054 
17.586749 550 1.136250 0.149952 1.158750 0.015054 
17.687171 550 1.136250 0.149952 1.158750 0.015054 
17.787627 550 1.136250 0.149952 1.158750 0.015054 
17.888068 550 1.136250 0.149952 1.158750 0.015054 
17.988507 550 1.136250 0.148816 1.158750 0.015054 
18.088931 550 1.136250 0.148816 1.158750 0.015054 
18.189377 550 1.136250 0.148816 1.158750 0.013896 
18.289809 550 1.136250 0.148816 1.158750 0.013896 
18.390231 550 1.136250 0.148816 1.158750 0.013896 
18.490699 550 1.136250 0.147680 1.158750 0.015054 
18.591180 550 1.136250 0.147680 1.158750 0.015054 
18.691617 550 1.136250 0.147680 1.158750 0.015054 
18.792048 550 1.136250 0.148816 1.158750 0.015054 
18.892544 550 1.136250 0.148816 1.158750 0.015054 
18.993005 550 1.136250 0.151088 1.158750 0.015054 
19.093453 550 1.136250 0.151088 1.158750 0.015054 
19.193882 550 1.136250 0.151088 1.158750 0.015054 
19.297392 550 1.136250 0.149952 1.158750 0.015054 
19.397975 550 1.136250 0.149952 1.158750 0.015054 
19.498577 550 1.136250 0.149952 1.158750 0.015054 
19.599075 550 1.136250 0.147680 1.158750 0.015054 
19.699526 550 1.136250 0.147680 1.158750 0.015054 
19.799979 550 1.136250 0.149952 1.158750 0.013896 
19.900414 550 1.136250 0.149952 1.158750 0.013896 
20.000846 550 1.136250 0.149952 1.158750 0.013896 
20.101274 550 1.136250 0.147680 1.158750 0.013896 
20.201697 550 1.136250 0.147680 1.158750 0.013896 
20.302114 550 1.136250 0.148816 1.158750 0.015054 
20.402564 550 1.136250 0.148816 1.158750 0.015054 
20.503032 550 1.136250 0.148816 1.158750 0.015054 
