0.000548 300 0.948750 0.056880 1.158750 0.013896 
0.101616 300 0.948750 0.056880 1.158750 0.013896 
0.202570 300 0.948750 0.056880 1.158750 0.013896 
0.303465 300 0.948750 0.056880 1.158750 0.013896 
0.404366 300 0.948750 0.056880 1.158750 0.013896 
0.505116 300 0.948750 0.057828 1.158750 0.013896 
0.606027 300 0.948750 0.057828 1.158750 0.013896 
0.707188 300 0.948750 0.058776 1.158750 0.013896 
0.808068 300 0.948750 0.058776 1.158750 0.013896 
0.909006 300 0.948750 0.058776 1.158750 0.013896 
1.009938 300 0.948750 0.059724 1.158750 0.013896 
1.110869 300 0.948750 0.059724 1.158750 0.013896 
1.211812 300 0.948750 0.059724 1.158750 0.013896 
1.312553 300 0.948750 0.056880 1.158750 0.013896 
1.413256 300 0.948750 0.056880 1.158750 0.013896 
1.513964 300 0.948750 0.058776 1.158750 0.013896 
1.614749 300 0.948750 0.058776 1.158750 0.013896 
1.715521 300 0.948750 0.058776 1.158750 0.013896 
1.816232 300 0.948750 0.057828 1.160000 0.013920 
1.917026 300 0.948750 0.057828 1.160000 0.013920 
2.017878 300 0.948750 0.058776 1.158750 0.013896 
2.118720 300 0.948750 0.058776 1.158750 0.013896 
2.219504 300 0.948750 0.058776 1.158750 0.013896 
2.320289 300 0.948750 0.057828 1.158750 0.013896 
2.421036 300 0.948750 0.057828 1.158750 0.013896 
2.522000 300 0.948750 0.057828 1.158750 0.013896 
2.622938 300 0.948750 0.058776 1.158750 0.013896 
2.723843 300 0.948750 0.058776 1.158750 0.013896 
2.824782 300 0.948750 0.057828 1.158750 0.013896 
2.925723 300 0.948750 0.057828 1.158750 0.013896 
3.026722 300 0.948750 0.057828 1.158750 0.013896 
3.127670 300 0.948750 0.056880 1.158750 0.013896 
3.228614 300 0.948750 0.056880 1.158750 0.013896 
3.329518 300 0.948750 0.056880 1.158750 0.013896 
3.430412 300 0.948750 0.056880 1.158750 0.013896 
3.531165 300 0.948750 0.056880 1.158750 0.013896 
3.632139 300 0.948750 0.057828 1.158750 0.013896 
3.733053 300 0.948750 0.057828 1.158750 0.013896 
3.833947 300 0.948750 0.057828 1.158750 0.013896 
3.934764 300 0.948750 0.057828 1.158750 0.013896 
4.035564 300 0.948750 0.057828 1.158750 0.013896 
4.136347 300 0.948750 0.057828 1.158750 0.013896 
4.237078 300 0.948750 0.057828 1.158750 0.013896 
4.337807 300 0.948750 0.057828 1.158750 0.013896 
4.438573 300 0.948750 0.057828 1.158750 0.013896 
4.539334 300 0.948750 0.057828 1.158750 0.013896 
4.640078 300 0.948750 0.057828 1.158750 0.013896 
4.740799 300 0.948750 0.058776 1.158750 0.013896 
4.841550 300 0.948750 0.058776 1.158750 0.013896 
4.942272 300 0.948750 0.058776 1.158750 0.013896 
5.043000 300 0.948750 0.058776 1.158750 0.013896 
5.143766 300 0.948750 0.058776 1.158750 0.013896 
5.244552 300 0.948750 0.058776 1.158750 0.013896 
5.345281 300 0.948750 0.058776 1.158750 0.013896 
5.445979 300 0.948750 0.057828 1.158750 0.013896 
5.546772 300 0.948750 0.057828 1.158750 0.013896 
5.647526 300 0.948750 0.057828 1.158750 0.013896 
5.748229 300 0.948750 0.057828 1.158750 0.013896 
5.848976 300 0.948750 0.057828 1.158750 0.013896 
5.949704 300 0.948750 0.057828 1.158750 0.013896 
6.050521 300 0.948750 0.057828 1.158750 0.013896 
6.151329 300 0.948750 0.057828 1.158750 0.013896 
6.252041 300 0.948750 0.057828 1.158750 0.013896 
6.352749 300 0.948750 0.057828 1.158750 0.013896 
6.453498 300 0.948750 0.057828 1.158750 0.013896 
6.554254 300 0.948750 0.058776 1.158750 0.013896 
6.654981 300 0.948750 0.058776 1.158750 0.013896 
6.755686 300 0.948750 0.058776 1.158750 0.013896 
6.856479 300 0.948750 0.057828 1.158750 0.013896 
6.957183 300 0.948750 0.057828 1.158750 0.013896 
7.057897 300 0.948750 0.058776 1.158750 0.013896 
7.158650 300 0.948750 0.058776 1.158750 0.013896 
7.259362 300 0.948750 0.058776 1.158750 0.013896 
7.360133 300 0.948750 0.057828 1.158750 0.013896 
7.461227 300 0.948750 0.057828 1.158750 0.013896 
7.562061 300 0.948750 0.058776 1.158750 0.013896 
7.662815 300 0.948750 0.058776 1.158750 0.013896 
7.763525 300 0.948750 0.058776 1.158750 0.013896 
7.864227 300 0.948750 0.058776 1.158750 0.013896 
7.964945 300 0.948750 0.058776 1.158750 0.013896 
8.065692 300 0.948750 0.058776 1.158750 0.013896 
8.167035 300 0.948750 0.057828 1.158750 0.013896 
8.268106 300 0.948750 0.057828 1.158750 0.013896 
8.369306 300 0.948750 0.057828 1.158750 0.013896 
8.470195 300 0.948750 0.057828 1.158750 0.013896 
8.571077 300 0.948750 0.057828 1.158750 0.013896 
8.671873 300 0.948750 0.056880 1.158750 0.013896 
8.772747 300 0.948750 0.056880 1.158750 0.013896 
8.873653 300 0.948750 0.057828 1.158750 0.013896 
8.974499 300 0.948750 0.057828 1.158750 0.013896 
9.075251 300 0.948750 0.057828 1.158750 0.013896 
9.176290 300 0.948750 0.057828 1.158750 0.013896 
9.277198 300 0.948750 0.057828 1.158750 0.013896 
9.378091 300 0.948750 0.057828 1.158750 0.013896 
9.478993 300 0.948750 0.057828 1.158750 0.013896 
9.579760 300 0.948750 0.057828 1.158750 0.013896 
9.680471 300 0.948750 0.058776 1.158750 0.013896 
9.781168 300 0.948750 0.058776 1.158750 0.013896 
9.881949 300 0.948750 0.058776 1.158750 0.013896 
9.982880 300 0.948750 0.057828 1.158750 0.013896 
10.083780 300 0.948750 0.057828 1.158750 0.013896 
10.184593 300 0.948750 0.057828 1.158750 0.013896 
10.285340 300 0.948750 0.057828 1.158750 0.013896 
10.386107 300 0.948750 0.057828 1.158750 0.013896 
10.487896 300 0.948750 0.058776 1.158750 0.013896 
10.588814 300 0.948750 0.058776 1.158750 0.013896 
10.689761 300 0.948750 0.058776 1.158750 0.013896 
10.790693 300 0.948750 0.056880 1.158750 0.013896 
10.892232 300 0.948750 0.056880 1.158750 0.013896 
10.993180 300 0.948750 0.057828 1.158750 0.013896 
11.094169 300 0.948750 0.057828 1.158750 0.013896 
11.195117 300 0.948750 0.057828 1.158750 0.013896 
11.296041 300 0.948750 0.056880 1.158750 0.013896 
11.397034 300 0.948750 0.056880 1.158750 0.013896 
11.497853 300 0.948750 0.056880 1.158750 0.013896 
11.598617 300 0.948750 0.057828 1.158750 0.013896 
11.699480 300 0.948750 0.057828 1.158750 0.013896 
11.800267 300 0.948750 0.057828 1.158750 0.013896 
11.901084 300 0.948750 0.057828 1.158750 0.013896 
12.002076 300 0.948750 0.057828 1.158750 0.013896 
12.102900 300 0.948750 0.057828 1.158750 0.013896 
12.203688 300 0.948750 0.057828 1.158750 0.013896 
12.304435 300 0.948750 0.057828 1.158750 0.013896 
12.405227 300 0.948750 0.057828 1.158750 0.013896 
12.506084 300 0.948750 0.057828 1.158750 0.013896 
12.606908 300 0.948750 0.058776 1.158750 0.013896 
12.707651 300 0.948750 0.058776 1.158750 0.013896 
12.808384 300 0.948750 0.058776 1.158750 0.013896 
12.909236 300 0.948750 0.058776 1.158750 0.013896 
13.010021 300 0.948750 0.058776 1.158750 0.013896 
13.110811 300 0.948750 0.058776 1.158750 0.013896 
13.211618 300 0.948750 0.058776 1.158750 0.013896 
13.312350 300 0.948750 0.058776 1.158750 0.013896 
13.413069 300 0.948750 0.058776 1.158750 0.013896 
13.513796 300 0.948750 0.058776 1.158750 0.013896 
13.614555 300 0.948750 0.058776 1.158750 0.013896 
13.715413 300 0.948750 0.058776 1.158750 0.013896 
13.816178 300 0.948750 0.058776 1.158750 0.013896 
13.916964 300 0.948750 0.057828 1.158750 0.013896 
14.017725 300 0.948750 0.057828 1.158750 0.013896 
14.118598 300 0.948750 0.057828 1.158750 0.013896 
14.219410 300 0.948750 0.057828 1.158750 0.013896 
14.320173 300 0.948750 0.057828 1.158750 0.013896 
14.420965 300 0.948750 0.057828 1.158750 0.013896 
14.521758 300 0.948750 0.057828 1.158750 0.013896 
14.622497 300 0.948750 0.057828 1.158750 0.013896 
14.723255 300 0.948750 0.058776 1.158750 0.013896 
14.824092 300 0.948750 0.058776 1.158750 0.013896 
14.924940 300 0.948750 0.058776 1.158750 0.013896 
15.025820 300 0.948750 0.058776 1.158750 0.013896 
15.126797 300 0.948750 0.058776 1.158750 0.013896 
15.227699 300 0.948750 0.057828 1.158750 0.013896 
15.328593 300 0.948750 0.057828 1.158750 0.013896 
15.429477 300 0.948750 0.057828 1.158750 0.013896 
15.530233 300 0.948750 0.057828 1.158750 0.013896 
15.631054 300 0.948750 0.057828 1.158750 0.013896 
15.731988 300 0.948750 0.057828 1.158750 0.013896 
15.832793 300 0.948750 0.057828 1.158750 0.013896 
15.933670 300 0.948750 0.057828 1.158750 0.013896 
16.034552 300 0.948750 0.058776 1.158750 0.013896 
16.135374 300 0.948750 0.058776 1.158750 0.013896 
16.236252 300 0.948750 0.058776 1.158750 0.013896 
16.337217 300 0.948750 0.057828 1.158750 0.013896 
16.438251 300 0.948750 0.057828 1.158750 0.013896 
16.539147 300 0.948750 0.057828 1.158750 0.013896 
16.640083 300 0.948750 0.057828 1.158750 0.013896 
16.741389 300 0.948750 0.057828 1.158750 0.013896 
16.842288 300 0.950000 0.053200 1.158750 0.013896 
16.943204 300 0.950000 0.053200 1.158750 0.013896 
17.044437 300 0.950000 0.053200 1.158750 0.013896 
17.145350 300 0.948750 0.056880 1.158750 0.013896 
17.246288 300 0.948750 0.056880 1.158750 0.013896 
17.347234 300 0.950000 0.057000 1.158750 0.013896 
17.448158 300 0.950000 0.057000 1.158750 0.013896 
17.549068 300 0.950000 0.057000 1.158750 0.013896 
17.649940 300 0.948750 0.057828 1.158750 0.013896 
17.750725 300 0.948750 0.057828 1.158750 0.013896 
17.851522 300 0.948750 0.057828 1.158750 0.013896 
17.952318 300 0.948750 0.057828 1.158750 0.013896 
18.053072 300 0.948750 0.057828 1.158750 0.013896 
18.153852 300 0.950000 0.057950 1.158750 0.013896 
18.254627 300 0.950000 0.057950 1.158750 0.013896 
18.355417 300 0.950000 0.057950 1.158750 0.013896 
18.456283 300 0.948750 0.058776 1.158750 0.013896 
18.557092 300 0.948750 0.058776 1.158750 0.013896 
18.657858 300 0.948750 0.059724 1.158750 0.013896 
18.758608 300 0.948750 0.059724 1.158750 0.013896 
18.859460 300 0.948750 0.059724 1.158750 0.013896 
18.960234 300 0.948750 0.058776 1.158750 0.013896 
19.060998 300 0.948750 0.058776 1.158750 0.013896 
19.161843 300 0.948750 0.058776 1.158750 0.013896 
19.262601 300 0.948750 0.058776 1.158750 0.013896 
19.363379 300 0.948750 0.058776 1.158750 0.013896 
19.464278 300 0.948750 0.059724 1.158750 0.013896 
19.565183 300 0.948750 0.059724 1.158750 0.013896 
19.666056 300 0.948750 0.059724 1.158750 0.013896 
19.766870 300 0.948750 0.057828 1.158750 0.013896 
19.867609 300 0.948750 0.057828 1.158750 0.013896 
19.968363 300 0.948750 0.057828 1.158750 0.013896 
20.069246 300 0.948750 0.057828 1.158750 0.013896 
20.170124 300 0.948750 0.057828 1.158750 0.013896 
20.270878 300 0.948750 0.057828 1.158750 0.013896 
20.371692 300 0.948750 0.057828 1.158750 0.013896 
20.472409 300 0.948750 0.057828 1.158750 0.013896 
20.573138 300 0.948750 0.057828 1.158750 0.013896 
20.673865 300 0.948750 0.057828 1.158750 0.013896 
20.774619 300 0.948750 0.058776 1.158750 0.013896 
20.875527 300 0.948750 0.058776 1.158750 0.013896 
20.976502 300 0.948750 0.058776 1.158750 0.013896 
21.077262 300 0.948750 0.057828 1.158750 0.013896 
21.178159 300 0.948750 0.057828 1.158750 0.013896 
21.279016 300 0.948750 0.056880 1.158750 0.013896 
21.379877 300 0.948750 0.056880 1.158750 0.013896 
21.480696 300 0.948750 0.056880 1.158750 0.013896 
21.581612 300 0.948750 0.058776 1.158750 0.013896 
21.682496 300 0.948750 0.058776 1.158750 0.013896 
21.783385 300 0.948750 0.058776 1.158750 0.013896 
21.884275 300 0.948750 0.057828 1.158750 0.013896 
21.985772 300 0.948750 0.057828 1.158750 0.013896 
22.087486 300 0.948750 0.056880 1.158750 0.013896 
22.188434 300 0.948750 0.056880 1.158750 0.013896 
22.289334 300 0.948750 0.056880 1.158750 0.013896 
22.390215 300 0.948750 0.056880 1.158750 0.013896 
22.491125 300 0.948750 0.056880 1.158750 0.013896 
22.592039 300 0.948750 0.056880 1.158750 0.013896 
22.692979 300 0.948750 0.057828 1.158750 0.013896 
22.793865 300 0.948750 0.057828 1.158750 0.013896 
22.894738 300 0.948750 0.057828 1.158750 0.013896 
22.995632 300 0.948750 0.057828 1.158750 0.013896 
23.096477 300 0.948750 0.057828 1.158750 0.013896 
23.197269 300 0.948750 0.057828 1.158750 0.013896 
23.298129 300 0.948750 0.057828 1.158750 0.013896 
23.398985 300 0.948750 0.057828 1.158750 0.013896 
23.499892 300 0.948750 0.057828 1.158750 0.013896 
23.600798 300 0.948750 0.057828 1.158750 0.013896 
23.701775 300 0.948750 0.057828 1.158750 0.013896 
23.802721 300 0.948750 0.057828 1.158750 0.013896 
23.903651 300 0.948750 0.057828 1.158750 0.013896 
24.005111 300 0.948750 0.057828 1.158750 0.013896 
24.106021 300 0.948750 0.057828 1.158750 0.013896 
24.206980 300 0.948750 0.057828 1.158750 0.013896 
24.307850 300 0.948750 0.057828 1.158750 0.013896 
24.408729 300 0.948750 0.057828 1.158750 0.013896 
24.509751 300 0.948750 0.057828 1.158750 0.013896 
24.610625 300 0.948750 0.057828 1.158750 0.013896 
24.711460 300 0.948750 0.057828 1.158750 0.013896 
24.812358 300 0.948750 0.057828 1.158750 0.013896 
24.913238 300 0.948750 0.057828 1.158750 0.013896 
25.014170 300 0.948750 0.057828 1.158750 0.013896 
25.115083 300 0.948750 0.057828 1.158750 0.013896 
25.215987 300 0.948750 0.057828 1.158750 0.013896 
25.316945 300 0.948750 0.057828 1.158750 0.013896 
25.417713 300 0.948750 0.057828 1.158750 0.013896 
25.518622 300 0.948750 0.057828 1.158750 0.013896 
25.619548 300 0.948750 0.057828 1.158750 0.013896 
25.720516 300 0.948750 0.057828 1.158750 0.013896 
25.821541 300 0.948750 0.056880 1.158750 0.013896 
25.922457 300 0.948750 0.056880 1.158750 0.013896 
26.023363 300 0.948750 0.057828 1.158750 0.013896 
26.124298 300 0.948750 0.057828 1.158750 0.013896 
26.225238 300 0.948750 0.057828 1.158750 0.013896 
26.326152 300 0.948750 0.058776 1.158750 0.013896 
26.427433 300 0.948750 0.058776 1.158750 0.013896 
26.528361 300 0.948750 0.058776 1.158750 0.013896 
26.629293 300 0.948750 0.057828 1.158750 0.013896 
26.730214 300 0.948750 0.057828 1.158750 0.013896 
26.831135 300 0.948750 0.058776 1.158750 0.013896 
26.932021 300 0.948750 0.058776 1.158750 0.013896 
27.032757 300 0.948750 0.058776 1.158750 0.013896 
27.133536 300 0.948750 0.058776 1.158750 0.013896 
27.234263 300 0.948750 0.058776 1.158750 0.013896 
27.335070 300 0.948750 0.058776 1.158750 0.013896 
27.435837 300 0.948750 0.057828 1.158750 0.013896 
27.536818 300 0.948750 0.057828 1.158750 0.013896 
27.637740 300 0.948750 0.057828 1.158750 0.013896 
27.738653 300 0.948750 0.057828 1.158750 0.013896 
27.839545 300 0.948750 0.057828 1.158750 0.013896 
27.940504 300 0.948750 0.059724 1.158750 0.013896 
28.041543 300 0.948750 0.059724 1.158750 0.013896 
28.142490 300 0.948750 0.059724 1.158750 0.013896 
28.243371 300 0.948750 0.059724 1.158750 0.013896 
28.344740 300 0.948750 0.059724 1.158750 0.013896 
28.445639 300 0.948750 0.057828 1.158750 0.013896 
28.546598 300 0.948750 0.057828 1.158750 0.013896 
28.647401 300 0.948750 0.057828 1.158750 0.013896 
28.748332 300 0.948750 0.057828 1.158750 0.013896 
28.849256 300 0.948750 0.057828 1.158750 0.013896 
28.950180 300 0.948750 0.058776 1.158750 0.013896 
29.051078 300 0.948750 0.058776 1.158750 0.013896 
29.152081 300 0.948750 0.058776 1.158750 0.013896 
29.253029 300 0.948750 0.057828 1.158750 0.013896 
29.353946 300 0.948750 0.057828 1.158750 0.013896 
29.454830 300 0.950000 0.058900 1.158750 0.013896 
29.555769 300 0.950000 0.058900 1.158750 0.013896 
29.656767 300 0.950000 0.058900 1.158750 0.013896 
29.757697 300 0.948750 0.057828 1.158750 0.013896 
29.858961 300 0.948750 0.057828 1.158750 0.013896 
29.959894 300 0.948750 0.057828 1.158750 0.013896 
30.060826 300 0.948750 0.058776 1.158750 0.013896 
30.161676 300 0.948750 0.058776 1.158750 0.013896 
30.262423 300 0.948750 0.058776 1.158750 0.013896 
30.366385 300 0.948750 0.058776 1.158750 0.013896 
30.467304 300 0.948750 0.058776 1.158750 0.013896 
30.568259 300 0.948750 0.057828 1.158750 0.013896 
30.669180 300 0.948750 0.057828 1.158750 0.013896 
30.770089 300 0.948750 0.057828 1.158750 0.013896 
30.871024 300 0.948750 0.057828 1.158750 0.013896 
30.971971 300 0.948750 0.057828 1.158750 0.013896 
31.072921 300 0.948750 0.058776 1.158750 0.013896 
31.176416 300 0.948750 0.058776 1.158750 0.013896 
31.277392 300 0.948750 0.058776 1.158750 0.013896 
31.378308 300 0.948750 0.058776 1.158750 0.013896 
31.479311 300 0.948750 0.058776 1.158750 0.013896 
31.580824 300 0.948750 0.057828 1.158750 0.013896 
31.681801 300 0.948750 0.057828 1.158750 0.013896 
31.782745 300 0.948750 0.057828 1.158750 0.013896 
31.883636 300 0.948750 0.057828 1.158750 0.013896 
31.984554 300 0.948750 0.057828 1.158750 0.013896 
32.085488 300 0.948750 0.057828 1.158750 0.013896 
32.186439 300 0.948750 0.058776 1.158750 0.013896 
32.289200 300 0.948750 0.058776 1.158750 0.013896 
32.390147 300 0.950000 0.057950 1.158750 0.013896 
32.491095 300 0.950000 0.057950 1.158750 0.013896 
32.592102 300 0.950000 0.057950 1.158750 0.013896 
32.693190 300 0.948750 0.058776 1.158750 0.013896 
32.794181 300 0.948750 0.058776 1.158750 0.013896 
32.895092 300 0.948750 0.057828 1.158750 0.013896 
32.996000 300 0.948750 0.057828 1.158750 0.013896 
33.096816 300 0.948750 0.057828 1.158750 0.013896 
33.197576 300 0.948750 0.058776 1.158750 0.013896 
33.298294 300 0.948750 0.058776 1.158750 0.013896 
33.399700 300 0.948750 0.058776 1.158750 0.013896 
33.500547 300 0.948750 0.057828 1.158750 0.013896 
33.601568 300 0.948750 0.057828 1.158750 0.013896 
33.705118 300 0.948750 0.058776 1.158750 0.013896 
33.806068 300 0.948750 0.058776 1.158750 0.013896 
33.907027 300 0.948750 0.058776 1.158750 0.013896 
34.007935 300 0.948750 0.057828 1.158750 0.013896 
34.109675 300 0.948750 0.057828 1.158750 0.013896 
34.210597 300 0.948750 0.058776 1.158750 0.013896 
34.311607 300 0.948750 0.058776 1.158750 0.013896 
34.412545 300 0.948750 0.058776 1.158750 0.013896 
34.513456 300 0.948750 0.058776 1.158750 0.013896 
34.614271 300 0.948750 0.058776 1.158750 0.013896 
34.715020 300 0.948750 0.058776 1.158750 0.013896 
34.815727 300 0.948750 0.057828 1.158750 0.013896 
34.916496 300 0.948750 0.057828 1.158750 0.013896 
35.017405 300 0.948750 0.057828 1.158750 0.013896 
35.118298 300 0.948750 0.057828 1.158750 0.013896 
35.219047 300 0.948750 0.057828 1.158750 0.013896 
35.319793 300 0.948750 0.057828 1.158750 0.013896 
35.420573 300 0.948750 0.057828 1.158750 0.013896 
35.521782 300 0.948750 0.057828 1.158750 0.013896 
35.622507 300 0.948750 0.057828 1.158750 0.013896 
35.723394 300 0.948750 0.057828 1.158750 0.013896 
35.824290 300 0.948750 0.057828 1.158750 0.013896 
35.925047 300 0.948750 0.057828 1.158750 0.013896 
36.025800 300 0.948750 0.057828 1.158750 0.013896 
36.126625 300 0.948750 0.058776 1.158750 0.013896 
36.227353 300 0.948750 0.058776 1.158750 0.013896 
36.328253 300 0.948750 0.057828 1.158750 0.013896 
36.429179 300 0.948750 0.057828 1.158750 0.013896 
36.530096 300 0.948750 0.057828 1.158750 0.013896 
36.631017 300 0.948750 0.057828 1.158750 0.013896 
36.731992 300 0.948750 0.057828 1.158750 0.013896 
36.832943 300 0.948750 0.057828 1.158750 0.013896 
36.933931 300 0.948750 0.057828 1.158750 0.013896 
37.034888 300 0.948750 0.057828 1.158750 0.013896 
37.135791 300 0.948750 0.057828 1.158750 0.013896 
37.236765 300 0.948750 0.057828 1.158750 0.013896 
37.337527 300 0.948750 0.057828 1.158750 0.013896 
37.438241 300 0.948750 0.058776 1.158750 0.013896 
37.538981 300 0.948750 0.058776 1.158750 0.013896 
37.639708 300 0.948750 0.057828 1.158750 0.013896 
37.740469 300 0.948750 0.057828 1.158750 0.013896 
37.841505 300 0.948750 0.057828 1.158750 0.013896 
37.942425 300 0.948750 0.057828 1.158750 0.013896 
38.043331 300 0.948750 0.057828 1.158750 0.013896 
38.144250 300 0.948750 0.057828 1.158750 0.013896 
38.245173 300 0.948750 0.057828 1.158750 0.013896 
38.346088 300 0.948750 0.057828 1.158750 0.013896 
38.447075 300 0.948750 0.057828 1.158750 0.013896 
38.547883 300 0.948750 0.057828 1.158750 0.013896 
38.648670 300 0.948750 0.057828 1.158750 0.013896 
38.749429 300 0.948750 0.057828 1.158750 0.013896 
38.850348 300 0.948750 0.057828 1.158750 0.013896 
38.951802 300 0.948750 0.057828 1.158750 0.013896 
39.052678 300 0.948750 0.057828 1.158750 0.013896 
39.153603 300 0.948750 0.057828 1.158750 0.013896 
39.254504 300 0.948750 0.057828 1.158750 0.013896 
39.361657 300 0.948750 0.057828 1.158750 0.013896 
39.466394 300 0.948750 0.057828 1.158750 0.013896 
39.567327 300 0.950000 0.057950 1.158750 0.013896 
39.668264 300 0.950000 0.057950 1.158750 0.013896 
39.769542 300 0.948750 0.057828 1.158750 0.013896 
39.870491 300 0.948750 0.057828 1.158750 0.013896 
39.971489 300 0.948750 0.057828 1.158750 0.013896 
40.072394 300 0.948750 0.057828 1.158750 0.013896 
40.173205 300 0.948750 0.057828 1.158750 0.013896 
40.274159 300 0.948750 0.057828 1.158750 0.013896 
40.375079 300 0.948750 0.057828 1.158750 0.013896 
40.476018 300 0.948750 0.057828 1.158750 0.013896 
40.578050 300 0.948750 0.057828 1.158750 0.013896 
40.678971 300 0.948750 0.057828 1.158750 0.013896 
40.780093 300 0.948750 0.057828 1.158750 0.013896 
40.881016 300 0.948750 0.058776 1.158750 0.013896 
40.982015 300 0.948750 0.058776 1.158750 0.013896 
41.082960 300 0.948750 0.058776 1.158750 0.013896 
41.183873 300 0.948750 0.058776 1.158750 0.013896 
41.284791 300 0.948750 0.058776 1.158750 0.013896 
41.385691 300 0.948750 0.057828 1.158750 0.013896 
41.486513 300 0.948750 0.057828 1.158750 0.013896 
41.587313 300 0.948750 0.057828 1.158750 0.013896 
41.688227 300 0.948750 0.057828 1.158750 0.013896 
41.789147 300 0.948750 0.057828 1.158750 0.013896 
41.890248 300 0.948750 0.058776 1.158750 0.013896 
41.991182 300 0.948750 0.058776 1.158750 0.013896 
42.092193 300 0.948750 0.058776 1.158750 0.013896 
42.193163 300 0.948750 0.057828 1.158750 0.013896 
42.294127 300 0.948750 0.057828 1.158750 0.013896 
42.395073 300 0.950000 0.057950 1.158750 0.013896 
42.496054 300 0.950000 0.057950 1.158750 0.013896 
42.597132 300 0.950000 0.057950 1.158750 0.013896 
42.698110 300 0.948750 0.056880 1.158750 0.013896 
42.799420 300 0.948750 0.056880 1.158750 0.013896 
42.900382 300 0.948750 0.056880 1.158750 0.013896 
43.001368 300 0.948750 0.057828 1.158750 0.013896 
43.106400 300 0.948750 0.057828 1.158750 0.013896 
43.207298 300 0.948750 0.057828 1.158750 0.013896 
43.308210 300 0.948750 0.057828 1.158750 0.013896 
43.409139 300 0.948750 0.057828 1.158750 0.013896 
43.516404 300 0.948750 0.057828 1.158750 0.013896 
43.617774 300 0.948750 0.057828 1.158750 0.013896 
43.718711 300 0.948750 0.058776 1.158750 0.013896 
43.819631 300 0.948750 0.058776 1.158750 0.013896 
43.920572 300 0.948750 0.058776 1.158750 0.013896 
44.021596 300 0.948750 0.057828 1.158750 0.013896 
44.122511 300 0.948750 0.057828 1.158750 0.013896 
44.223457 300 0.948750 0.057828 1.158750 0.013896 
44.324437 300 0.948750 0.058776 1.158750 0.013896 
44.425385 300 0.948750 0.058776 1.158750 0.013896 
44.526559 300 0.948750 0.057828 1.158750 0.013896 
44.627493 300 0.948750 0.057828 1.158750 0.013896 
44.728442 300 0.948750 0.057828 1.158750 0.013896 
44.829424 300 0.948750 0.059724 1.158750 0.013896 
44.930346 300 0.948750 0.059724 1.158750 0.013896 
45.031283 300 0.948750 0.058776 1.158750 0.013896 
45.132324 300 0.948750 0.058776 1.158750 0.013896 
45.233283 300 0.948750 0.058776 1.158750 0.013896 
45.334196 300 0.948750 0.057828 1.158750 0.013896 
45.434998 300 0.948750 0.057828 1.158750 0.013896 
45.535966 300 0.948750 0.057828 1.158750 0.013896 
45.636967 300 0.948750 0.058776 1.158750 0.013896 
45.737914 300 0.948750 0.058776 1.158750 0.013896 
45.839033 300 0.948750 0.058776 1.158750 0.013896 
45.940001 300 0.948750 0.058776 1.158750 0.013896 
46.040953 300 0.948750 0.058776 1.158750 0.013896 
46.141951 300 0.948750 0.058776 1.158750 0.013896 
46.242903 300 0.948750 0.058776 1.158750 0.013896 
46.345787 300 0.948750 0.057828 1.158750 0.013896 
46.451415 300 0.948750 0.057828 1.158750 0.013896 
