0.000207 1400 1.200000 0.018000 1.088750 1.029248 
0.100669 1400 1.200000 0.018000 1.088750 1.029248 
0.201133 1400 1.200000 0.018000 1.088750 1.053184 
0.301556 1400 1.200000 0.018000 1.088750 1.053184 
0.401918 1400 1.200000 0.018000 1.087500 1.084826 
0.502277 1400 1.200000 0.018000 1.087500 1.084826 
0.602634 1400 1.200000 0.018000 1.087500 1.084826 
0.702989 1400 1.200000 0.018000 1.087500 1.083739 
0.803346 1400 1.200000 0.018000 1.087500 1.083739 
0.903703 1400 1.200000 0.018000 1.087500 1.084826 
1.004062 1400 1.200000 0.018000 1.087500 1.084826 
1.104516 1400 1.200000 0.018000 1.087500 1.084826 
1.204903 1400 1.200000 0.018000 1.087500 1.084826 
1.305270 1400 1.200000 0.018000 1.087500 1.084826 
1.405629 1400 1.200000 0.018000 1.087500 1.084826 
1.505991 1400 1.200000 0.018000 1.088750 1.082560 
1.606393 1400 1.200000 0.018000 1.088750 1.082560 
1.706753 1400 1.200000 0.018000 1.087500 1.081565 
1.807109 1400 1.200000 0.018000 1.087500 1.081565 
1.907465 1400 1.200000 0.018000 1.087500 1.081565 
2.007821 1400 1.200000 0.018000 1.087500 1.076130 
2.108179 1400 1.200000 0.018000 1.087500 1.076130 
2.208546 1400 1.200000 0.018000 1.087500 1.076130 
2.308922 1400 1.200000 0.018000 1.088750 1.086912 
2.409295 1400 1.200000 0.018000 1.088750 1.086912 
2.509652 1400 1.200000 0.018000 1.087500 1.087000 
2.610022 1400 1.200000 0.018000 1.087500 1.087000 
2.710388 1400 1.200000 0.018000 1.087500 1.087000 
2.810744 1400 1.200000 0.018000 1.088750 1.088000 
2.911101 1400 1.200000 0.018000 1.088750 1.088000 
3.011491 1400 1.200000 0.018000 1.088750 1.088000 
3.111939 1400 1.200000 0.018000 1.088750 1.088000 
3.212320 1400 1.200000 0.018000 1.088750 1.088000 
3.312679 1400 1.200000 0.018000 1.088750 1.082560 
3.413049 1400 1.200000 0.018000 1.088750 1.082560 
3.513408 1400 1.200000 0.018000 1.088750 1.082560 
3.613775 1400 1.200000 0.018000 1.088750 1.084736 
3.714132 1400 1.200000 0.018000 1.088750 1.084736 
3.814489 1400 1.200000 0.018000 1.087500 1.084826 
3.914844 1400 1.200000 0.018000 1.087500 1.084826 
4.015201 1400 1.200000 0.018000 1.087500 1.084826 
4.115558 1400 1.200000 0.018000 1.087500 1.081565 
4.215924 1400 1.200000 0.018000 1.087500 1.081565 
4.316250 1400 1.200000 0.018000 1.087500 1.081565 
4.416607 1400 1.200000 0.018000 1.088750 1.089088 
4.516966 1400 1.200000 0.018000 1.088750 1.089088 
4.617329 1400 1.200000 0.018000 1.087500 1.085913 
4.717686 1400 1.200000 0.018000 1.087500 1.085913 
4.818044 1400 1.200000 0.018000 1.087500 1.085913 
4.918399 1400 1.200000 0.018000 1.087500 1.087000 
5.018752 1400 1.200000 0.018000 1.087500 1.087000 
5.119105 1400 1.200000 0.018000 1.087500 1.087000 
5.219470 1400 1.200000 0.018000 1.088750 1.089088 
5.319839 1400 1.200000 0.018000 1.088750 1.089088 
5.420196 1400 1.200000 0.018000 1.088750 1.080384 
5.520563 1400 1.200000 0.018000 1.088750 1.080384 
5.620919 1400 1.200000 0.018000 1.088750 1.080384 
5.721250 1400 1.200000 0.018000 1.088750 1.084736 
5.821611 1400 1.200000 0.018000 1.088750 1.084736 
5.921967 1400 1.200000 0.018000 1.087500 1.083739 
6.022325 1400 1.200000 0.018000 1.087500 1.083739 
6.122680 1400 1.200000 0.018000 1.087500 1.083739 
6.223045 1400 1.200000 0.018000 1.087500 1.085913 
6.323473 1400 1.200000 0.018000 1.087500 1.085913 
6.423838 1400 1.200000 0.018000 1.087500 1.085913 
6.524212 1400 1.200000 0.018000 1.087500 1.082652 
6.624572 1400 1.200000 0.018000 1.087500 1.082652 
6.724931 1400 1.200000 0.018000 1.087500 1.080478 
6.825291 1400 1.200000 0.018000 1.087500 1.080478 
6.925649 1400 1.200000 0.018000 1.087500 1.080478 
7.026045 1400 1.200000 0.018000 1.088750 1.084736 
7.126436 1400 1.200000 0.018000 1.088750 1.084736 
7.226819 1400 1.200000 0.018000 1.088750 1.084736 
7.327178 1400 1.200000 0.018000 1.087500 1.075043 
7.427555 1400 1.200000 0.018000 1.087500 1.075043 
7.527912 1400 1.200000 0.018000 1.087500 1.084826 
7.628268 1400 1.200000 0.018000 1.087500 1.084826 
7.728633 1400 1.200000 0.018000 1.087500 1.084826 
7.828988 1400 1.200000 0.018000 1.088750 1.086912 
7.929348 1400 1.200000 0.018000 1.088750 1.086912 
8.029704 1400 1.200000 0.018000 1.087500 1.080478 
8.130139 1400 1.200000 0.018000 1.087500 1.080478 
8.230511 1400 1.200000 0.018000 1.087500 1.080478 
8.330869 1400 1.200000 0.018000 1.087500 1.088087 
8.431294 1400 1.200000 0.018000 1.087500 1.088087 
8.531656 1400 1.200000 0.018000 1.087500 1.088087 
8.632013 1400 1.200000 0.018000 1.087500 1.085913 
8.732373 1400 1.200000 0.018000 1.087500 1.085913 
8.832728 1400 1.200000 0.018000 1.087500 1.085913 
8.933083 1400 1.200000 0.018000 1.087500 1.085913 
9.033439 1400 1.200000 0.018000 1.087500 1.085913 
9.133797 1400 1.200000 0.018000 1.087500 1.085913 
9.234242 1400 1.200000 0.018000 1.087500 1.085913 
9.334641 1400 1.200000 0.018000 1.087500 1.085913 
9.435000 1400 1.200000 0.018000 1.087500 1.083739 
9.535366 1400 1.200000 0.018000 1.087500 1.083739 
9.635723 1400 1.200000 0.018000 1.087500 1.082652 
9.736084 1400 1.200000 0.018000 1.087500 1.082652 
9.836471 1400 1.200000 0.018000 1.087500 1.082652 
9.936847 1400 1.200000 0.018000 1.087500 1.081565 
10.037210 1400 1.200000 0.018000 1.087500 1.081565 
10.137575 1400 1.200000 0.018000 1.087500 1.081565 
10.237973 1400 1.200000 0.018000 1.087500 1.081565 
10.338346 1400 1.200000 0.018000 1.087500 1.081565 
10.438708 1400 1.200000 0.018000 1.087500 1.081565 
10.539091 1400 1.200000 0.018000 1.087500 1.081565 
10.639450 1400 1.200000 0.018000 1.087500 1.081565 
10.739813 1400 1.200000 0.018000 1.087500 1.087000 
10.840183 1400 1.200000 0.018000 1.087500 1.087000 
10.940548 1400 1.200000 0.018000 1.087500 1.084826 
11.040911 1400 1.200000 0.018000 1.087500 1.084826 
11.141253 1400 1.200000 0.018000 1.087500 1.084826 
11.241701 1400 1.200000 0.018000 1.087500 1.089174 
11.342077 1400 1.200000 0.018000 1.087500 1.089174 
11.442473 1400 1.200000 0.018000 1.087500 1.089174 
11.542842 1400 1.200000 0.018000 1.087500 1.080478 
11.643203 1400 1.200000 0.018000 1.087500 1.080478 
11.743568 1400 1.200000 0.018000 1.087500 1.081565 
11.843926 1400 1.200000 0.018000 1.087500 1.081565 
11.944288 1400 1.200000 0.018000 1.087500 1.081565 
12.044645 1400 1.200000 0.018000 1.087500 1.084826 
12.145019 1400 1.200000 0.018000 1.087500 1.084826 
12.245385 1400 1.200000 0.018000 1.087500 1.087000 
12.345746 1400 1.200000 0.018000 1.087500 1.087000 
12.446115 1400 1.200000 0.018000 1.087500 1.087000 
12.546502 1400 1.200000 0.018000 1.087500 1.082652 
12.646857 1400 1.200000 0.018000 1.087500 1.082652 
12.747213 1400 1.200000 0.018000 1.087500 1.082652 
12.847567 1400 1.200000 0.018000 1.087500 1.085913 
12.947932 1400 1.200000 0.018000 1.087500 1.085913 
13.048292 1400 1.200000 0.018000 1.087500 1.085913 
13.148654 1400 1.200000 0.018000 1.087500 1.085913 
