0.000275 1000 1.200000 0.018000 0.955000 0.591145 
0.100886 1000 1.200000 0.018000 0.955000 0.591145 
0.201417 1000 1.200000 0.018000 0.955000 0.591145 
0.301903 1000 1.200000 0.018000 0.955000 0.588280 
0.402364 1000 1.200000 0.018000 0.955000 0.588280 
0.502820 1000 1.200000 0.018000 0.955000 0.591145 
0.603323 1000 1.200000 0.018000 0.955000 0.591145 
0.703779 1000 1.200000 0.018000 0.955000 0.591145 
0.804231 1000 1.200000 0.018000 0.955000 0.590190 
0.904684 1000 1.200000 0.018000 0.955000 0.590190 
1.005144 1000 1.200000 0.018000 0.953750 0.591813 
1.105699 1000 1.200000 0.018000 0.953750 0.591813 
1.206164 1000 1.200000 0.018000 0.953750 0.591813 
1.306639 1000 1.200000 0.018000 0.953750 0.590860 
1.407102 1000 1.200000 0.018000 0.953750 0.590860 
1.507568 1000 1.200000 0.018000 0.953750 0.590860 
1.607996 1000 1.200000 0.018000 0.955000 0.592100 
1.708451 1000 1.200000 0.018000 0.955000 0.592100 
1.808910 1000 1.200000 0.018000 0.955000 0.592100 
1.909362 1000 1.200000 0.018000 0.955000 0.592100 
2.009816 1000 1.200000 0.018000 0.955000 0.592100 
2.110270 1000 1.200000 0.018000 0.953750 0.591813 
2.210729 1000 1.200000 0.018000 0.953750 0.591813 
2.311193 1000 1.200000 0.018000 0.953750 0.591813 
2.411664 1000 1.200000 0.018000 0.955000 0.590190 
2.512127 1000 1.200000 0.018000 0.955000 0.590190 
2.612582 1000 1.200000 0.018000 0.953750 0.588954 
2.713094 1000 1.200000 0.018000 0.953750 0.588954 
2.813554 1000 1.200000 0.018000 0.953750 0.588954 
2.914009 1000 1.200000 0.018000 0.955000 0.590190 
3.014472 1000 1.200000 0.018000 0.955000 0.590190 
3.115025 1000 1.200000 0.018000 0.955000 0.591145 
3.215508 1000 1.200000 0.018000 0.955000 0.591145 
3.315985 1000 1.200000 0.018000 0.955000 0.591145 
3.416460 1000 1.200000 0.018000 0.955000 0.591145 
3.516933 1000 1.200000 0.018000 0.955000 0.591145 
3.617389 1000 1.200000 0.018000 0.955000 0.591145 
3.717851 1000 1.200000 0.018000 0.953750 0.589907 
3.818344 1000 1.200000 0.018000 0.953750 0.589907 
3.918803 1000 1.200000 0.018000 0.953750 0.591813 
4.019267 1000 1.200000 0.018000 0.953750 0.591813 
4.119721 1000 1.200000 0.018000 0.953750 0.591813 
4.220185 1000 1.200000 0.018000 0.955000 0.590190 
4.320652 1000 1.200000 0.018000 0.955000 0.590190 
4.421110 1000 1.200000 0.018000 0.955000 0.590190 
4.521565 1000 1.200000 0.018000 0.955000 0.590190 
4.622025 1000 1.200000 0.018000 0.955000 0.590190 
4.722484 1000 1.200000 0.018000 0.955000 0.590190 
4.822938 1000 1.200000 0.018000 0.955000 0.590190 
4.923426 1000 1.200000 0.018000 0.955000 0.590190 
5.023887 1000 1.200000 0.018000 0.955000 0.590190 
5.124342 1000 1.200000 0.018000 0.955000 0.590190 
5.224794 1000 1.200000 0.018000 0.955000 0.590190 
5.325257 1000 1.200000 0.018000 0.955000 0.590190 
5.425715 1000 1.200000 0.018000 0.955000 0.590190 
5.526168 1000 1.200000 0.018000 0.955000 0.592100 
5.626627 1000 1.200000 0.018000 0.955000 0.592100 
5.727102 1000 1.200000 0.018000 0.955000 0.592100 
5.827555 1000 1.200000 0.018000 0.955000 0.592100 
5.927994 1000 1.200000 0.018000 0.955000 0.592100 
6.028446 1000 1.200000 0.018000 0.955000 0.590190 
6.128926 1000 1.200000 0.018000 0.955000 0.590190 
6.229390 1000 1.200000 0.018000 0.955000 0.590190 
6.329866 1000 1.200000 0.018000 0.955000 0.591145 
6.430333 1000 1.200000 0.018000 0.955000 0.591145 
6.530812 1000 1.200000 0.018000 0.955000 0.591145 
6.631283 1000 1.200000 0.018000 0.955000 0.591145 
6.731741 1000 1.200000 0.018000 0.955000 0.591145 
6.832197 1000 1.200000 0.018000 0.955000 0.591145 
6.932657 1000 1.200000 0.018000 0.955000 0.591145 
7.033153 1000 1.200000 0.018000 0.955000 0.591145 
7.133623 1000 1.200000 0.018000 0.955000 0.591145 
7.234090 1000 1.200000 0.018000 0.955000 0.591145 
7.334553 1000 1.200000 0.018000 0.955000 0.590190 
7.435044 1000 1.200000 0.018000 0.955000 0.590190 
7.535503 1000 1.200000 0.018000 0.955000 0.590190 
7.635971 1000 1.200000 0.018000 0.955000 0.591145 
7.736427 1000 1.200000 0.018000 0.955000 0.591145 
7.836882 1000 1.200000 0.018000 0.955000 0.591145 
7.937339 1000 1.200000 0.018000 0.955000 0.592100 
8.037800 1000 1.200000 0.018000 0.955000 0.592100 
8.138389 1000 1.200000 0.018000 0.955000 0.589235 
8.238863 1000 1.200000 0.018000 0.955000 0.589235 
8.339322 1000 1.200000 0.018000 0.955000 0.589235 
8.439777 1000 1.200000 0.018000 0.955000 0.592100 
8.540230 1000 1.200000 0.018000 0.955000 0.592100 
8.640707 1000 1.200000 0.018000 0.955000 0.592100 
8.741161 1000 1.200000 0.018000 0.955000 0.591145 
8.841619 1000 1.200000 0.018000 0.955000 0.591145 
8.942074 1000 1.200000 0.018000 0.955000 0.591145 
9.042528 1000 1.200000 0.018000 0.955000 0.591145 
9.142999 1000 1.200000 0.018000 0.955000 0.591145 
9.243552 1000 1.200000 0.018000 0.955000 0.590190 
9.344035 1000 1.200000 0.018000 0.955000 0.590190 
9.444496 1000 1.200000 0.018000 0.955000 0.588280 
9.544955 1000 1.200000 0.018000 0.955000 0.588280 
9.645410 1000 1.200000 0.018000 0.955000 0.588280 
9.745865 1000 1.200000 0.018000 0.955000 0.592100 
9.846318 1000 1.200000 0.018000 0.955000 0.592100 
9.946773 1000 1.200000 0.018000 0.955000 0.592100 
10.047224 1000 1.200000 0.018000 0.953750 0.590860 
10.147687 1000 1.200000 0.018000 0.953750 0.590860 
10.248198 1000 1.200000 0.018000 0.953750 0.591813 
10.348661 1000 1.200000 0.018000 0.953750 0.591813 
10.449109 1000 1.200000 0.018000 0.953750 0.591813 
10.549603 1000 1.200000 0.018000 0.955000 0.592100 
10.650081 1000 1.200000 0.018000 0.955000 0.592100 
10.750537 1000 1.200000 0.018000 0.955000 0.592100 
10.851001 1000 1.200000 0.018000 0.955000 0.580640 
10.951457 1000 1.200000 0.018000 0.955000 0.580640 
11.058129 1000 1.200000 0.018000 0.955000 0.592100 
11.158650 1000 1.200000 0.018000 0.955000 0.592100 
11.259192 1000 1.200000 0.018000 0.955000 0.592100 
11.359658 1000 1.200000 0.018000 0.955000 0.589235 
11.460130 1000 1.200000 0.018000 0.955000 0.589235 
11.560589 1000 1.200000 0.018000 0.955000 0.592100 
11.661053 1000 1.200000 0.018000 0.955000 0.592100 
11.761514 1000 1.200000 0.018000 0.955000 0.592100 
11.861966 1000 1.200000 0.018000 0.955000 0.593055 
11.962424 1000 1.200000 0.018000 0.955000 0.593055 
12.062878 1000 1.200000 0.018000 0.955000 0.593055 
12.163367 1000 1.200000 0.018000 0.955000 0.591145 
12.263835 1000 1.200000 0.018000 0.955000 0.591145 
12.364291 1000 1.200000 0.018000 0.955000 0.591145 
12.464748 1000 1.200000 0.018000 0.955000 0.591145 
12.565203 1000 1.200000 0.018000 0.955000 0.591145 
12.665665 1000 1.200000 0.018000 0.953750 0.590860 
12.766133 1000 1.200000 0.018000 0.953750 0.590860 
12.866587 1000 1.200000 0.018000 0.953750 0.590860 
12.967086 1000 1.200000 0.018000 0.955000 0.591145 
13.067544 1000 1.200000 0.018000 0.955000 0.591145 
13.167995 1000 1.200000 0.018000 0.955000 0.592100 
13.268461 1000 1.200000 0.018000 0.955000 0.592100 
13.368919 1000 1.200000 0.018000 0.955000 0.592100 
13.469376 1000 1.200000 0.018000 0.955000 0.592100 
13.569829 1000 1.200000 0.018000 0.955000 0.592100 
13.670278 1000 1.200000 0.018000 0.955000 0.590190 
13.770731 1000 1.200000 0.018000 0.955000 0.590190 
13.871184 1000 1.200000 0.018000 0.955000 0.590190 
13.971638 1000 1.200000 0.018000 0.955000 0.591145 
14.072088 1000 1.200000 0.018000 0.955000 0.591145 
14.172544 1000 1.200000 0.018000 0.955000 0.591145 
14.272994 1000 1.200000 0.018000 0.955000 0.592100 
14.373459 1000 1.200000 0.018000 0.955000 0.592100 
14.473914 1000 1.200000 0.018000 0.955000 0.590190 
14.574370 1000 1.200000 0.018000 0.955000 0.590190 
14.674851 1000 1.200000 0.018000 0.955000 0.590190 
14.775313 1000 1.200000 0.018000 0.955000 0.591145 
14.875771 1000 1.200000 0.018000 0.955000 0.591145 
14.976227 1000 1.200000 0.018000 0.955000 0.591145 
15.076790 1000 1.200000 0.018000 0.955000 0.592100 
15.177283 1000 1.200000 0.018000 0.955000 0.592100 
15.277783 1000 1.200000 0.018000 0.955000 0.593055 
15.378350 1000 1.200000 0.018000 0.955000 0.593055 
15.478820 1000 1.200000 0.018000 0.955000 0.593055 
15.579310 1000 1.200000 0.018000 0.955000 0.590190 
15.679782 1000 1.200000 0.018000 0.955000 0.590190 
15.780245 1000 1.200000 0.018000 0.955000 0.586370 
15.880711 1000 1.200000 0.018000 0.955000 0.586370 
15.981167 1000 1.200000 0.018000 0.955000 0.586370 
16.081714 1000 1.200000 0.018000 0.955000 0.591145 
16.182223 1000 1.200000 0.018000 0.955000 0.591145 
16.282708 1000 1.200000 0.018000 0.955000 0.591145 
16.383207 1000 1.200000 0.018000 0.955000 0.581595 
16.483697 1000 1.200000 0.018000 0.955000 0.581595 
16.584171 1000 1.200000 0.018000 0.955000 0.590190 
16.684637 1000 1.200000 0.018000 0.955000 0.590190 
16.785103 1000 1.200000 0.018000 0.955000 0.590190 
16.885559 1000 1.200000 0.018000 0.955000 0.590190 
16.986017 1000 1.200000 0.018000 0.955000 0.590190 
17.086480 1000 1.200000 0.018000 0.955000 0.590190 
17.187036 1000 1.200000 0.018000 0.955000 0.592100 
17.287521 1000 1.200000 0.018000 0.955000 0.592100 
17.387995 1000 1.200000 0.018000 0.953750 0.588954 
17.488458 1000 1.200000 0.018000 0.953750 0.588954 
17.588918 1000 1.200000 0.018000 0.953750 0.588954 
17.689403 1000 1.200000 0.018000 0.955000 0.592100 
17.789865 1000 1.200000 0.018000 0.955000 0.592100 
17.890349 1000 1.200000 0.018000 0.955000 0.589235 
17.990816 1000 1.200000 0.018000 0.955000 0.589235 
18.091286 1000 1.200000 0.018000 0.955000 0.589235 
18.191749 1000 1.200000 0.018000 0.955000 0.592100 
18.292219 1000 1.200000 0.018000 0.955000 0.592100 
18.392688 1000 1.200000 0.018000 0.955000 0.592100 
18.493183 1000 1.200000 0.018000 0.955000 0.591145 
18.593651 1000 1.200000 0.018000 0.955000 0.591145 
18.694120 1000 1.200000 0.018000 0.955000 0.592100 
18.794765 1000 1.200000 0.018000 0.955000 0.592100 
