0.000304 900 1.200000 0.018000 0.930000 0.475230 
0.100991 900 1.200000 0.018000 0.930000 0.475230 
0.201639 900 1.200000 0.018000 0.930000 0.467790 
0.302164 900 1.200000 0.018000 0.930000 0.467790 
0.402692 900 1.200000 0.018000 0.930000 0.467790 
0.503201 900 1.201250 0.018015 0.930000 0.478020 
0.603716 900 1.201250 0.018015 0.930000 0.478020 
0.704257 900 1.200000 0.018000 0.930000 0.453840 
0.804781 900 1.200000 0.018000 0.930000 0.453840 
0.905302 900 1.200000 0.018000 0.930000 0.453840 
1.005825 900 1.200000 0.018000 0.930000 0.452910 
1.106430 900 1.200000 0.018000 0.930000 0.452910 
1.206946 900 1.200000 0.018000 0.930000 0.452910 
1.307449 900 1.200000 0.018000 0.930000 0.458490 
1.407952 900 1.200000 0.018000 0.930000 0.458490 
1.508450 900 1.200000 0.018000 0.930000 0.465000 
1.608940 900 1.200000 0.018000 0.930000 0.465000 
1.709440 900 1.200000 0.018000 0.930000 0.465000 
1.809963 900 1.200000 0.018000 0.930000 0.450120 
1.910473 900 1.200000 0.018000 0.930000 0.450120 
2.010973 900 1.200000 0.018000 0.930000 0.450120 
2.111494 900 1.200000 0.018000 0.930000 0.461280 
2.212016 900 1.200000 0.018000 0.930000 0.461280 
2.312519 900 1.200000 0.018000 0.930000 0.464070 
2.413033 900 1.200000 0.018000 0.930000 0.464070 
2.513535 900 1.200000 0.018000 0.930000 0.464070 
2.614079 900 1.200000 0.018000 0.930000 0.464070 
2.714598 900 1.200000 0.018000 0.930000 0.464070 
2.815113 900 1.200000 0.018000 0.930000 0.469650 
2.915620 900 1.200000 0.018000 0.930000 0.469650 
3.016136 900 1.200000 0.018000 0.930000 0.469650 
3.116733 900 1.200000 0.018000 0.930000 0.456630 
3.217252 900 1.200000 0.018000 0.930000 0.456630 
3.317755 900 1.200000 0.018000 0.930000 0.456630 
3.418254 900 1.200000 0.018000 0.930000 0.465000 
3.518768 900 1.200000 0.018000 0.930000 0.465000 
3.619305 900 1.200000 0.018000 0.930000 0.463140 
3.719807 900 1.200000 0.018000 0.930000 0.463140 
3.820326 900 1.200000 0.018000 0.930000 0.463140 
3.920832 900 1.200000 0.018000 0.930000 0.451980 
4.021334 900 1.200000 0.018000 0.930000 0.451980 
4.121835 900 1.200000 0.018000 0.930000 0.451980 
4.222334 900 1.200000 0.018000 0.930000 0.465000 
4.322844 900 1.200000 0.018000 0.930000 0.465000 
4.423347 900 1.200000 0.018000 0.930000 0.467790 
4.523850 900 1.200000 0.018000 0.930000 0.467790 
4.624381 900 1.200000 0.018000 0.930000 0.467790 
4.724888 900 1.200000 0.018000 0.930000 0.459420 
4.825399 900 1.200000 0.018000 0.930000 0.459420 
4.925904 900 1.200000 0.018000 0.930000 0.456630 
5.026412 900 1.200000 0.018000 0.930000 0.456630 
5.126915 900 1.200000 0.018000 0.930000 0.456630 
5.227416 900 1.200000 0.018000 0.930000 0.462210 
5.327917 900 1.200000 0.018000 0.930000 0.462210 
5.428412 900 1.200000 0.018000 0.930000 0.462210 
5.528924 900 1.200000 0.018000 0.930000 0.465930 
5.629436 900 1.200000 0.018000 0.930000 0.465930 
5.729958 900 1.200000 0.018000 0.930000 0.471510 
5.830472 900 1.200000 0.018000 0.930000 0.471510 
5.930990 900 1.200000 0.018000 0.930000 0.471510 
6.031507 900 1.200000 0.018000 0.930000 0.462210 
6.132019 900 1.200000 0.018000 0.930000 0.462210 
6.232609 900 1.200000 0.018000 0.930000 0.462210 
6.333162 900 1.200000 0.018000 0.930000 0.462210 
6.433676 900 1.200000 0.018000 0.930000 0.462210 
6.534213 900 1.200000 0.018000 0.930000 0.458490 
6.634713 900 1.200000 0.018000 0.930000 0.458490 
6.735216 900 1.200000 0.018000 0.930000 0.458490 
6.835735 900 1.200000 0.018000 0.930000 0.475230 
6.936241 900 1.200000 0.018000 0.930000 0.475230 
7.036745 900 1.200000 0.018000 0.930000 0.474300 
7.137274 900 1.200000 0.018000 0.930000 0.474300 
7.237789 900 1.200000 0.018000 0.930000 0.474300 
7.338289 900 1.200000 0.018000 0.930000 0.476160 
7.438794 900 1.200000 0.018000 0.930000 0.476160 
7.539333 900 1.200000 0.018000 0.930000 0.476160 
7.639837 900 1.200000 0.018000 0.930000 0.458490 
7.740337 900 1.200000 0.018000 0.930000 0.458490 
7.840849 900 1.200000 0.018000 0.930000 0.462210 
7.941353 900 1.200000 0.018000 0.930000 0.462210 
8.041854 900 1.200000 0.018000 0.930000 0.462210 
8.142356 900 1.200000 0.018000 0.930000 0.461280 
8.242948 900 1.200000 0.018000 0.930000 0.461280 
8.343467 900 1.200000 0.018000 0.930000 0.461280 
8.443938 900 1.200000 0.018000 0.930000 0.467790 
8.544469 900 1.200000 0.018000 0.930000 0.467790 
8.644977 900 1.200000 0.018000 0.930000 0.467790 
8.745478 900 1.200000 0.018000 0.930000 0.467790 
8.845994 900 1.200000 0.018000 0.930000 0.467790 
8.946495 900 1.200000 0.018000 0.930000 0.457560 
9.047003 900 1.200000 0.018000 0.930000 0.457560 
9.147506 900 1.200000 0.018000 0.930000 0.465000 
9.248015 900 1.200000 0.018000 0.930000 0.465000 
9.348618 900 1.200000 0.018000 0.930000 0.465000 
9.449196 900 1.200000 0.018000 0.930000 0.469650 
9.549705 900 1.200000 0.018000 0.930000 0.469650 
9.650215 900 1.200000 0.018000 0.930000 0.469650 
9.750720 900 1.200000 0.018000 0.930000 0.448260 
9.851242 900 1.200000 0.018000 0.930000 0.448260 
9.951757 900 1.200000 0.018000 0.930000 0.455700 
10.052266 900 1.200000 0.018000 0.930000 0.455700 
10.152798 900 1.200000 0.018000 0.930000 0.455700 
10.253317 900 1.200000 0.018000 0.930000 0.458490 
10.353829 900 1.200000 0.018000 0.930000 0.458490 
10.454368 900 1.200000 0.018000 0.930000 0.458490 
10.554881 900 1.200000 0.018000 0.930000 0.459420 
10.655397 900 1.200000 0.018000 0.930000 0.459420 
10.755906 900 1.200000 0.018000 0.930000 0.468720 
10.856426 900 1.200000 0.018000 0.930000 0.468720 
10.956943 900 1.200000 0.018000 0.930000 0.468720 
11.057460 900 1.200000 0.018000 0.930000 0.452910 
11.157984 900 1.200000 0.018000 0.930000 0.452910 
11.258542 900 1.200000 0.018000 0.930000 0.458490 
11.359209 900 1.200000 0.018000 0.930000 0.458490 
11.459737 900 1.200000 0.018000 0.930000 0.458490 
11.560248 900 1.200000 0.018000 0.930000 0.464070 
11.660759 900 1.200000 0.018000 0.930000 0.464070 
11.761267 900 1.200000 0.018000 0.930000 0.464070 
11.861797 900 1.200000 0.018000 0.930000 0.455700 
11.962321 900 1.200000 0.018000 0.930000 0.455700 
12.062840 900 1.200000 0.018000 0.930000 0.464070 
12.163353 900 1.200000 0.018000 0.930000 0.464070 
12.263866 900 1.200000 0.018000 0.930000 0.464070 
12.364401 900 1.200000 0.018000 0.930000 0.459420 
12.464906 900 1.200000 0.018000 0.930000 0.459420 
12.565408 900 1.200000 0.018000 0.930000 0.459420 
12.665920 900 1.200000 0.018000 0.930000 0.456630 
12.766427 900 1.200000 0.018000 0.930000 0.456630 
12.866942 900 1.200000 0.018000 0.930000 0.458490 
12.967451 900 1.200000 0.018000 0.930000 0.458490 
13.067955 900 1.200000 0.018000 0.930000 0.458490 
13.168487 900 1.200000 0.018000 0.930000 0.460350 
13.269028 900 1.200000 0.018000 0.930000 0.460350 
13.369528 900 1.200000 0.018000 0.930000 0.454770 
13.470031 900 1.200000 0.018000 0.930000 0.454770 
13.570530 900 1.200000 0.018000 0.930000 0.454770 
13.671032 900 1.200000 0.018000 0.930000 0.463140 
13.771539 900 1.200000 0.018000 0.930000 0.463140 
13.872058 900 1.200000 0.018000 0.930000 0.463140 
13.972572 900 1.200000 0.018000 0.930000 0.465930 
14.073081 900 1.200000 0.018000 0.930000 0.465930 
14.173600 900 1.200000 0.018000 0.930000 0.465930 
14.274140 900 1.200000 0.018000 0.930000 0.465930 
14.374640 900 1.200000 0.018000 0.930000 0.465930 
14.475138 900 1.200000 0.018000 0.930000 0.457560 
14.575639 900 1.200000 0.018000 0.930000 0.457560 
14.676145 900 1.200000 0.018000 0.930000 0.457560 
14.776656 900 1.200000 0.018000 0.930000 0.466860 
14.877161 900 1.200000 0.018000 0.930000 0.466860 
14.977653 900 1.200000 0.018000 0.930000 0.455700 
15.078190 900 1.200000 0.018000 0.930000 0.455700 
15.178707 900 1.200000 0.018000 0.930000 0.455700 
15.279258 900 1.200000 0.018000 0.930000 0.459420 
15.379761 900 1.200000 0.018000 0.930000 0.459420 
15.480266 900 1.200000 0.018000 0.930000 0.465930 
15.580773 900 1.200000 0.018000 0.930000 0.465930 
15.681327 900 1.200000 0.018000 0.930000 0.465930 
15.781854 900 1.200000 0.018000 0.930000 0.460350 
15.882365 900 1.200000 0.018000 0.930000 0.460350 
15.982884 900 1.200000 0.018000 0.930000 0.460350 
16.083391 900 1.200000 0.018000 0.930000 0.462210 
16.183929 900 1.200000 0.018000 0.930000 0.462210 
16.284430 900 1.200000 0.018000 0.930000 0.461280 
16.385014 900 1.200000 0.018000 0.930000 0.461280 
16.485533 900 1.200000 0.018000 0.930000 0.461280 
16.586032 900 1.200000 0.018000 0.930000 0.445470 
16.686538 900 1.200000 0.018000 0.930000 0.445470 
16.787049 900 1.200000 0.018000 0.930000 0.445470 
16.887555 900 1.200000 0.018000 0.930000 0.452910 
16.988057 900 1.200000 0.018000 0.930000 0.452910 
17.088558 900 1.200000 0.018000 0.930000 0.459420 
17.189105 900 1.200000 0.018000 0.930000 0.459420 
17.289609 900 1.200000 0.018000 0.930000 0.459420 
17.390121 900 1.200000 0.018000 0.930000 0.456630 
17.490727 900 1.200000 0.018000 0.930000 0.456630 
17.591244 900 1.200000 0.018000 0.930000 0.473370 
17.691758 900 1.200000 0.018000 0.930000 0.473370 
17.792283 900 1.200000 0.018000 0.930000 0.473370 
17.892798 900 1.200000 0.018000 0.930000 0.467790 
17.993304 900 1.200000 0.018000 0.930000 0.467790 
18.093811 900 1.200000 0.018000 0.930000 0.467790 
18.194363 900 1.200000 0.018000 0.930000 0.459420 
18.294869 900 1.200000 0.018000 0.930000 0.459420 
18.395374 900 1.200000 0.018000 0.930000 0.455700 
18.495878 900 1.200000 0.018000 0.930000 0.455700 
18.596387 900 1.200000 0.018000 0.930000 0.455700 
18.696891 900 1.200000 0.018000 0.930000 0.455700 
18.797405 900 1.200000 0.018000 0.930000 0.455700 
18.897915 900 1.200000 0.018000 0.930000 0.455700 
18.998419 900 1.200000 0.018000 0.930000 0.460350 
19.098941 900 1.200000 0.018000 0.930000 0.460350 
19.199447 900 1.200000 0.018000 0.930000 0.464070 
19.299963 900 1.200000 0.018000 0.930000 0.464070 
19.400525 900 1.200000 0.018000 0.930000 0.464070 
19.501122 900 1.200000 0.018000 0.930000 0.457560 
19.601636 900 1.200000 0.018000 0.930000 0.457560 
19.702142 900 1.200000 0.018000 0.930000 0.456630 
19.802674 900 1.200000 0.018000 0.930000 0.456630 
19.903180 900 1.200000 0.018000 0.930000 0.456630 
20.003688 900 1.200000 0.018000 0.930000 0.457560 
