0.000598 250 0.950000 0.047500 1.158750 0.013896 
0.101849 250 0.950000 0.047500 1.158750 0.013896 
0.202899 250 0.950000 0.047500 1.158750 0.013896 
0.303775 250 0.950000 0.050350 1.158750 0.013896 
0.404681 250 0.950000 0.050350 1.158750 0.013896 
0.505524 250 0.950000 0.050350 1.158750 0.013896 
0.606522 250 0.948750 0.051192 1.158750 0.013896 
0.707373 250 0.948750 0.051192 1.158750 0.013896 
0.808258 250 0.948750 0.051192 1.158750 0.013896 
0.909108 250 0.948750 0.051192 1.158750 0.013896 
1.010116 250 0.948750 0.051192 1.158750 0.013896 
1.111204 250 0.948750 0.050244 1.158750 0.013896 
1.212079 250 0.948750 0.050244 1.158750 0.013896 
1.312907 250 0.948750 0.050244 1.158750 0.013896 
1.413726 250 0.948750 0.050244 1.158750 0.013896 
1.514541 250 0.948750 0.050244 1.158750 0.013896 
1.615472 250 0.948750 0.051192 1.158750 0.013896 
1.716392 250 0.948750 0.051192 1.158750 0.013896 
1.817246 250 0.948750 0.051192 1.158750 0.013896 
1.918147 250 0.948750 0.050244 1.158750 0.013896 
2.019069 250 0.948750 0.050244 1.158750 0.013896 
2.119949 250 0.948750 0.050244 1.158750 0.013896 
2.220971 250 0.948750 0.050244 1.158750 0.013896 
2.321826 250 0.948750 0.050244 1.158750 0.013896 
2.422697 250 0.950000 0.050350 1.158750 0.013896 
2.523571 250 0.950000 0.050350 1.158750 0.013896 
2.624512 250 0.948750 0.051192 1.158750 0.013896 
2.725393 250 0.948750 0.051192 1.158750 0.013896 
2.826292 250 0.948750 0.051192 1.158750 0.013896 
2.927127 250 0.950000 0.050350 1.158750 0.013896 
3.028157 250 0.950000 0.050350 1.158750 0.013896 
3.129181 250 0.950000 0.050350 1.158750 0.013896 
3.230034 250 0.948750 0.050244 1.158750 0.013896 
3.330925 250 0.948750 0.050244 1.158750 0.013896 
3.431744 250 0.948750 0.050244 1.158750 0.013896 
3.532563 250 0.948750 0.050244 1.158750 0.013896 
3.633453 250 0.948750 0.050244 1.158750 0.013896 
3.734322 250 0.948750 0.050244 1.158750 0.013896 
3.835182 250 0.948750 0.050244 1.158750 0.013896 
3.936080 250 0.948750 0.050244 1.158750 0.013896 
4.036961 250 0.948750 0.051192 1.158750 0.013896 
4.137780 250 0.948750 0.051192 1.158750 0.013896 
4.238601 250 0.948750 0.051192 1.158750 0.013896 
4.339419 250 0.948750 0.051192 1.158750 0.013896 
4.440236 250 0.948750 0.051192 1.158750 0.013896 
4.541130 250 0.948750 0.050244 1.158750 0.013896 
4.642038 250 0.948750 0.050244 1.158750 0.013896 
4.742885 250 0.948750 0.050244 1.158750 0.013896 
4.843707 250 0.948750 0.050244 1.158750 0.013896 
4.944597 250 0.948750 0.050244 1.158750 0.013896 
5.045540 250 0.950000 0.050350 1.158750 0.013896 
5.146449 250 0.950000 0.050350 1.158750 0.013896 
5.247289 250 0.950000 0.050350 1.158750 0.013896 
5.348116 250 0.950000 0.049400 1.158750 0.013896 
5.448946 250 0.950000 0.049400 1.158750 0.013896 
5.549840 250 0.948750 0.051192 1.158750 0.013896 
5.650779 250 0.948750 0.051192 1.158750 0.013896 
5.751643 250 0.948750 0.051192 1.158750 0.013896 
5.852555 250 0.950000 0.050350 1.158750 0.013896 
5.953504 250 0.950000 0.050350 1.158750 0.013896 
6.054404 250 0.948750 0.050244 1.158750 0.013896 
6.155440 250 0.948750 0.050244 1.158750 0.013896 
6.256436 250 0.948750 0.050244 1.158750 0.013896 
6.357303 250 0.950000 0.050350 1.158750 0.013896 
6.458141 250 0.950000 0.050350 1.158750 0.013896 
6.559026 250 0.950000 0.050350 1.158750 0.013896 
6.659864 250 0.948750 0.050244 1.158750 0.013896 
6.760700 250 0.948750 0.050244 1.158750 0.013896 
6.861596 250 0.948750 0.050244 1.158750 0.013896 
6.962476 250 0.948750 0.050244 1.158750 0.013896 
7.063336 250 0.948750 0.050244 1.158750 0.013896 
7.164168 250 0.948750 0.050244 1.158750 0.013896 
7.264997 250 0.948750 0.050244 1.158750 0.013896 
7.365915 250 0.948750 0.050244 1.158750 0.013896 
7.466828 250 0.948750 0.050244 1.158750 0.013896 
7.567700 250 0.948750 0.050244 1.158750 0.013896 
7.668549 250 0.948750 0.050244 1.158750 0.013896 
7.769371 250 0.948750 0.050244 1.158750 0.013896 
7.870191 250 0.948750 0.050244 1.158750 0.013896 
7.971078 250 0.948750 0.050244 1.158750 0.013896 
8.071909 250 0.948750 0.050244 1.158750 0.013896 
8.172765 250 0.948750 0.051192 1.158750 0.013896 
8.273788 250 0.948750 0.051192 1.158750 0.013896 
8.374723 250 0.948750 0.051192 1.158750 0.013896 
8.475562 250 0.948750 0.050244 1.158750 0.013896 
8.576499 250 0.948750 0.050244 1.158750 0.013896 
8.677329 250 0.948750 0.050244 1.158750 0.013896 
8.778169 250 0.948750 0.050244 1.158750 0.013896 
8.879010 250 0.948750 0.050244 1.158750 0.013896 
8.979856 250 0.950000 0.050350 1.158750 0.013896 
9.080691 250 0.950000 0.050350 1.158750 0.013896 
9.181556 250 0.950000 0.050350 1.158750 0.013896 
9.282379 250 0.950000 0.052250 1.158750 0.013896 
9.383410 250 0.950000 0.052250 1.158750 0.013896 
9.484271 250 0.948750 0.050244 1.158750 0.013896 
9.585188 250 0.948750 0.050244 1.158750 0.013896 
9.686088 250 0.948750 0.050244 1.158750 0.013896 
9.786933 250 0.950000 0.050350 1.158750 0.013896 
9.887803 250 0.950000 0.050350 1.158750 0.013896 
9.988643 250 0.950000 0.050350 1.158750 0.013896 
10.089491 250 0.948750 0.051192 1.158750 0.013896 
10.190334 250 0.948750 0.051192 1.158750 0.013896 
10.291209 250 0.950000 0.050350 1.158750 0.013896 
10.392059 250 0.950000 0.050350 1.158750 0.013896 
10.492960 250 0.950000 0.050350 1.158750 0.013896 
10.593861 250 0.950000 0.050350 1.158750 0.013896 
10.694722 250 0.950000 0.050350 1.158750 0.013896 
10.795604 250 0.950000 0.050350 1.158750 0.013896 
10.896585 250 0.948750 0.051192 1.158750 0.013896 
10.997432 250 0.948750 0.051192 1.158750 0.013896 
11.098279 250 0.950000 0.051300 1.158750 0.013896 
11.199146 250 0.950000 0.051300 1.158750 0.013896 
11.300174 250 0.950000 0.051300 1.158750 0.013896 
11.401298 250 0.948750 0.050244 1.158750 0.013896 
11.502227 250 0.948750 0.050244 1.158750 0.013896 
11.603143 250 0.948750 0.051192 1.158750 0.013896 
11.704010 250 0.948750 0.051192 1.158750 0.013896 
11.804898 250 0.948750 0.051192 1.158750 0.013896 
11.905778 250 0.950000 0.050350 1.158750 0.013896 
12.006618 250 0.950000 0.050350 1.158750 0.013896 
12.107472 250 0.950000 0.050350 1.158750 0.013896 
12.208305 250 0.950000 0.051300 1.158750 0.013896 
12.309132 250 0.950000 0.051300 1.158750 0.013896 
12.409960 250 0.948750 0.051192 1.158750 0.013896 
12.510790 250 0.948750 0.051192 1.158750 0.013896 
12.611669 250 0.948750 0.051192 1.158750 0.013896 
12.712513 250 0.948750 0.050244 1.158750 0.013896 
12.813407 250 0.948750 0.050244 1.158750 0.013896 
12.914255 250 0.950000 0.050350 1.158750 0.013896 
13.015102 250 0.950000 0.050350 1.158750 0.013896 
13.115985 250 0.950000 0.050350 1.158750 0.013896 
13.216816 250 0.948750 0.050244 1.158750 0.013896 
13.317648 250 0.948750 0.050244 1.158750 0.013896 
13.418493 250 0.948750 0.050244 1.158750 0.013896 
13.519359 250 0.948750 0.051192 1.158750 0.013896 
13.620239 250 0.948750 0.051192 1.158750 0.013896 
13.721144 250 0.948750 0.050244 1.158750 0.013896 
13.822000 250 0.948750 0.050244 1.158750 0.013896 
13.922825 250 0.948750 0.050244 1.158750 0.013896 
14.023653 250 0.950000 0.050350 1.158750 0.013896 
14.124510 250 0.950000 0.050350 1.158750 0.013896 
14.225345 250 0.950000 0.050350 1.158750 0.013896 
14.326265 250 0.948750 0.050244 1.158750 0.013896 
14.427160 250 0.948750 0.050244 1.158750 0.013896 
14.527998 250 0.948750 0.050244 1.158750 0.013896 
14.628886 250 0.948750 0.050244 1.158750 0.013896 
14.729797 250 0.948750 0.050244 1.158750 0.013896 
14.830691 250 0.948750 0.051192 1.158750 0.013896 
14.931608 250 0.948750 0.051192 1.158750 0.013896 
15.032474 250 0.948750 0.050244 1.158750 0.013896 
15.133327 250 0.948750 0.050244 1.158750 0.013896 
15.234176 250 0.948750 0.050244 1.158750 0.013896 
15.335012 250 0.948750 0.050244 1.158750 0.013896 
15.435925 250 0.948750 0.050244 1.158750 0.013896 
15.536973 250 0.948750 0.050244 1.158750 0.013896 
15.637939 250 0.950000 0.051300 1.158750 0.013896 
15.738801 250 0.950000 0.051300 1.158750 0.013896 
15.839687 250 0.948750 0.050244 1.158750 0.013896 
15.940530 250 0.948750 0.050244 1.158750 0.013896 
16.041418 250 0.948750 0.050244 1.158750 0.013896 
16.142249 250 0.948750 0.050244 1.158750 0.013896 
16.243096 250 0.948750 0.050244 1.158750 0.013896 
16.343931 250 0.948750 0.050244 1.158750 0.013896 
16.444967 250 0.948750 0.050244 1.158750 0.013896 
16.545969 250 0.948750 0.050244 1.158750 0.013896 
16.646868 250 0.948750 0.050244 1.158750 0.013896 
16.747763 250 0.948750 0.050244 1.158750 0.013896 
16.848608 250 0.948750 0.050244 1.158750 0.013896 
16.949446 250 0.948750 0.050244 1.158750 0.013896 
17.050321 250 0.948750 0.050244 1.158750 0.013896 
17.151230 250 0.948750 0.051192 1.158750 0.013896 
17.252115 250 0.948750 0.051192 1.158750 0.013896 
17.352966 250 0.948750 0.051192 1.158750 0.013896 
17.453817 250 0.948750 0.050244 1.158750 0.013896 
17.554865 250 0.948750 0.050244 1.158750 0.013896 
17.656439 250 0.948750 0.050244 1.158750 0.013896 
17.757315 250 0.948750 0.050244 1.158750 0.013896 
17.858166 250 0.948750 0.050244 1.158750 0.013896 
17.959042 250 0.948750 0.050244 1.158750 0.013896 
18.059910 250 0.948750 0.050244 1.158750 0.013896 
18.160777 250 0.948750 0.050244 1.158750 0.013896 
18.261629 250 0.948750 0.050244 1.158750 0.013896 
18.362496 250 0.948750 0.050244 1.158750 0.013896 
18.463343 250 0.950000 0.050350 1.158750 0.013896 
18.564229 250 0.950000 0.050350 1.158750 0.013896 
18.665073 250 0.950000 0.050350 1.158750 0.013896 
18.766002 250 0.950000 0.050350 1.158750 0.013896 
18.866842 250 0.950000 0.050350 1.158750 0.013896 
18.967741 250 0.950000 0.050350 1.158750 0.013896 
19.068632 250 0.948750 0.051192 1.158750 0.013896 
19.169468 250 0.948750 0.051192 1.158750 0.013896 
19.270287 250 0.948750 0.050244 1.158750 0.013896 
19.371181 250 0.948750 0.050244 1.158750 0.013896 
19.472204 250 0.948750 0.050244 1.158750 0.013896 
19.573241 250 0.948750 0.050244 1.158750 0.013896 
19.674119 250 0.948750 0.050244 1.158750 0.013896 
19.775020 250 0.950000 0.051300 1.158750 0.013896 
19.876027 250 0.950000 0.051300 1.158750 0.013896 
19.976901 250 0.950000 0.051300 1.158750 0.013896 
20.077745 250 0.948750 0.050244 1.158750 0.013896 
20.178602 250 0.948750 0.050244 1.158750 0.013896 
20.279446 250 0.948750 0.050244 1.158750 0.013896 
20.380406 250 0.948750 0.050244 1.158750 0.013896 
20.481380 250 0.948750 0.050244 1.158750 0.013896 
20.582322 250 0.948750 0.050244 1.158750 0.013896 
20.683231 250 0.948750 0.050244 1.158750 0.013896 
20.784093 250 0.948750 0.050244 1.158750 0.013896 
20.885015 250 0.948750 0.050244 1.158750 0.013896 
20.987970 250 0.948750 0.050244 1.158750 0.013896 
21.088806 250 0.948750 0.050244 1.158750 0.013896 
21.189636 250 0.948750 0.050244 1.158750 0.013896 
21.290481 250 0.948750 0.050244 1.158750 0.013896 
21.391369 250 0.948750 0.050244 1.158750 0.013896 
21.492197 250 0.948750 0.050244 1.158750 0.013896 
21.593128 250 0.948750 0.050244 1.158750 0.013896 
21.694005 250 0.950000 0.050350 1.158750 0.013896 
21.794875 250 0.950000 0.050350 1.158750 0.013896 
21.895714 250 0.948750 0.050244 1.158750 0.013896 
21.996598 250 0.948750 0.050244 1.158750 0.013896 
22.097469 250 0.948750 0.050244 1.158750 0.013896 
22.198310 250 0.948750 0.051192 1.158750 0.013896 
22.299192 250 0.948750 0.051192 1.158750 0.013896 
22.400057 250 0.948750 0.051192 1.158750 0.013896 
22.500978 250 0.948750 0.051192 1.158750 0.013896 
22.601875 250 0.948750 0.051192 1.158750 0.013896 
22.702719 250 0.950000 0.050350 1.158750 0.013896 
22.803551 250 0.950000 0.050350 1.158750 0.013896 
22.904377 250 0.950000 0.050350 1.158750 0.013896 
23.005204 250 0.950000 0.050350 1.158750 0.013896 
23.106177 250 0.950000 0.050350 1.158750 0.013896 
23.207045 250 0.948750 0.050244 1.158750 0.013896 
23.307927 250 0.948750 0.050244 1.158750 0.013896 
23.408801 250 0.948750 0.050244 1.158750 0.013896 
23.509643 250 0.948750 0.051192 1.158750 0.013896 
23.610555 250 0.948750 0.051192 1.158750 0.013896 
23.711802 250 0.948750 0.051192 1.158750 0.013896 
23.812661 250 0.948750 0.051192 1.158750 0.013896 
23.913498 250 0.948750 0.051192 1.158750 0.013896 
24.014352 250 0.948750 0.050244 1.158750 0.013896 
24.115194 250 0.948750 0.050244 1.158750 0.013896 
24.216082 250 0.948750 0.050244 1.158750 0.013896 
24.316905 250 0.948750 0.050244 1.158750 0.013896 
24.417741 250 0.948750 0.050244 1.158750 0.013896 
24.518718 250 0.948750 0.051192 1.158750 0.013896 
24.619680 250 0.948750 0.051192 1.158750 0.013896 
24.720545 250 0.948750 0.051192 1.158750 0.013896 
24.821639 250 0.948750 0.050244 1.158750 0.013896 
24.922509 250 0.948750 0.050244 1.158750 0.013896 
25.023351 250 0.948750 0.050244 1.158750 0.013896 
25.124190 250 0.948750 0.050244 1.158750 0.013896 
25.225027 250 0.948750 0.050244 1.158750 0.013896 
25.325996 250 0.948750 0.050244 1.158750 0.013896 
25.426871 250 0.948750 0.050244 1.158750 0.013896 
25.527791 250 0.948750 0.050244 1.158750 0.013896 
25.628837 250 0.948750 0.050244 1.158750 0.013896 
25.729746 250 0.948750 0.050244 1.158750 0.013896 
25.830644 250 0.948750 0.050244 1.158750 0.013896 
25.931718 250 0.948750 0.051192 1.158750 0.013896 
26.032556 250 0.948750 0.051192 1.158750 0.013896 
26.133426 250 0.948750 0.050244 1.158750 0.013896 
26.234287 250 0.948750 0.050244 1.158750 0.013896 
26.335168 250 0.948750 0.050244 1.158750 0.013896 
26.436091 250 0.950000 0.050350 1.158750 0.013896 
26.536943 250 0.950000 0.050350 1.158750 0.013896 
26.637844 250 0.950000 0.050350 1.158750 0.013896 
26.738694 250 0.950000 0.050350 1.158750 0.013896 
26.839524 250 0.950000 0.050350 1.158750 0.013896 
26.940351 250 0.950000 0.050350 1.158750 0.013896 
27.041280 250 0.950000 0.050350 1.158750 0.013896 
27.142163 250 0.950000 0.050350 1.158750 0.013896 
27.243001 250 0.948750 0.050244 1.158750 0.013896 
27.343843 250 0.948750 0.050244 1.158750 0.013896 
27.444696 250 0.950000 0.050350 1.158750 0.013896 
27.545768 250 0.950000 0.050350 1.158750 0.013896 
27.646808 250 0.950000 0.050350 1.158750 0.013896 
27.747734 250 0.948750 0.050244 1.158750 0.013896 
27.848605 250 0.948750 0.050244 1.158750 0.013896 
27.949435 250 0.948750 0.051192 1.158750 0.013896 
28.050300 250 0.948750 0.051192 1.158750 0.013896 
28.151195 250 0.948750 0.051192 1.158750 0.013896 
28.252047 250 0.948750 0.051192 1.158750 0.013896 
28.352876 250 0.948750 0.051192 1.158750 0.013896 
28.453708 250 0.948750 0.051192 1.158750 0.013896 
28.554622 250 0.948750 0.050244 1.158750 0.013896 
28.655525 250 0.948750 0.050244 1.158750 0.013896 
28.756440 250 0.948750 0.050244 1.158750 0.013896 
28.857288 250 0.948750 0.050244 1.158750 0.013896 
28.958120 250 0.948750 0.050244 1.158750 0.013896 
29.058949 250 0.948750 0.050244 1.158750 0.013896 
29.159781 250 0.948750 0.050244 1.158750 0.013896 
29.260634 250 0.948750 0.050244 1.158750 0.013896 
29.361515 250 0.948750 0.050244 1.158750 0.013896 
29.462347 250 0.948750 0.050244 1.158750 0.013896 
29.563216 250 0.948750 0.051192 1.158750 0.013896 
29.664068 250 0.948750 0.051192 1.158750 0.013896 
29.764919 250 0.948750 0.051192 1.158750 0.013896 
29.865790 250 0.948750 0.050244 1.158750 0.013896 
29.966682 250 0.948750 0.050244 1.158750 0.013896 
30.067553 250 0.948750 0.050244 1.158750 0.013896 
30.168401 250 0.948750 0.050244 1.158750 0.013896 
30.269228 250 0.948750 0.050244 1.158750 0.013896 
30.370074 250 0.950000 0.050350 1.158750 0.013896 
30.470979 250 0.950000 0.050350 1.158750 0.013896 
30.571886 250 0.950000 0.050350 1.158750 0.013896 
30.672731 250 0.948750 0.050244 1.158750 0.013896 
30.773569 250 0.948750 0.050244 1.158750 0.013896 
30.874452 250 0.948750 0.050244 1.158750 0.013896 
30.975361 250 0.948750 0.050244 1.158750 0.013896 
31.076485 250 0.948750 0.050244 1.158750 0.013896 
31.177325 250 0.948750 0.050244 1.158750 0.013896 
31.278187 250 0.948750 0.050244 1.158750 0.013896 
31.379019 250 0.948750 0.051192 1.158750 0.013896 
31.479855 250 0.948750 0.051192 1.158750 0.013896 
31.580765 250 0.948750 0.051192 1.158750 0.013896 
31.681607 250 0.948750 0.050244 1.158750 0.013896 
31.782448 250 0.948750 0.050244 1.158750 0.013896 
31.883324 250 0.948750 0.050244 1.158750 0.013896 
31.984177 250 0.950000 0.050350 1.158750 0.013896 
32.085046 250 0.950000 0.050350 1.158750 0.013896 
32.185942 250 0.950000 0.050350 1.158750 0.013896 
32.286781 250 0.950000 0.050350 1.158750 0.013896 
32.387606 250 0.950000 0.050350 1.158750 0.013896 
32.488467 250 0.948750 0.051192 1.158750 0.013896 
32.589341 250 0.948750 0.051192 1.158750 0.013896 
32.690335 250 0.948750 0.051192 1.158750 0.013896 
32.791328 250 0.950000 0.051300 1.158750 0.013896 
32.892183 250 0.950000 0.051300 1.158750 0.013896 
32.993010 250 0.948750 0.050244 1.158750 0.013896 
33.093842 250 0.948750 0.050244 1.158750 0.013896 
33.194738 250 0.948750 0.050244 1.158750 0.013896 
33.295588 250 0.948750 0.051192 1.158750 0.013896 
33.396479 250 0.948750 0.051192 1.158750 0.013896 
33.497338 250 0.948750 0.050244 1.158750 0.013896 
33.598225 250 0.948750 0.050244 1.158750 0.013896 
33.699093 250 0.948750 0.050244 1.158750 0.013896 
33.800137 250 0.948750 0.050244 1.158750 0.013896 
33.901127 250 0.948750 0.050244 1.158750 0.013896 
34.002001 250 0.948750 0.050244 1.158750 0.013896 
34.102877 250 0.948750 0.051192 1.158750 0.013896 
34.203756 250 0.948750 0.051192 1.158750 0.013896 
34.304601 250 0.948750 0.050244 1.158750 0.013896 
34.405453 250 0.948750 0.050244 1.158750 0.013896 
34.506347 250 0.948750 0.050244 1.158750 0.013896 
34.607251 250 0.948750 0.051192 1.158750 0.013896 
34.708124 250 0.948750 0.051192 1.158750 0.013896 
34.809016 250 0.948750 0.050244 1.158750 0.013896 
34.909871 250 0.948750 0.050244 1.158750 0.013896 
35.010787 250 0.948750 0.050244 1.158750 0.013896 
35.111653 250 0.948750 0.050244 1.158750 0.013896 
35.212494 250 0.948750 0.050244 1.158750 0.013896 
35.313354 250 0.948750 0.050244 1.158750 0.013896 
35.414205 250 0.948750 0.050244 1.158750 0.013896 
35.515258 250 0.948750 0.050244 1.158750 0.013896 
35.616299 250 0.950000 0.050350 1.158750 0.013896 
35.717326 250 0.950000 0.050350 1.158750 0.013896 
35.818376 250 0.950000 0.050350 1.158750 0.013896 
35.921304 250 0.950000 0.050350 1.158750 0.013896 
36.022153 250 0.950000 0.050350 1.158750 0.013896 
36.122993 250 0.950000 0.050350 1.158750 0.013896 
36.223891 250 0.950000 0.050350 1.158750 0.013896 
36.324750 250 0.950000 0.050350 1.158750 0.013896 
36.425575 250 0.948750 0.051192 1.158750 0.013896 
36.526463 250 0.948750 0.051192 1.158750 0.013896 
36.627346 250 0.948750 0.051192 1.158750 0.013896 
36.728190 250 0.950000 0.050350 1.158750 0.013896 
36.829049 250 0.950000 0.050350 1.158750 0.013896 
36.929918 250 0.948750 0.051192 1.158750 0.013896 
37.030777 250 0.948750 0.051192 1.158750 0.013896 
37.131629 250 0.948750 0.051192 1.158750 0.013896 
37.232465 250 0.950000 0.050350 1.158750 0.013896 
37.335596 250 0.950000 0.050350 1.158750 0.013896 
37.436635 250 0.950000 0.050350 1.158750 0.013896 
37.537553 250 0.948750 0.050244 1.158750 0.013896 
37.638457 250 0.948750 0.050244 1.158750 0.013896 
37.739320 250 0.948750 0.050244 1.158750 0.013896 
37.840164 250 0.948750 0.050244 1.158750 0.013896 
37.941059 250 0.948750 0.050244 1.158750 0.013896 
38.041892 250 0.950000 0.050350 1.158750 0.013896 
38.142776 250 0.950000 0.050350 1.158750 0.013896 
38.243646 250 0.948750 0.051192 1.158750 0.013896 
38.344516 250 0.948750 0.051192 1.158750 0.013896 
38.445366 250 0.948750 0.051192 1.158750 0.013896 
38.546278 250 0.948750 0.050244 1.158750 0.013896 
38.647168 250 0.948750 0.050244 1.158750 0.013896 
38.748020 250 0.948750 0.050244 1.158750 0.013896 
38.848854 250 0.948750 0.050244 1.158750 0.013896 
38.949708 250 0.948750 0.050244 1.158750 0.013896 
39.050559 250 0.948750 0.051192 1.158750 0.013896 
39.151459 250 0.948750 0.051192 1.158750 0.013896 
39.252333 250 0.948750 0.051192 1.158750 0.013896 
39.353168 250 0.950000 0.050350 1.158750 0.013896 
39.454009 250 0.950000 0.050350 1.158750 0.013896 
39.554936 250 0.948750 0.051192 1.158750 0.013896 
39.655782 250 0.948750 0.051192 1.158750 0.013896 
39.756658 250 0.948750 0.051192 1.158750 0.013896 
39.857492 250 0.950000 0.050350 1.158750 0.013896 
39.958405 250 0.950000 0.050350 1.158750 0.013896 
40.059280 250 0.950000 0.050350 1.158750 0.013896 
40.160119 250 0.948750 0.049296 1.158750 0.013896 
40.261001 250 0.948750 0.049296 1.158750 0.013896 
40.361828 250 0.948750 0.050244 1.158750 0.013896 
40.462677 250 0.948750 0.050244 1.158750 0.013896 
40.563551 250 0.948750 0.050244 1.158750 0.013896 
40.664391 250 0.950000 0.050350 1.158750 0.013896 
40.765420 250 0.950000 0.050350 1.158750 0.013896 
40.866445 250 0.950000 0.050350 1.158750 0.013896 
40.967296 250 0.948750 0.050244 1.158750 0.013896 
41.068165 250 0.948750 0.050244 1.158750 0.013896 
41.168999 250 0.948750 0.050244 1.158750 0.013896 
41.269835 250 0.948750 0.050244 1.158750 0.013896 
41.370678 250 0.948750 0.050244 1.158750 0.013896 
41.471553 250 0.948750 0.050244 1.158750 0.013896 
41.572488 250 0.948750 0.050244 1.158750 0.013896 
41.673342 250 0.948750 0.050244 1.158750 0.013896 
41.774209 250 0.948750 0.050244 1.158750 0.013896 
41.875250 250 0.948750 0.050244 1.158750 0.013896 
41.976177 250 0.950000 0.049400 1.158750 0.013896 
42.077063 250 0.950000 0.049400 1.158750 0.013896 
42.177905 250 0.950000 0.049400 1.158750 0.013896 
42.278761 250 0.948750 0.051192 1.158750 0.013896 
42.379612 250 0.948750 0.051192 1.158750 0.013896 
42.480452 250 0.948750 0.050244 1.158750 0.013896 
42.581448 250 0.948750 0.050244 1.158750 0.013896 
42.682306 250 0.948750 0.050244 1.158750 0.013896 
42.783145 250 0.948750 0.052140 1.158750 0.013896 
42.883983 250 0.948750 0.052140 1.158750 0.013896 
42.984820 250 0.948750 0.050244 1.158750 0.013896 
43.085664 250 0.948750 0.050244 1.158750 0.013896 
43.186542 250 0.948750 0.050244 1.158750 0.013896 
43.287371 250 0.948750 0.050244 1.158750 0.013896 
43.388244 250 0.948750 0.050244 1.158750 0.013896 
43.489134 250 0.948750 0.050244 1.158750 0.013896 
43.590026 250 0.948750 0.050244 1.158750 0.013896 
43.690990 250 0.948750 0.050244 1.158750 0.013896 
43.792015 250 0.950000 0.050350 1.158750 0.013896 
43.893046 250 0.950000 0.050350 1.158750 0.013896 
43.993920 250 0.950000 0.050350 1.158750 0.013896 
44.094756 250 0.950000 0.050350 1.158750 0.013896 
44.195592 250 0.950000 0.050350 1.158750 0.013896 
44.296472 250 0.950000 0.050350 1.158750 0.013896 
44.397300 250 0.950000 0.051300 1.158750 0.013896 
44.498180 250 0.950000 0.051300 1.158750 0.013896 
44.599087 250 0.948750 0.050244 1.158750 0.013896 
44.699934 250 0.948750 0.050244 1.158750 0.013896 
44.800787 250 0.948750 0.050244 1.158750 0.013896 
44.901677 250 0.948750 0.050244 1.158750 0.013896 
45.002536 250 0.948750 0.050244 1.158750 0.013896 
45.103372 250 0.948750 0.050244 1.158750 0.013896 
45.204237 250 0.948750 0.050244 1.158750 0.013896 
45.305068 250 0.948750 0.050244 1.158750 0.013896 
45.405987 250 0.948750 0.051192 1.158750 0.013896 
45.506915 250 0.948750 0.051192 1.158750 0.013896 
45.607837 250 0.948750 0.051192 1.158750 0.013896 
45.708686 250 0.948750 0.051192 1.158750 0.013896 
45.809584 250 0.948750 0.051192 1.158750 0.013896 
45.910431 250 0.950000 0.050350 1.158750 0.013896 
46.011319 250 0.950000 0.050350 1.158750 0.013896 
46.112172 250 0.950000 0.050350 1.158750 0.013896 
46.213003 250 0.950000 0.050350 1.158750 0.013896 
46.313836 250 0.950000 0.050350 1.158750 0.013896 
46.414698 250 0.950000 0.050350 1.158750 0.013896 
46.515538 250 0.950000 0.050350 1.158750 0.013896 
