0.000365 500 1.073750 0.119103 1.158750 0.015054 
0.101003 500 1.073750 0.119103 1.158750 0.015054 
0.201583 500 1.073750 0.119103 1.158750 0.015054 
0.302064 500 1.073750 0.116957 1.158750 0.013896 
0.402523 500 1.073750 0.116957 1.158750 0.013896 
0.503042 500 1.073750 0.116957 1.158750 0.013896 
0.603555 500 1.073750 0.120176 1.158750 0.013896 
0.704042 500 1.073750 0.120176 1.158750 0.013896 
0.804495 500 1.073750 0.120176 1.158750 0.013896 
0.905001 500 1.073750 0.119103 1.158750 0.013896 
1.005466 500 1.073750 0.119103 1.158750 0.013896 
1.106101 500 1.073750 0.120176 1.158750 0.013896 
1.206646 500 1.073750 0.120176 1.158750 0.013896 
1.307164 500 1.073750 0.120176 1.158750 0.013896 
1.407623 500 1.073750 0.120176 1.158750 0.013896 
1.508152 500 1.073750 0.120176 1.158750 0.013896 
1.608672 500 1.073750 0.119103 1.158750 0.013896 
1.709179 500 1.073750 0.119103 1.158750 0.013896 
1.809677 500 1.073750 0.119103 1.158750 0.013896 
1.910131 500 1.073750 0.120176 1.158750 0.013896 
2.010618 500 1.073750 0.120176 1.158750 0.013896 
2.111241 500 1.073750 0.120176 1.158750 0.013896 
2.211762 500 1.073750 0.119103 1.158750 0.013896 
2.312237 500 1.073750 0.119103 1.158750 0.013896 
2.412687 500 1.073750 0.121249 1.158750 0.013896 
2.513196 500 1.073750 0.121249 1.158750 0.013896 
2.613712 500 1.073750 0.121249 1.158750 0.013896 
2.714202 500 1.073750 0.119103 1.158750 0.013896 
2.814661 500 1.073750 0.119103 1.158750 0.013896 
2.915102 500 1.073750 0.119103 1.158750 0.013896 
3.015592 500 1.073750 0.119103 1.158750 0.013896 
3.116223 500 1.073750 0.119103 1.158750 0.013896 
3.216735 500 1.073750 0.120176 1.158750 0.013896 
3.317254 500 1.073750 0.120176 1.158750 0.013896 
3.417771 500 1.073750 0.120176 1.158750 0.013896 
3.518245 500 1.073750 0.119103 1.158750 0.013896 
3.618747 500 1.073750 0.119103 1.158750 0.013896 
3.719246 500 1.073750 0.121249 1.158750 0.013896 
3.819703 500 1.073750 0.121249 1.158750 0.013896 
3.920177 500 1.073750 0.121249 1.158750 0.013896 
4.020629 500 1.073750 0.119103 1.158750 0.013896 
4.121131 500 1.073750 0.119103 1.158750 0.013896 
4.221626 500 1.073750 0.119103 1.158750 0.013896 
4.322073 500 1.073750 0.120176 1.158750 0.013896 
4.422518 500 1.073750 0.120176 1.158750 0.013896 
4.523007 500 1.073750 0.119103 1.158750 0.013896 
4.623497 500 1.073750 0.119103 1.158750 0.013896 
4.723965 500 1.073750 0.119103 1.158750 0.013896 
4.824431 500 1.073750 0.120176 1.158750 0.013896 
4.924917 500 1.073750 0.120176 1.158750 0.013896 
5.025368 500 1.073750 0.120176 1.158750 0.013896 
5.125812 500 1.073750 0.120176 1.158750 0.015054 
5.226254 500 1.073750 0.120176 1.158750 0.015054 
5.326720 500 1.073750 0.119103 1.158750 0.013896 
5.427159 500 1.073750 0.119103 1.158750 0.013896 
5.527601 500 1.073750 0.119103 1.158750 0.013896 
5.628085 500 1.073750 0.120176 1.158750 0.015054 
5.728575 500 1.073750 0.120176 1.158750 0.015054 
5.829034 500 1.073750 0.120176 1.158750 0.015054 
5.929535 500 1.073750 0.120176 1.158750 0.015054 
6.030037 500 1.073750 0.120176 1.158750 0.015054 
6.130528 500 1.073750 0.120176 1.158750 0.013896 
6.230983 500 1.073750 0.120176 1.158750 0.013896 
6.331464 500 1.073750 0.120176 1.158750 0.013896 
6.431904 500 1.075000 0.120400 1.158750 0.013896 
6.532368 500 1.075000 0.120400 1.158750 0.013896 
6.632861 500 1.073750 0.119103 1.158750 0.013896 
6.733323 500 1.073750 0.119103 1.158750 0.013896 
6.833812 500 1.073750 0.119103 1.158750 0.013896 
6.934310 500 1.073750 0.119103 1.158750 0.013896 
7.034785 500 1.073750 0.119103 1.158750 0.013896 
7.135243 500 1.073750 0.119103 1.158750 0.013896 
7.235707 500 1.073750 0.118030 1.158750 0.013896 
7.336198 500 1.073750 0.118030 1.158750 0.013896 
7.436685 500 1.073750 0.120176 1.158750 0.013896 
7.537145 500 1.073750 0.120176 1.158750 0.013896 
7.637632 500 1.073750 0.120176 1.158750 0.013896 
7.738117 500 1.073750 0.120176 1.158750 0.015054 
7.838583 500 1.073750 0.120176 1.158750 0.015054 
7.939059 500 1.073750 0.119103 1.158750 0.013896 
8.039540 500 1.073750 0.119103 1.158750 0.013896 
8.140034 500 1.073750 0.119103 1.158750 0.013896 
8.240614 500 1.073750 0.119103 1.158750 0.013896 
8.341140 500 1.073750 0.119103 1.158750 0.013896 
8.441635 500 1.073750 0.119103 1.158750 0.013896 
8.542143 500 1.073750 0.120176 1.158750 0.013896 
8.642652 500 1.073750 0.120176 1.158750 0.013896 
8.743146 500 1.073750 0.120176 1.158750 0.013896 
8.843616 500 1.073750 0.120176 1.158750 0.013896 
8.944065 500 1.073750 0.120176 1.158750 0.013896 
9.044516 500 1.073750 0.120176 1.158750 0.013896 
9.144963 500 1.073750 0.120176 1.158750 0.013896 
9.245427 500 1.073750 0.120176 1.158750 0.013896 
9.346057 500 1.073750 0.120176 1.158750 0.015054 
9.446571 500 1.073750 0.120176 1.158750 0.015054 
9.547053 500 1.075000 0.120400 1.158750 0.013896 
9.647556 500 1.075000 0.120400 1.158750 0.013896 
9.748067 500 1.075000 0.120400 1.158750 0.013896 
9.848524 500 1.073750 0.119103 1.158750 0.015054 
9.948974 500 1.073750 0.119103 1.158750 0.015054 
10.049445 500 1.073750 0.119103 1.158750 0.015054 
10.149904 500 1.073750 0.119103 1.158750 0.015054 
10.250370 500 1.073750 0.119103 1.158750 0.015054 
10.350819 500 1.073750 0.119103 1.158750 0.015054 
10.451294 500 1.073750 0.119103 1.158750 0.015054 
10.551795 500 1.073750 0.119103 1.158750 0.015054 
10.652293 500 1.073750 0.119103 1.158750 0.015054 
10.752753 500 1.073750 0.119103 1.158750 0.015054 
10.853225 500 1.073750 0.119103 1.158750 0.013896 
10.953737 500 1.073750 0.119103 1.158750 0.013896 
11.054218 500 1.073750 0.119103 1.158750 0.013896 
11.156552 500 1.073750 0.119103 1.158750 0.013896 
11.257164 500 1.073750 0.119103 1.158750 0.013896 
11.357812 500 1.073750 0.119103 1.158750 0.013896 
11.458475 500 1.073750 0.120176 1.158750 0.013896 
11.559048 500 1.073750 0.120176 1.158750 0.013896 
11.659575 500 1.073750 0.120176 1.158750 0.013896 
11.760106 500 1.073750 0.120176 1.158750 0.013896 
11.860604 500 1.073750 0.120176 1.158750 0.013896 
11.961223 500 1.073750 0.119103 1.158750 0.013896 
12.061760 500 1.073750 0.119103 1.158750 0.013896 
12.162274 500 1.073750 0.119103 1.158750 0.013896 
12.262751 500 1.073750 0.119103 1.158750 0.013896 
12.363214 500 1.073750 0.119103 1.158750 0.013896 
12.463677 500 1.073750 0.119103 1.158750 0.013896 
12.564184 500 1.073750 0.119103 1.158750 0.013896 
12.664696 500 1.073750 0.119103 1.158750 0.013896 
12.765181 500 1.073750 0.119103 1.158750 0.013896 
12.865690 500 1.073750 0.119103 1.158750 0.013896 
12.966151 500 1.073750 0.119103 1.158750 0.013896 
13.066657 500 1.073750 0.119103 1.158750 0.013896 
13.167114 500 1.073750 0.119103 1.158750 0.013896 
13.267647 500 1.073750 0.120176 1.158750 0.015054 
13.368120 500 1.073750 0.120176 1.158750 0.015054 
13.468604 500 1.073750 0.120176 1.158750 0.015054 
13.569104 500 1.073750 0.119103 1.158750 0.013896 
13.669571 500 1.073750 0.119103 1.158750 0.013896 
13.770048 500 1.073750 0.119103 1.158750 0.013896 
13.870509 500 1.073750 0.119103 1.158750 0.013896 
13.970965 500 1.073750 0.119103 1.158750 0.013896 
14.071584 500 1.073750 0.119103 1.158750 0.013896 
14.172119 500 1.073750 0.119103 1.158750 0.013896 
14.272592 500 1.073750 0.119103 1.158750 0.013896 
14.373053 500 1.073750 0.119103 1.158750 0.013896 
14.473554 500 1.073750 0.119103 1.158750 0.013896 
14.574087 500 1.073750 0.120176 1.158750 0.013896 
14.674576 500 1.073750 0.120176 1.158750 0.013896 
14.775033 500 1.073750 0.120176 1.158750 0.013896 
14.875499 500 1.073750 0.120176 1.158750 0.015054 
14.975951 500 1.073750 0.120176 1.158750 0.015054 
15.076467 500 1.073750 0.119103 1.158750 0.015054 
15.176925 500 1.073750 0.119103 1.158750 0.015054 
15.277422 500 1.073750 0.119103 1.158750 0.015054 
15.377879 500 1.073750 0.120176 1.158750 0.013896 
15.478342 500 1.073750 0.120176 1.158750 0.013896 
15.578835 500 1.073750 0.120176 1.158750 0.013896 
15.679330 500 1.073750 0.120176 1.158750 0.013896 
15.779789 500 1.073750 0.120176 1.158750 0.013896 
15.880247 500 1.073750 0.120176 1.158750 0.013896 
15.980698 500 1.073750 0.120176 1.158750 0.013896 
16.081147 500 1.073750 0.120176 1.158750 0.013896 
16.181624 500 1.073750 0.121249 1.158750 0.013896 
16.282082 500 1.073750 0.121249 1.158750 0.013896 
16.382650 500 1.073750 0.119103 1.158750 0.015054 
16.483204 500 1.073750 0.119103 1.158750 0.015054 
16.583718 500 1.073750 0.119103 1.158750 0.015054 
16.684192 500 1.073750 0.119103 1.158750 0.013896 
16.784692 500 1.073750 0.119103 1.158750 0.013896 
16.885284 500 1.073750 0.119103 1.158750 0.013896 
16.985761 500 1.073750 0.119103 1.158750 0.015054 
17.086222 500 1.073750 0.119103 1.158750 0.015054 
17.186701 500 1.073750 0.121249 1.158750 0.013896 
17.287182 500 1.073750 0.121249 1.158750 0.013896 
17.387635 500 1.073750 0.121249 1.158750 0.013896 
17.488265 500 1.073750 0.120176 1.158750 0.015054 
17.588814 500 1.073750 0.120176 1.158750 0.015054 
17.689350 500 1.073750 0.120176 1.158750 0.015054 
17.789850 500 1.073750 0.120176 1.158750 0.013896 
17.890341 500 1.073750 0.120176 1.158750 0.013896 
17.990837 500 1.073750 0.120176 1.158750 0.015054 
18.091297 500 1.073750 0.120176 1.158750 0.015054 
18.191758 500 1.073750 0.120176 1.158750 0.015054 
18.292210 500 1.073750 0.120176 1.158750 0.015054 
18.392680 500 1.073750 0.120176 1.158750 0.015054 
18.493131 500 1.073750 0.121249 1.158750 0.013896 
18.593631 500 1.073750 0.121249 1.158750 0.013896 
18.694087 500 1.073750 0.121249 1.158750 0.013896 
18.794540 500 1.073750 0.119103 1.158750 0.013896 
18.895044 500 1.073750 0.119103 1.158750 0.013896 
18.995577 500 1.073750 0.119103 1.158750 0.013896 
19.096047 500 1.073750 0.119103 1.158750 0.013896 
19.196542 500 1.073750 0.119103 1.158750 0.013896 
19.301524 500 1.073750 0.119103 1.158750 0.015054 
19.402146 500 1.073750 0.119103 1.158750 0.015054 
19.502788 500 1.073750 0.119103 1.158750 0.015054 
19.603318 500 1.073750 0.119103 1.158750 0.013896 
19.703823 500 1.073750 0.119103 1.158750 0.013896 
19.804285 500 1.073750 0.119103 1.158750 0.013896 
19.904750 500 1.073750 0.119103 1.158750 0.013896 
20.005215 500 1.073750 0.119103 1.158750 0.013896 
20.105723 500 1.073750 0.120176 1.158750 0.013896 
20.206185 500 1.073750 0.120176 1.158750 0.013896 
20.306672 500 1.073750 0.120176 1.158750 0.013896 
20.407123 500 1.073750 0.119103 1.158750 0.013896 
20.507613 500 1.073750 0.119103 1.158750 0.013896 
20.609015 500 1.073750 0.119103 1.158750 0.013896 
20.709582 500 1.073750 0.119103 1.158750 0.013896 
20.810200 500 1.073750 0.119103 1.158750 0.013896 
20.910749 500 1.073750 0.116957 1.158750 0.013896 
21.011257 500 1.073750 0.116957 1.158750 0.013896 
21.111746 500 1.073750 0.116957 1.158750 0.013896 
21.212198 500 1.073750 0.119103 1.158750 0.013896 
21.312706 500 1.073750 0.119103 1.158750 0.013896 
21.413172 500 1.073750 0.120176 1.158750 0.013896 
21.513699 500 1.073750 0.120176 1.158750 0.013896 
21.614214 500 1.073750 0.120176 1.158750 0.013896 
21.714748 500 1.073750 0.120176 1.158750 0.013896 
21.815289 500 1.073750 0.120176 1.158750 0.013896 
21.916443 500 1.073750 0.120176 1.158750 0.013896 
22.016925 500 1.073750 0.120176 1.158750 0.013896 
22.117408 500 1.073750 0.120176 1.158750 0.013896 
22.217866 500 1.073750 0.120176 1.158750 0.015054 
22.318321 500 1.073750 0.120176 1.158750 0.015054 
22.418821 500 1.073750 0.120176 1.158750 0.015054 
22.519340 500 1.073750 0.119103 1.158750 0.015054 
22.619862 500 1.073750 0.119103 1.158750 0.015054 
22.720369 500 1.073750 0.120176 1.158750 0.013896 
22.820865 500 1.073750 0.120176 1.158750 0.013896 
22.921421 500 1.073750 0.120176 1.158750 0.013896 
23.021906 500 1.073750 0.119103 1.158750 0.013896 
23.122369 500 1.073750 0.119103 1.158750 0.013896 
23.222816 500 1.073750 0.119103 1.158750 0.013896 
23.323265 500 1.073750 0.120176 1.158750 0.013896 
23.423758 500 1.073750 0.120176 1.158750 0.013896 
23.524299 500 1.073750 0.120176 1.158750 0.013896 
23.625010 500 1.073750 0.120176 1.158750 0.013896 
23.725642 500 1.073750 0.120176 1.158750 0.013896 
23.826306 500 1.075000 0.103200 1.158750 0.013896 
23.927032 500 1.075000 0.103200 1.158750 0.013896 
24.027701 500 1.076250 0.019368 1.158750 0.013896 
