0.000215 1300 1.200000 0.018000 1.052500 0.931020 
0.100704 1300 1.200000 0.018000 1.052500 0.931020 
0.201189 1300 1.200000 0.018000 1.052500 0.931020 
0.301595 1300 1.200000 0.018000 1.052500 0.927864 
0.401974 1300 1.200000 0.018000 1.052500 0.927864 
0.502382 1300 1.200000 0.018000 1.052500 0.932072 
0.602769 1300 1.200000 0.018000 1.052500 0.932072 
0.703144 1300 1.200000 0.018000 1.052500 0.932072 
0.803520 1300 1.200000 0.018000 1.052500 0.932072 
0.903924 1300 1.200000 0.018000 1.052500 0.932072 
1.004306 1300 1.200000 0.018000 1.052500 0.926812 
1.104777 1300 1.200000 0.018000 1.052500 0.926812 
1.205209 1300 1.200000 0.018000 1.052500 0.926812 
1.305588 1300 1.200000 0.018000 1.052500 0.931020 
1.405966 1300 1.200000 0.018000 1.052500 0.931020 
1.506339 1300 1.200000 0.018000 1.052500 0.931020 
1.606724 1300 1.200000 0.018000 1.052500 0.933124 
1.707099 1300 1.200000 0.018000 1.052500 0.933124 
1.807494 1300 1.200000 0.018000 1.052500 0.931020 
1.907884 1300 1.200000 0.018000 1.052500 0.931020 
2.008260 1300 1.200000 0.018000 1.052500 0.931020 
2.108633 1300 1.200000 0.018000 1.052500 0.929968 
2.209016 1300 1.200000 0.018000 1.052500 0.929968 
2.309390 1300 1.200000 0.018000 1.052500 0.929968 
2.409766 1300 1.200000 0.018000 1.052500 0.933124 
2.510169 1300 1.200000 0.018000 1.052500 0.933124 
2.610550 1300 1.200000 0.018000 1.052500 0.933124 
2.710933 1300 1.200000 0.018000 1.052500 0.933124 
2.811313 1300 1.200000 0.018000 1.052500 0.933124 
2.911687 1300 1.200000 0.018000 1.052500 0.934176 
3.012075 1300 1.200000 0.018000 1.052500 0.934176 
3.112541 1300 1.200000 0.018000 1.052500 0.934176 
3.212969 1300 1.200000 0.018000 1.052500 0.928916 
3.313362 1300 1.200000 0.018000 1.052500 0.928916 
3.413739 1300 1.200000 0.018000 1.052500 0.928916 
3.514127 1300 1.200000 0.018000 1.052500 0.928916 
3.614503 1300 1.200000 0.018000 1.052500 0.928916 
3.714919 1300 1.200000 0.018000 1.052500 0.933124 
3.815300 1300 1.200000 0.018000 1.052500 0.933124 
3.915675 1300 1.200000 0.018000 1.052500 0.928916 
4.016050 1300 1.200000 0.018000 1.052500 0.928916 
4.116424 1300 1.200000 0.018000 1.052500 0.928916 
4.216808 1300 1.200000 0.018000 1.052500 0.928916 
4.317256 1300 1.200000 0.018000 1.052500 0.928916 
4.417648 1300 1.200000 0.018000 1.052500 0.928916 
4.518024 1300 1.200000 0.018000 1.052500 0.932072 
4.618403 1300 1.200000 0.018000 1.052500 0.932072 
4.718791 1300 1.200000 0.018000 1.052500 0.932072 
4.819170 1300 1.200000 0.018000 1.052500 0.932072 
4.919545 1300 1.200000 0.018000 1.052500 0.932072 
5.019948 1300 1.200000 0.018000 1.052500 0.931020 
5.120338 1300 1.200000 0.018000 1.052500 0.931020 
5.220723 1300 1.200000 0.018000 1.052500 0.931020 
5.321101 1300 1.200000 0.018000 1.052500 0.932072 
5.421491 1300 1.200000 0.018000 1.052500 0.932072 
5.521864 1300 1.200000 0.018000 1.052500 0.932072 
5.622247 1300 1.200000 0.018000 1.052500 0.932072 
5.722634 1300 1.200000 0.018000 1.052500 0.932072 
5.823011 1300 1.200000 0.018000 1.052500 0.934176 
5.923386 1300 1.200000 0.018000 1.052500 0.934176 
6.023763 1300 1.200000 0.018000 1.052500 0.934176 
6.124136 1300 1.200000 0.018000 1.052500 0.934176 
6.224520 1300 1.200000 0.018000 1.052500 0.934176 
6.324924 1300 1.200000 0.018000 1.052500 0.931020 
6.425300 1300 1.200000 0.018000 1.052500 0.931020 
6.525672 1300 1.200000 0.018000 1.052500 0.931020 
6.626052 1300 1.200000 0.018000 1.052500 0.931020 
6.726424 1300 1.200000 0.018000 1.052500 0.931020 
6.826802 1300 1.200000 0.018000 1.052500 0.931020 
6.927176 1300 1.200000 0.018000 1.052500 0.931020 
7.027550 1300 1.200000 0.018000 1.052500 0.931020 
7.127921 1300 1.200000 0.018000 1.052500 0.929968 
7.228300 1300 1.200000 0.018000 1.052500 0.929968 
7.328680 1300 1.200000 0.018000 1.052500 0.929968 
7.429051 1300 1.200000 0.018000 1.052500 0.927864 
7.529422 1300 1.200000 0.018000 1.052500 0.927864 
7.629795 1300 1.200000 0.018000 1.052500 0.936280 
7.730207 1300 1.200000 0.018000 1.052500 0.936280 
7.830613 1300 1.200000 0.018000 1.052500 0.936280 
7.930988 1300 1.200000 0.018000 1.052500 0.932072 
8.031364 1300 1.200000 0.018000 1.052500 0.932072 
8.131822 1300 1.200000 0.018000 1.052500 0.934176 
8.232212 1300 1.200000 0.018000 1.052500 0.934176 
8.332592 1300 1.200000 0.018000 1.052500 0.934176 
8.432972 1300 1.200000 0.018000 1.052500 0.928916 
8.533344 1300 1.200000 0.018000 1.052500 0.928916 
8.633721 1300 1.200000 0.018000 1.052500 0.928916 
8.734094 1300 1.200000 0.018000 1.052500 0.929968 
8.834471 1300 1.200000 0.018000 1.052500 0.929968 
8.934835 1300 1.200000 0.018000 1.052500 0.933124 
9.035215 1300 1.200000 0.018000 1.052500 0.933124 
9.135595 1300 1.200000 0.018000 1.052500 0.933124 
9.236061 1300 1.200000 0.018000 1.052500 0.934176 
9.336452 1300 1.200000 0.018000 1.052500 0.934176 
9.436833 1300 1.200000 0.018000 1.052500 0.934176 
9.537219 1300 1.200000 0.018000 1.052500 0.928916 
9.637606 1300 1.200000 0.018000 1.052500 0.928916 
9.737985 1300 1.200000 0.018000 1.052500 0.933124 
9.838360 1300 1.200000 0.018000 1.052500 0.933124 
9.938738 1300 1.200000 0.018000 1.052500 0.933124 
10.039108 1300 1.200000 0.018000 1.052500 0.936280 
10.139487 1300 1.200000 0.018000 1.052500 0.936280 
10.239925 1300 1.200000 0.018000 1.052500 0.931020 
10.340306 1300 1.200000 0.018000 1.052500 0.931020 
10.440693 1300 1.200000 0.018000 1.052500 0.931020 
10.541073 1300 1.200000 0.018000 1.052500 0.934176 
10.641456 1300 1.200000 0.018000 1.052500 0.934176 
10.741836 1300 1.200000 0.018000 1.052500 0.934176 
10.842219 1300 1.200000 0.018000 1.052500 0.931020 
10.942597 1300 1.200000 0.018000 1.052500 0.931020 
11.042975 1300 1.200000 0.018000 1.052500 0.934176 
11.143356 1300 1.200000 0.018000 1.052500 0.934176 
11.243823 1300 1.200000 0.018000 1.052500 0.934176 
11.344213 1300 1.200000 0.018000 1.052500 0.931020 
11.444604 1300 1.200000 0.018000 1.052500 0.931020 
11.545014 1300 1.200000 0.018000 1.052500 0.931020 
11.645406 1300 1.200000 0.018000 1.052500 0.934176 
11.745787 1300 1.200000 0.018000 1.052500 0.934176 
11.846163 1300 1.200000 0.018000 1.052500 0.932072 
11.946540 1300 1.200000 0.018000 1.052500 0.932072 
12.046919 1300 1.200000 0.018000 1.052500 0.932072 
12.147299 1300 1.200000 0.018000 1.052500 0.934176 
12.247686 1300 1.200000 0.018000 1.052500 0.934176 
12.348066 1300 1.200000 0.018000 1.052500 0.934176 
12.448441 1300 1.200000 0.018000 1.052500 0.934176 
12.548817 1300 1.200000 0.018000 1.052500 0.934176 
12.649198 1300 1.200000 0.018000 1.052500 0.933124 
12.749574 1300 1.200000 0.018000 1.052500 0.933124 
12.849984 1300 1.200000 0.018000 1.052500 0.933124 
12.950362 1300 1.200000 0.018000 1.052500 0.932072 
13.050741 1300 1.200000 0.018000 1.052500 0.932072 
13.151121 1300 1.200000 0.018000 1.052500 0.935228 
13.251504 1300 1.200000 0.018000 1.052500 0.935228 
13.351888 1300 1.200000 0.018000 1.052500 0.935228 
13.452265 1300 1.200000 0.018000 1.052500 0.934176 
13.552643 1300 1.200000 0.018000 1.052500 0.934176 
13.653030 1300 1.200000 0.018000 1.052500 0.934176 
13.753409 1300 1.200000 0.018000 1.052500 0.934176 
13.853788 1300 1.200000 0.018000 1.052500 0.934176 
13.954164 1300 1.200000 0.018000 1.052500 0.933124 
14.054541 1300 1.200000 0.018000 1.052500 0.933124 
14.154964 1300 1.200000 0.018000 1.052500 0.933124 
