0.000446 400 0.961250 0.074958 1.158750 0.013896 
0.101225 400 0.961250 0.074958 1.158750 0.013896 
0.201883 400 0.961250 0.074958 1.158750 0.013896 
0.302468 400 0.961250 0.074958 1.158750 0.013896 
0.403020 400 0.961250 0.074958 1.158750 0.013896 
0.503559 400 0.961250 0.074958 1.158750 0.013896 
0.604092 400 0.961250 0.074958 1.158750 0.013896 
0.704681 400 0.961250 0.074958 1.158750 0.013896 
0.805274 400 0.961250 0.074958 1.158750 0.013896 
0.905852 400 0.961250 0.074958 1.158750 0.013896 
1.006404 400 0.961250 0.075919 1.158750 0.013896 
1.107137 400 0.961250 0.075919 1.158750 0.013896 
1.207781 400 0.961250 0.075919 1.158750 0.013896 
1.308338 400 0.961250 0.075919 1.158750 0.013896 
1.408911 400 0.961250 0.075919 1.158750 0.013896 
1.509479 400 0.961250 0.075919 1.158750 0.013896 
1.610075 400 0.961250 0.075919 1.158750 0.013896 
1.710627 400 0.961250 0.075919 1.158750 0.013896 
1.811167 400 0.961250 0.076880 1.158750 0.013896 
1.911717 400 0.961250 0.076880 1.158750 0.013896 
2.012306 400 0.961250 0.075919 1.158750 0.013896 
2.112860 400 0.961250 0.075919 1.158750 0.013896 
2.213458 400 0.961250 0.075919 1.158750 0.013896 
2.314117 400 0.961250 0.076880 1.158750 0.013896 
2.414832 400 0.961250 0.076880 1.158750 0.013896 
2.515393 400 0.961250 0.075919 1.158750 0.013896 
2.615973 400 0.961250 0.075919 1.158750 0.013896 
2.716553 400 0.961250 0.075919 1.158750 0.013896 
2.817096 400 0.961250 0.075919 1.158750 0.013896 
2.917636 400 0.961250 0.075919 1.158750 0.013896 
3.018179 400 0.961250 0.075919 1.158750 0.013896 
3.118906 400 0.961250 0.076880 1.158750 0.013896 
3.219606 400 0.961250 0.076880 1.158750 0.013896 
3.320160 400 0.961250 0.076880 1.158750 0.013896 
3.420721 400 0.961250 0.076880 1.158750 0.013896 
3.521260 400 0.961250 0.076880 1.158750 0.013896 
3.621843 400 0.961250 0.074958 1.158750 0.013896 
3.722432 400 0.961250 0.074958 1.158750 0.013896 
3.822985 400 0.961250 0.074958 1.158750 0.013896 
3.923543 400 0.961250 0.074958 1.158750 0.013896 
4.024086 400 0.961250 0.074958 1.158750 0.013896 
4.124687 400 0.961250 0.077841 1.158750 0.013896 
4.225271 400 0.961250 0.077841 1.158750 0.013896 
4.325821 400 0.961250 0.077841 1.158750 0.013896 
4.426410 400 0.961250 0.076880 1.158750 0.013896 
4.526959 400 0.961250 0.076880 1.158750 0.013896 
4.627499 400 0.961250 0.074958 1.158750 0.013896 
4.728056 400 0.961250 0.074958 1.158750 0.013896 
4.828635 400 0.961250 0.074958 1.158750 0.013896 
4.929211 400 0.961250 0.075919 1.158750 0.013896 
5.029798 400 0.961250 0.075919 1.158750 0.013896 
5.130335 400 0.961250 0.075919 1.158750 0.013896 
5.230919 400 0.961250 0.075919 1.158750 0.013896 
5.331479 400 0.961250 0.075919 1.158750 0.013896 
5.432057 400 0.961250 0.075919 1.158750 0.013896 
5.532603 400 0.961250 0.075919 1.158750 0.013896 
5.633188 400 0.961250 0.075919 1.158750 0.013896 
5.733735 400 0.961250 0.075919 1.158750 0.013896 
5.834286 400 0.961250 0.075919 1.158750 0.013896 
5.934905 400 0.961250 0.075919 1.158750 0.013896 
6.035507 400 0.961250 0.076880 1.158750 0.013896 
6.136092 400 0.961250 0.076880 1.158750 0.013896 
6.236689 400 0.961250 0.074958 1.158750 0.013896 
6.337282 400 0.961250 0.074958 1.158750 0.013896 
6.437998 400 0.961250 0.074958 1.158750 0.013896 
6.538563 400 0.961250 0.075919 1.158750 0.013896 
6.639139 400 0.961250 0.075919 1.158750 0.013896 
6.739785 400 0.961250 0.075919 1.158750 0.013896 
6.840343 400 0.961250 0.075919 1.158750 0.013896 
6.940883 400 0.961250 0.075919 1.158750 0.013896 
7.041495 400 0.961250 0.074958 1.158750 0.013896 
7.142136 400 0.961250 0.074958 1.158750 0.013896 
7.242750 400 0.961250 0.074958 1.158750 0.013896 
7.343351 400 0.961250 0.076880 1.158750 0.013896 
7.443950 400 0.961250 0.076880 1.158750 0.013896 
7.544507 400 0.961250 0.075919 1.158750 0.013896 
7.645085 400 0.961250 0.075919 1.158750 0.013896 
7.745627 400 0.961250 0.075919 1.158750 0.013896 
7.846191 400 0.961250 0.075919 1.158750 0.013896 
7.946797 400 0.961250 0.075919 1.158750 0.013896 
8.047357 400 0.961250 0.075919 1.158750 0.013896 
8.147953 400 0.961250 0.074958 1.158750 0.013896 
8.248694 400 0.961250 0.074958 1.158750 0.013896 
8.349357 400 0.961250 0.075919 1.158750 0.013896 
8.449966 400 0.961250 0.075919 1.158750 0.013896 
8.550513 400 0.961250 0.075919 1.158750 0.013896 
8.651073 400 0.961250 0.075919 1.158750 0.013896 
8.751618 400 0.961250 0.075919 1.158750 0.013896 
8.852154 400 0.961250 0.077841 1.158750 0.013896 
8.952690 400 0.961250 0.077841 1.158750 0.013896 
9.053286 400 0.961250 0.077841 1.158750 0.013896 
9.153889 400 0.961250 0.075919 1.158750 0.013896 
9.254503 400 0.961250 0.075919 1.158750 0.013896 
9.355238 400 0.961250 0.075919 1.158750 0.013896 
9.455844 400 0.961250 0.076880 1.158750 0.013896 
9.556450 400 0.961250 0.076880 1.158750 0.013896 
9.657010 400 0.961250 0.075919 1.158750 0.013896 
9.757569 400 0.961250 0.075919 1.158750 0.013896 
9.858107 400 0.961250 0.075919 1.158750 0.013896 
9.958649 400 0.961250 0.076880 1.158750 0.013896 
10.059182 400 0.961250 0.076880 1.158750 0.013896 
10.160143 400 0.961250 0.076880 1.158750 0.013896 
10.260746 400 0.961250 0.076880 1.158750 0.013896 
10.361342 400 0.961250 0.076880 1.158750 0.013896 
10.461914 400 0.961250 0.074958 1.158750 0.013896 
10.562456 400 0.961250 0.074958 1.158750 0.013896 
10.662999 400 0.961250 0.074958 1.158750 0.013896 
10.763572 400 0.961250 0.077841 1.158750 0.013896 
10.864129 400 0.961250 0.077841 1.158750 0.013896 
10.964728 400 0.961250 0.076880 1.158750 0.015054 
11.065272 400 0.961250 0.076880 1.158750 0.015054 
11.165905 400 0.961250 0.076880 1.158750 0.015054 
11.266616 400 0.961250 0.075919 1.158750 0.013896 
11.367385 400 0.961250 0.075919 1.158750 0.013896 
11.467972 400 0.961250 0.075919 1.158750 0.013896 
11.568588 400 0.961250 0.075919 1.158750 0.013896 
11.669172 400 0.961250 0.075919 1.158750 0.013896 
11.769762 400 0.961250 0.076880 1.158750 0.013896 
11.870309 400 0.961250 0.076880 1.158750 0.013896 
11.970888 400 0.961250 0.076880 1.158750 0.013896 
12.071445 400 0.961250 0.074958 1.158750 0.013896 
12.171992 400 0.961250 0.074958 1.158750 0.013896 
12.272609 400 0.961250 0.075919 1.158750 0.013896 
12.373171 400 0.961250 0.075919 1.158750 0.013896 
12.473761 400 0.961250 0.075919 1.158750 0.013896 
12.574313 400 0.961250 0.075919 1.158750 0.013896 
12.675073 400 0.961250 0.075919 1.158750 0.013896 
12.775664 400 0.961250 0.075919 1.158750 0.013896 
12.876215 400 0.961250 0.075919 1.158750 0.013896 
12.976764 400 0.961250 0.075919 1.158750 0.013896 
13.077306 400 0.961250 0.075919 1.158750 0.013896 
13.177888 400 0.961250 0.075919 1.158750 0.013896 
13.278511 400 0.961250 0.075919 1.158750 0.013896 
13.379074 400 0.961250 0.075919 1.158750 0.013896 
13.479661 400 0.961250 0.075919 1.158750 0.013896 
13.580205 400 0.961250 0.075919 1.158750 0.013896 
13.680760 400 0.961250 0.076880 1.158750 0.013896 
13.781307 400 0.961250 0.076880 1.158750 0.013896 
13.881846 400 0.961250 0.075919 1.158750 0.013896 
13.982429 400 0.961250 0.075919 1.158750 0.013896 
14.082975 400 0.961250 0.075919 1.158750 0.013896 
14.183521 400 0.961250 0.075919 1.158750 0.013896 
14.284121 400 0.961250 0.075919 1.158750 0.013896 
14.384765 400 0.961250 0.075919 1.158750 0.013896 
14.485322 400 0.961250 0.075919 1.158750 0.013896 
14.585867 400 0.961250 0.075919 1.158750 0.013896 
14.686418 400 0.961250 0.075919 1.158750 0.013896 
14.786965 400 0.961250 0.075919 1.158750 0.013896 
14.887509 400 0.961250 0.075919 1.158750 0.013896 
14.988073 400 0.961250 0.076880 1.158750 0.013896 
15.088638 400 0.961250 0.076880 1.158750 0.013896 
15.189222 400 0.961250 0.075919 1.158750 0.013896 
15.289877 400 0.961250 0.075919 1.158750 0.013896 
15.390445 400 0.961250 0.075919 1.158750 0.013896 
15.491023 400 0.961250 0.075919 1.158750 0.013896 
15.591611 400 0.961250 0.075919 1.158750 0.013896 
15.692183 400 0.961250 0.075919 1.158750 0.013896 
15.792738 400 0.961250 0.076880 1.158750 0.013896 
15.893307 400 0.961250 0.076880 1.158750 0.013896 
15.993871 400 0.961250 0.075919 1.158750 0.013896 
16.094419 400 0.961250 0.075919 1.158750 0.013896 
16.195005 400 0.961250 0.075919 1.158750 0.013896 
16.295598 400 0.961250 0.075919 1.158750 0.013896 
16.396307 400 0.961250 0.075919 1.158750 0.013896 
16.496936 400 0.961250 0.075919 1.158750 0.013896 
16.597754 400 0.961250 0.075919 1.158750 0.013896 
16.698342 400 0.961250 0.075919 1.158750 0.013896 
16.798941 400 0.961250 0.074958 1.158750 0.013896 
16.899492 400 0.961250 0.074958 1.158750 0.013896 
17.000119 400 0.961250 0.074958 1.158750 0.013896 
17.100722 400 0.961250 0.076880 1.158750 0.013896 
17.201399 400 0.961250 0.076880 1.158750 0.013896 
17.302023 400 0.961250 0.075919 1.158750 0.013896 
17.402626 400 0.961250 0.075919 1.158750 0.013896 
17.503367 400 0.961250 0.075919 1.158750 0.013896 
17.603989 400 0.961250 0.075919 1.158750 0.013896 
17.704608 400 0.961250 0.075919 1.158750 0.013896 
17.805152 400 0.961250 0.075919 1.158750 0.013896 
17.905694 400 0.961250 0.075919 1.158750 0.013896 
18.006321 400 0.961250 0.075919 1.158750 0.013896 
18.106910 400 0.961250 0.075919 1.158750 0.013896 
18.207517 400 0.961250 0.075919 1.158750 0.013896 
18.308134 400 0.961250 0.075919 1.158750 0.013896 
18.408719 400 0.961250 0.075919 1.158750 0.013896 
18.509287 400 0.961250 0.075919 1.158750 0.013896 
18.609878 400 0.961250 0.074958 1.158750 0.013896 
18.710446 400 0.961250 0.074958 1.158750 0.013896 
18.811047 400 0.961250 0.074958 1.158750 0.013896 
18.911627 400 0.961250 0.075919 1.158750 0.013896 
19.012210 400 0.961250 0.075919 1.158750 0.013896 
19.112768 400 0.961250 0.075919 1.158750 0.013896 
19.213409 400 0.961250 0.074958 1.158750 0.013896 
19.314045 400 0.961250 0.074958 1.158750 0.013896 
19.414998 400 0.961250 0.075919 1.158750 0.013896 
19.515775 400 0.961250 0.075919 1.158750 0.013896 
19.616373 400 0.961250 0.075919 1.158750 0.013896 
19.716961 400 0.961250 0.075919 1.158750 0.013896 
19.817535 400 0.961250 0.075919 1.158750 0.013896 
19.918086 400 0.961250 0.075919 1.158750 0.013896 
20.018731 400 0.961250 0.076880 1.158750 0.013896 
20.119313 400 0.961250 0.076880 1.158750 0.013896 
20.219979 400 0.961250 0.076880 1.158750 0.013896 
20.320555 400 0.961250 0.076880 1.158750 0.013896 
20.421156 400 0.961250 0.076880 1.158750 0.013896 
20.521712 400 0.961250 0.075919 1.158750 0.013896 
20.622257 400 0.961250 0.075919 1.158750 0.013896 
20.722817 400 0.961250 0.076880 1.160000 0.013920 
20.823365 400 0.961250 0.076880 1.160000 0.013920 
20.923913 400 0.961250 0.076880 1.160000 0.013920 
21.024472 400 0.961250 0.076880 1.158750 0.013896 
21.125017 400 0.961250 0.076880 1.158750 0.013896 
21.225623 400 0.961250 0.076880 1.158750 0.013896 
21.326180 400 0.961250 0.076880 1.158750 0.013896 
21.426733 400 0.961250 0.076880 1.158750 0.013896 
21.527278 400 0.961250 0.075919 1.158750 0.013896 
21.627906 400 0.961250 0.075919 1.158750 0.013896 
21.728479 400 0.961250 0.075919 1.158750 0.013896 
21.829023 400 0.961250 0.073036 1.158750 0.013896 
21.929615 400 0.961250 0.073036 1.158750 0.013896 
22.030154 400 0.961250 0.073036 1.158750 0.013896 
22.130698 400 0.961250 0.075919 1.158750 0.013896 
22.231337 400 0.961250 0.075919 1.158750 0.013896 
22.331925 400 0.961250 0.074958 1.158750 0.013896 
22.432554 400 0.961250 0.074958 1.158750 0.013896 
22.533136 400 0.961250 0.074958 1.158750 0.013896 
22.633692 400 0.961250 0.077841 1.158750 0.013896 
22.734274 400 0.961250 0.077841 1.158750 0.013896 
22.834921 400 0.961250 0.075919 1.158750 0.013896 
22.935486 400 0.961250 0.075919 1.158750 0.013896 
23.036050 400 0.961250 0.075919 1.158750 0.013896 
23.136615 400 0.961250 0.075919 1.158750 0.013896 
23.237211 400 0.961250 0.075919 1.158750 0.013896 
23.337779 400 0.961250 0.075919 1.158750 0.013896 
23.438337 400 0.961250 0.075919 1.158750 0.013896 
23.538894 400 0.961250 0.075919 1.158750 0.013896 
23.639490 400 0.961250 0.074958 1.158750 0.013896 
23.740054 400 0.961250 0.074958 1.158750 0.013896 
23.840605 400 0.961250 0.074958 1.158750 0.013896 
23.941151 400 0.961250 0.075919 1.158750 0.013896 
24.041730 400 0.961250 0.075919 1.158750 0.013896 
24.142281 400 0.961250 0.075919 1.158750 0.013896 
24.242914 400 0.961250 0.076880 1.158750 0.013896 
24.343471 400 0.961250 0.076880 1.158750 0.013896 
24.444119 400 0.961250 0.076880 1.158750 0.013896 
24.544799 400 0.961250 0.076880 1.158750 0.013896 
24.645371 400 0.961250 0.076880 1.158750 0.013896 
24.745919 400 0.961250 0.075919 1.158750 0.013896 
24.846508 400 0.961250 0.075919 1.158750 0.013896 
24.947060 400 0.961250 0.075919 1.158750 0.013896 
25.047604 400 0.961250 0.075919 1.158750 0.013896 
25.148156 400 0.961250 0.075919 1.158750 0.013896 
25.248774 400 0.961250 0.075919 1.158750 0.015054 
25.349339 400 0.961250 0.075919 1.158750 0.015054 
25.449935 400 0.961250 0.075919 1.158750 0.015054 
25.550672 400 0.961250 0.075919 1.158750 0.013896 
25.651263 400 0.961250 0.075919 1.158750 0.013896 
25.751814 400 0.961250 0.075919 1.158750 0.013896 
25.852360 400 0.961250 0.075919 1.158750 0.013896 
25.952905 400 0.961250 0.075919 1.158750 0.013896 
26.053512 400 0.961250 0.075919 1.158750 0.013896 
26.154098 400 0.961250 0.075919 1.158750 0.013896 
26.254756 400 0.961250 0.075919 1.158750 0.013896 
26.355330 400 0.961250 0.075919 1.158750 0.013896 
26.455926 400 0.961250 0.075919 1.158750 0.013896 
26.556485 400 0.961250 0.076880 1.158750 0.013896 
26.657031 400 0.961250 0.076880 1.158750 0.013896 
26.757573 400 0.961250 0.076880 1.158750 0.013896 
26.858111 400 0.961250 0.075919 1.158750 0.013896 
26.958657 400 0.961250 0.075919 1.158750 0.013896 
27.059217 400 0.961250 0.075919 1.158750 0.013896 
27.159965 400 0.961250 0.075919 1.158750 0.013896 
27.260623 400 0.961250 0.075919 1.158750 0.013896 
27.361243 400 0.961250 0.075919 1.158750 0.013896 
27.461980 400 0.961250 0.075919 1.158750 0.013896 
27.562723 400 0.961250 0.075919 1.158750 0.013896 
27.663375 400 0.961250 0.075919 1.158750 0.013896 
27.763974 400 0.961250 0.075919 1.158750 0.013896 
27.864728 400 0.961250 0.074958 1.158750 0.013896 
27.965283 400 0.961250 0.074958 1.158750 0.013896 
28.065833 400 0.961250 0.074958 1.158750 0.013896 
28.166439 400 0.961250 0.074958 1.158750 0.013896 
28.267053 400 0.961250 0.074958 1.158750 0.013896 
28.367614 400 0.961250 0.074958 1.158750 0.013896 
28.468218 400 0.961250 0.074958 1.158750 0.013896 
28.568774 400 0.961250 0.074958 1.158750 0.013896 
28.669344 400 0.961250 0.075919 1.158750 0.013896 
28.769941 400 0.961250 0.075919 1.158750 0.013896 
28.870516 400 0.961250 0.075919 1.158750 0.013896 
28.971070 400 0.961250 0.074958 1.158750 0.013896 
29.071648 400 0.961250 0.074958 1.158750 0.013896 
29.172204 400 0.961250 0.075919 1.158750 0.013896 
29.272796 400 0.961250 0.075919 1.158750 0.013896 
29.373380 400 0.961250 0.075919 1.158750 0.013896 
