0.000187 1600 1.200000 0.018000 1.152500 1.314432 
0.100609 1600 1.200000 0.018000 1.152500 1.314432 
0.201038 1600 1.200000 0.018000 1.152500 1.314432 
0.301373 1600 1.200000 0.018000 1.152500 1.317888 
0.401709 1600 1.200000 0.018000 1.152500 1.317888 
0.502029 1600 1.200000 0.018000 1.152500 1.427328 
0.602374 1600 1.200000 0.018000 1.152500 1.427328 
0.702690 1600 1.200000 0.018000 1.152500 1.427328 
0.803022 1600 1.200000 0.018000 1.152500 1.429632 
0.903340 1600 1.200000 0.018000 1.152500 1.429632 
1.003673 1600 1.200000 0.018000 1.153750 1.430873 
1.104081 1600 1.200000 0.018000 1.153750 1.430873 
1.204407 1600 1.200000 0.018000 1.153750 1.430873 
1.304725 1600 1.200000 0.018000 1.153750 1.418190 
1.405061 1600 1.200000 0.018000 1.153750 1.418190 
1.505384 1600 1.200000 0.018000 1.153750 1.418190 
1.605699 1600 1.200000 0.018000 1.152500 1.428480 
1.706015 1600 1.200000 0.018000 1.152500 1.428480 
1.806330 1600 1.200000 0.018000 1.153750 1.429720 
1.906643 1600 1.200000 0.018000 1.153750 1.429720 
2.006955 1600 1.200000 0.018000 1.153750 1.429720 
2.107248 1600 1.200000 0.018000 1.153750 1.429720 
2.207571 1600 1.200000 0.018000 1.153750 1.429720 
2.307889 1600 1.200000 0.018000 1.153750 1.429720 
2.408208 1600 1.200000 0.018000 1.152500 1.428480 
2.508526 1600 1.200000 0.018000 1.152500 1.428480 
2.608850 1600 1.200000 0.018000 1.153750 1.430873 
2.709173 1600 1.200000 0.018000 1.153750 1.430873 
2.809490 1600 1.200000 0.018000 1.153750 1.430873 
2.909805 1600 1.200000 0.018000 1.152500 1.429632 
3.010128 1600 1.200000 0.018000 1.152500 1.429632 
3.110530 1600 1.200000 0.018000 1.152500 1.429632 
3.210860 1600 1.200000 0.018000 1.153750 1.423955 
3.311181 1600 1.200000 0.018000 1.153750 1.423955 
3.411513 1600 1.200000 0.018000 1.152500 1.429632 
3.511847 1600 1.200000 0.018000 1.152500 1.429632 
3.612181 1600 1.200000 0.018000 1.152500 1.429632 
3.712524 1600 1.200000 0.018000 1.152500 1.427328 
3.812852 1600 1.200000 0.018000 1.152500 1.427328 
3.913166 1600 1.200000 0.018000 1.152500 1.429632 
4.013481 1600 1.200000 0.018000 1.152500 1.429632 
4.113799 1600 1.200000 0.018000 1.152500 1.429632 
4.214114 1600 1.200000 0.018000 1.152500 1.426176 
4.314428 1600 1.200000 0.018000 1.152500 1.426176 
4.414752 1600 1.200000 0.018000 1.152500 1.426176 
4.515067 1600 1.200000 0.018000 1.152500 1.428480 
4.615387 1600 1.200000 0.018000 1.152500 1.428480 
4.715702 1600 1.200000 0.018000 1.152500 1.427328 
4.816022 1600 1.200000 0.018000 1.152500 1.427328 
4.916345 1600 1.200000 0.018000 1.152500 1.427328 
5.016663 1600 1.200000 0.018000 1.152500 1.427328 
5.116983 1600 1.200000 0.018000 1.152500 1.427328 
5.217329 1600 1.200000 0.018000 1.152500 1.427328 
5.317653 1600 1.200000 0.018000 1.152500 1.420416 
5.417973 1600 1.200000 0.018000 1.152500 1.420416 
5.518287 1600 1.200000 0.018000 1.152500 1.427328 
5.618601 1600 1.200000 0.018000 1.152500 1.427328 
5.718915 1600 1.200000 0.018000 1.152500 1.427328 
5.819228 1600 1.200000 0.018000 1.152500 1.427328 
5.919548 1600 1.200000 0.018000 1.152500 1.427328 
6.019863 1600 1.200000 0.018000 1.152500 1.427328 
6.120177 1600 1.200000 0.018000 1.152500 1.427328 
6.220491 1600 1.200000 0.018000 1.152500 1.427328 
6.320805 1600 1.200000 0.018000 1.152500 1.428480 
6.421127 1600 1.200000 0.018000 1.152500 1.428480 
6.521444 1600 1.200000 0.018000 1.152500 1.428480 
6.621756 1600 1.200000 0.018000 1.152500 1.430784 
6.722102 1600 1.200000 0.018000 1.152500 1.430784 
6.822493 1600 1.200000 0.018000 1.152500 1.429632 
6.922807 1600 1.200000 0.018000 1.152500 1.429632 
7.023121 1600 1.200000 0.018000 1.152500 1.429632 
7.123438 1600 1.200000 0.018000 1.152500 1.387008 
7.223768 1600 1.200000 0.018000 1.152500 1.387008 
7.324085 1600 1.200000 0.018000 1.152500 1.387008 
7.424408 1600 1.200000 0.018000 1.152500 1.428480 
7.524728 1600 1.200000 0.018000 1.152500 1.428480 
7.625061 1600 1.200000 0.018000 1.152500 1.423872 
7.725376 1600 1.200000 0.018000 1.152500 1.423872 
7.825695 1600 1.200000 0.018000 1.152500 1.423872 
7.926018 1600 1.200000 0.018000 1.152500 1.428480 
8.026335 1600 1.200000 0.018000 1.152500 1.428480 
8.126922 1600 1.200000 0.018000 1.153750 1.434332 
8.227247 1600 1.200000 0.018000 1.153750 1.434332 
8.327562 1600 1.200000 0.018000 1.153750 1.434332 
8.427884 1600 1.200000 0.018000 1.153750 1.428567 
8.528199 1600 1.200000 0.018000 1.153750 1.428567 
8.628513 1600 1.200000 0.018000 1.153750 1.428567 
8.728825 1600 1.200000 0.018000 1.152500 1.433088 
8.829145 1600 1.200000 0.018000 1.152500 1.433088 
8.929458 1600 1.200000 0.018000 1.152500 1.426176 
9.029773 1600 1.200000 0.018000 1.152500 1.426176 
9.130091 1600 1.200000 0.018000 1.152500 1.426176 
9.230490 1600 1.200000 0.018000 1.152500 1.428480 
9.330818 1600 1.200000 0.018000 1.152500 1.428480 
9.431148 1600 1.200000 0.018000 1.152500 1.428480 
9.531466 1600 1.200000 0.018000 1.152500 1.420416 
9.631780 1600 1.200000 0.018000 1.152500 1.420416 
9.732093 1600 1.200000 0.018000 1.152500 1.421568 
9.832444 1600 1.200000 0.018000 1.152500 1.421568 
9.932763 1600 1.200000 0.018000 1.152500 1.421568 
10.033087 1600 1.200000 0.018000 1.152500 1.422720 
10.133406 1600 1.200000 0.018000 1.152500 1.422720 
10.233721 1600 1.200000 0.018000 1.152500 1.422720 
10.334038 1600 1.200000 0.018000 1.152500 1.423872 
10.434369 1600 1.200000 0.018000 1.152500 1.423872 
10.534691 1600 1.200000 0.018000 1.152500 1.429632 
10.635006 1600 1.200000 0.018000 1.152500 1.429632 
10.735319 1600 1.200000 0.018000 1.152500 1.429632 
10.835642 1600 1.200000 0.018000 1.152500 1.427328 
10.935962 1600 1.200000 0.018000 1.152500 1.427328 
11.036274 1600 1.200000 0.018000 1.153750 1.428567 
11.136592 1600 1.200000 0.018000 1.153750 1.428567 
11.236997 1600 1.200000 0.018000 1.153750 1.428567 
