0.000573 350 0.948750 0.066360 1.158750 0.013896 
0.101419 350 0.948750 0.066360 1.158750 0.013896 
0.202176 350 0.948750 0.066360 1.158750 0.013896 
0.302807 350 0.948750 0.064464 1.158750 0.013896 
0.403419 350 0.948750 0.064464 1.158750 0.013896 
0.504107 350 0.948750 0.064464 1.158750 0.013896 
0.604761 350 0.948750 0.064464 1.158750 0.013896 
0.705414 350 0.948750 0.064464 1.158750 0.013896 
0.806703 350 0.948750 0.064464 1.158750 0.013896 
0.907309 350 0.948750 0.064464 1.158750 0.013896 
1.007979 350 0.948750 0.064464 1.158750 0.013896 
1.108774 350 0.948750 0.064464 1.158750 0.013896 
1.209587 350 0.948750 0.064464 1.158750 0.013896 
1.310330 350 0.948750 0.065412 1.158750 0.013896 
1.410992 350 0.948750 0.065412 1.158750 0.013896 
1.511614 350 0.948750 0.065412 1.158750 0.013896 
1.612411 350 0.948750 0.064464 1.158750 0.013896 
1.713184 350 0.948750 0.064464 1.158750 0.013896 
1.813810 350 0.948750 0.064464 1.158750 0.013896 
1.914444 350 0.948750 0.064464 1.158750 0.013896 
2.015143 350 0.948750 0.064464 1.158750 0.013896 
2.115767 350 0.948750 0.065412 1.158750 0.013896 
2.216433 350 0.948750 0.065412 1.158750 0.013896 
2.317045 350 0.948750 0.065412 1.158750 0.013896 
2.417644 350 0.948750 0.064464 1.158750 0.013896 
2.518244 350 0.948750 0.064464 1.158750 0.013896 
2.618878 350 0.948750 0.064464 1.158750 0.013896 
2.719534 350 0.948750 0.064464 1.158750 0.013896 
2.820260 350 0.948750 0.064464 1.158750 0.013896 
2.925483 350 0.948750 0.064464 1.158750 0.013896 
3.026278 350 0.948750 0.064464 1.158750 0.013896 
3.127112 350 0.948750 0.064464 1.158750 0.013896 
3.227912 350 0.948750 0.064464 1.158750 0.013896 
3.328565 350 0.948750 0.064464 1.158750 0.013896 
3.429183 350 0.948750 0.065412 1.158750 0.013896 
3.529788 350 0.948750 0.065412 1.158750 0.013896 
3.630476 350 0.948750 0.065412 1.158750 0.013896 
3.731104 350 0.948750 0.064464 1.158750 0.013896 
3.831712 350 0.948750 0.064464 1.158750 0.013896 
3.932310 350 0.948750 0.064464 1.158750 0.013896 
4.032949 350 0.948750 0.064464 1.158750 0.013896 
4.133572 350 0.948750 0.064464 1.158750 0.013896 
4.234241 350 0.948750 0.064464 1.158750 0.013896 
4.334874 350 0.948750 0.064464 1.158750 0.013896 
4.435554 350 0.948750 0.064464 1.158750 0.013896 
4.536159 350 0.948750 0.064464 1.158750 0.013896 
4.636785 350 0.948750 0.064464 1.158750 0.013896 
4.737391 350 0.948750 0.064464 1.158750 0.013896 
4.837995 350 0.948750 0.064464 1.158750 0.013896 
4.938600 350 0.948750 0.064464 1.158750 0.013896 
5.039264 350 0.948750 0.064464 1.158750 0.013896 
5.139899 350 0.948750 0.064464 1.158750 0.013896 
5.240598 350 0.948750 0.064464 1.158750 0.013896 
5.341229 350 0.948750 0.064464 1.158750 0.013896 
5.441842 350 0.948750 0.064464 1.158750 0.013896 
5.542456 350 0.948750 0.064464 1.158750 0.013896 
5.643107 350 0.948750 0.064464 1.158750 0.013896 
5.743721 350 0.948750 0.064464 1.158750 0.013896 
5.844329 350 0.948750 0.064464 1.158750 0.013896 
5.944949 350 0.948750 0.064464 1.158750 0.013896 
6.045639 350 0.948750 0.064464 1.158750 0.013896 
6.146266 350 0.948750 0.064464 1.158750 0.013896 
6.246927 350 0.948750 0.064464 1.158750 0.013896 
6.347552 350 0.948750 0.064464 1.158750 0.013896 
6.448202 350 0.948750 0.064464 1.158750 0.013896 
6.548813 350 0.948750 0.064464 1.158750 0.013896 
6.649439 350 0.948750 0.064464 1.158750 0.013896 
6.750054 350 0.948750 0.064464 1.158750 0.013896 
6.850657 350 0.948750 0.065412 1.158750 0.013896 
6.951257 350 0.948750 0.065412 1.158750 0.013896 
7.051901 350 0.948750 0.065412 1.158750 0.013896 
7.152551 350 0.948750 0.065412 1.158750 0.013896 
7.253171 350 0.948750 0.065412 1.158750 0.013896 
7.353783 350 0.948750 0.064464 1.158750 0.013896 
7.454392 350 0.948750 0.064464 1.158750 0.013896 
7.555234 350 0.948750 0.064464 1.158750 0.013896 
7.656026 350 0.948750 0.064464 1.158750 0.013896 
7.756790 350 0.948750 0.064464 1.158750 0.013896 
7.857602 350 0.948750 0.064464 1.158750 0.013896 
7.958390 350 0.948750 0.065412 1.158750 0.013896 
8.059162 350 0.948750 0.065412 1.158750 0.013896 
8.159993 350 0.948750 0.065412 1.158750 0.013896 
8.260947 350 0.948750 0.065412 1.158750 0.013896 
8.361671 350 0.948750 0.065412 1.158750 0.013896 
8.462335 350 0.948750 0.065412 1.158750 0.013896 
8.562990 350 0.948750 0.065412 1.158750 0.013896 
8.663624 350 0.948750 0.064464 1.158750 0.013896 
8.764397 350 0.948750 0.064464 1.158750 0.013896 
8.865057 350 0.948750 0.064464 1.158750 0.013896 
8.965778 350 0.948750 0.064464 1.158750 0.013896 
9.066552 350 0.948750 0.064464 1.158750 0.013896 
9.167256 350 0.948750 0.064464 1.158750 0.013896 
9.267918 350 0.948750 0.066360 1.158750 0.013896 
9.368739 350 0.948750 0.066360 1.158750 0.013896 
9.469571 350 0.948750 0.064464 1.158750 0.013896 
9.570302 350 0.948750 0.064464 1.158750 0.013896 
9.670962 350 0.948750 0.064464 1.158750 0.013896 
9.771584 350 0.948750 0.064464 1.158750 0.013896 
9.872222 350 0.948750 0.064464 1.158750 0.013896 
9.972978 350 0.948750 0.064464 1.158750 0.013896 
10.073769 350 0.948750 0.064464 1.158750 0.013896 
10.174568 350 0.948750 0.064464 1.158750 0.013896 
10.275406 350 0.948750 0.065412 1.158750 0.013896 
10.376078 350 0.948750 0.065412 1.158750 0.013896 
10.476709 350 0.948750 0.065412 1.158750 0.013896 
10.577384 350 0.948750 0.064464 1.158750 0.013896 
10.678106 350 0.948750 0.064464 1.158750 0.013896 
10.778821 350 0.948750 0.064464 1.158750 0.013896 
10.879477 350 0.948750 0.064464 1.158750 0.013896 
10.980172 350 0.948750 0.064464 1.158750 0.013896 
11.081127 350 0.948750 0.065412 1.158750 0.013896 
11.181930 350 0.948750 0.065412 1.158750 0.013896 
11.282778 350 0.948750 0.065412 1.158750 0.013896 
11.383638 350 0.948750 0.064464 1.158750 0.013896 
11.484474 350 0.948750 0.064464 1.158750 0.013896 
11.585187 350 0.948750 0.066360 1.158750 0.013896 
11.685862 350 0.948750 0.066360 1.158750 0.013896 
11.786500 350 0.948750 0.066360 1.158750 0.013896 
11.887279 350 0.948750 0.065412 1.158750 0.013896 
11.987998 350 0.948750 0.065412 1.158750 0.013896 
12.088716 350 0.948750 0.065412 1.158750 0.013896 
12.189549 350 0.948750 0.064464 1.158750 0.013896 
12.290455 350 0.948750 0.064464 1.158750 0.013896 
12.391292 350 0.948750 0.064464 1.158750 0.013896 
12.492159 350 0.948750 0.064464 1.158750 0.013896 
12.593004 350 0.948750 0.064464 1.158750 0.013896 
12.693828 350 0.948750 0.065412 1.158750 0.013896 
12.794661 350 0.948750 0.065412 1.158750 0.013896 
12.895501 350 0.948750 0.065412 1.158750 0.013896 
12.996289 350 0.948750 0.065412 1.158750 0.013896 
13.097069 350 0.948750 0.065412 1.158750 0.013896 
13.198695 350 0.948750 0.065412 1.158750 0.013896 
13.299520 350 0.948750 0.065412 1.158750 0.013896 
13.400370 350 0.948750 0.065412 1.158750 0.013896 
13.501064 350 0.948750 0.065412 1.158750 0.013896 
13.601731 350 0.948750 0.065412 1.158750 0.013896 
13.702378 350 0.948750 0.064464 1.158750 0.013896 
13.803031 350 0.948750 0.064464 1.158750 0.013896 
13.903734 350 0.948750 0.064464 1.158750 0.013896 
14.004369 350 0.948750 0.064464 1.158750 0.013896 
14.105040 350 0.948750 0.064464 1.158750 0.013896 
14.205761 350 0.948750 0.064464 1.158750 0.013896 
14.306422 350 0.948750 0.064464 1.158750 0.013896 
14.407052 350 0.948750 0.064464 1.158750 0.013896 
14.507676 350 0.948750 0.065412 1.158750 0.013896 
14.608319 350 0.948750 0.065412 1.158750 0.013896 
14.708942 350 0.948750 0.065412 1.158750 0.013896 
14.809557 350 0.948750 0.064464 1.158750 0.013896 
14.910220 350 0.948750 0.064464 1.158750 0.013896 
15.010832 350 0.948750 0.065412 1.158750 0.013896 
15.111455 350 0.948750 0.065412 1.158750 0.013896 
15.212133 350 0.948750 0.065412 1.158750 0.013896 
15.312765 350 0.948750 0.064464 1.158750 0.013896 
15.413393 350 0.948750 0.064464 1.158750 0.013896 
15.514050 350 0.948750 0.064464 1.158750 0.013896 
15.614685 350 0.948750 0.065412 1.158750 0.013896 
15.715367 350 0.948750 0.065412 1.158750 0.013896 
15.815989 350 0.948750 0.064464 1.158750 0.013896 
15.916611 350 0.948750 0.064464 1.158750 0.013896 
16.017223 350 0.948750 0.064464 1.158750 0.013896 
16.117840 350 0.948750 0.065412 1.158750 0.013896 
16.218497 350 0.948750 0.065412 1.158750 0.013896 
16.319153 350 0.948750 0.064464 1.158750 0.013896 
16.419970 350 0.948750 0.064464 1.158750 0.013896 
16.520733 350 0.948750 0.064464 1.158750 0.013896 
16.621396 350 0.948750 0.064464 1.158750 0.013896 
16.722036 350 0.948750 0.064464 1.158750 0.013896 
16.822657 350 0.948750 0.064464 1.158750 0.013896 
16.923273 350 0.948750 0.064464 1.158750 0.013896 
17.023886 350 0.948750 0.064464 1.158750 0.013896 
17.124505 350 0.948750 0.064464 1.158750 0.013896 
17.225227 350 0.948750 0.064464 1.158750 0.013896 
17.325871 350 0.948750 0.064464 1.158750 0.013896 
17.426558 350 0.948750 0.064464 1.158750 0.013896 
17.527384 350 0.948750 0.064464 1.158750 0.013896 
17.628171 350 0.948750 0.064464 1.158750 0.013896 
17.728839 350 0.948750 0.065412 1.158750 0.013896 
17.829496 350 0.948750 0.065412 1.158750 0.013896 
17.930190 350 0.948750 0.064464 1.158750 0.013896 
18.030822 350 0.948750 0.064464 1.158750 0.013896 
18.131446 350 0.948750 0.064464 1.158750 0.013896 
18.232123 350 0.948750 0.065412 1.158750 0.013896 
18.332763 350 0.948750 0.065412 1.158750 0.013896 
18.433445 350 0.948750 0.064464 1.158750 0.013896 
18.534088 350 0.948750 0.064464 1.158750 0.013896 
18.634740 350 0.948750 0.064464 1.158750 0.013896 
18.735427 350 0.948750 0.064464 1.158750 0.013896 
18.836052 350 0.948750 0.064464 1.158750 0.013896 
18.936680 350 0.948750 0.064464 1.158750 0.013896 
19.037325 350 0.948750 0.064464 1.158750 0.013896 
19.137946 350 0.948750 0.064464 1.158750 0.013896 
19.238612 350 0.948750 0.064464 1.158750 0.013896 
19.339294 350 0.948750 0.064464 1.158750 0.013896 
19.440065 350 0.948750 0.064464 1.158750 0.013896 
19.540915 350 0.948750 0.064464 1.158750 0.013896 
19.641601 350 0.948750 0.064464 1.158750 0.013896 
19.742273 350 0.948750 0.064464 1.158750 0.013896 
19.842910 350 0.948750 0.064464 1.158750 0.013896 
19.943529 350 0.948750 0.064464 1.158750 0.013896 
20.044145 350 0.948750 0.064464 1.158750 0.013896 
20.144772 350 0.948750 0.064464 1.158750 0.013896 
20.245508 350 0.948750 0.064464 1.158750 0.013896 
20.346324 350 0.948750 0.064464 1.158750 0.013896 
20.447033 350 0.948750 0.064464 1.158750 0.013896 
20.547692 350 0.948750 0.064464 1.158750 0.013896 
20.648343 350 0.948750 0.064464 1.158750 0.013896 
20.750130 350 0.948750 0.064464 1.158750 0.013896 
20.850960 350 0.948750 0.064464 1.158750 0.013896 
20.951791 350 0.948750 0.064464 1.158750 0.013896 
21.052605 350 0.948750 0.064464 1.158750 0.013896 
21.153397 350 0.948750 0.065412 1.158750 0.013896 
21.254082 350 0.948750 0.065412 1.158750 0.013896 
21.354727 350 0.948750 0.064464 1.158750 0.013896 
21.455464 350 0.948750 0.064464 1.158750 0.013896 
21.556099 350 0.948750 0.064464 1.158750 0.013896 
21.656908 350 0.948750 0.064464 1.158750 0.013896 
21.757704 350 0.948750 0.064464 1.158750 0.013896 
21.858497 350 0.948750 0.064464 1.158750 0.013896 
21.959270 350 0.948750 0.064464 1.158750 0.013896 
22.059926 350 0.948750 0.064464 1.158750 0.013896 
22.160667 350 0.948750 0.064464 1.158750 0.013896 
22.261335 350 0.948750 0.064464 1.158750 0.013896 
22.361972 350 0.948750 0.064464 1.158750 0.013896 
22.462670 350 0.948750 0.064464 1.158750 0.013896 
22.563309 350 0.948750 0.064464 1.158750 0.013896 
22.663956 350 0.948750 0.064464 1.158750 0.013896 
22.764626 350 0.948750 0.064464 1.158750 0.013896 
22.865305 350 0.948750 0.064464 1.158750 0.013896 
22.965992 350 0.948750 0.064464 1.158750 0.013896 
23.066668 350 0.948750 0.064464 1.158750 0.013896 
23.167428 350 0.948750 0.064464 1.158750 0.013896 
23.268073 350 0.948750 0.064464 1.158750 0.013896 
23.368705 350 0.948750 0.064464 1.158750 0.013896 
23.469322 350 0.948750 0.064464 1.158750 0.013896 
23.569954 350 0.948750 0.064464 1.158750 0.013896 
23.670805 350 0.948750 0.064464 1.158750 0.013896 
23.771893 350 0.948750 0.064464 1.158750 0.013896 
23.872666 350 0.948750 0.064464 1.158750 0.013896 
23.973364 350 0.948750 0.064464 1.158750 0.013896 
24.074026 350 0.948750 0.064464 1.158750 0.013896 
24.174829 350 0.948750 0.064464 1.158750 0.013896 
24.275674 350 0.948750 0.064464 1.158750 0.013896 
24.376347 350 0.948750 0.064464 1.158750 0.013896 
24.477122 350 0.948750 0.064464 1.158750 0.013896 
24.577856 350 0.948750 0.064464 1.158750 0.013896 
24.678664 350 0.948750 0.064464 1.158750 0.013896 
24.779488 350 0.948750 0.064464 1.158750 0.013896 
24.880349 350 0.948750 0.064464 1.158750 0.013896 
24.981174 350 0.948750 0.064464 1.158750 0.013896 
25.081941 350 0.948750 0.064464 1.158750 0.013896 
25.182731 350 0.948750 0.064464 1.158750 0.013896 
25.283580 350 0.948750 0.064464 1.158750 0.013896 
25.384419 350 0.948750 0.064464 1.158750 0.013896 
25.485359 350 0.948750 0.064464 1.158750 0.013896 
25.586216 350 0.948750 0.064464 1.158750 0.013896 
25.687093 350 0.948750 0.064464 1.158750 0.013896 
25.787961 350 0.948750 0.064464 1.158750 0.013896 
25.888835 350 0.948750 0.064464 1.158750 0.013896 
25.989690 350 0.948750 0.064464 1.158750 0.013896 
26.090845 350 0.948750 0.065412 1.158750 0.013896 
26.191674 350 0.948750 0.065412 1.158750 0.013896 
26.292505 350 0.948750 0.065412 1.158750 0.013896 
26.393314 350 0.948750 0.065412 1.158750 0.013896 
26.494888 350 0.948750 0.065412 1.158750 0.013896 
26.595765 350 0.948750 0.065412 1.158750 0.013896 
26.696570 350 0.948750 0.065412 1.158750 0.013896 
26.797353 350 0.948750 0.065412 1.158750 0.013896 
26.898085 350 0.948750 0.065412 1.158750 0.013896 
26.998888 350 0.948750 0.065412 1.158750 0.013896 
27.099686 350 0.948750 0.065412 1.158750 0.013896 
27.200436 350 0.948750 0.064464 1.158750 0.013896 
27.301109 350 0.948750 0.064464 1.158750 0.013896 
27.401982 350 0.948750 0.065412 1.158750 0.013896 
27.502816 350 0.948750 0.065412 1.158750 0.013896 
27.603629 350 0.948750 0.065412 1.158750 0.013896 
27.704281 350 0.948750 0.064464 1.158750 0.013896 
27.804948 350 0.948750 0.064464 1.158750 0.013896 
27.905627 350 0.948750 0.064464 1.158750 0.013896 
28.006245 350 0.948750 0.064464 1.158750 0.013896 
28.106878 350 0.948750 0.064464 1.158750 0.013896 
28.207682 350 0.948750 0.064464 1.158750 0.013896 
28.308465 350 0.948750 0.064464 1.158750 0.013896 
28.409146 350 0.948750 0.064464 1.158750 0.013896 
28.509785 350 0.948750 0.064464 1.158750 0.013896 
28.610656 350 0.948750 0.064464 1.158750 0.013896 
28.711424 350 0.948750 0.064464 1.158750 0.013896 
28.812247 350 0.948750 0.064464 1.158750 0.013896 
28.913083 350 0.948750 0.064464 1.158750 0.013896 
29.013950 350 0.948750 0.065412 1.158750 0.013896 
29.115478 350 0.948750 0.065412 1.158750 0.013896 
29.216317 350 0.948750 0.065412 1.158750 0.013896 
29.317165 350 0.948750 0.064464 1.158750 0.013896 
29.418015 350 0.948750 0.064464 1.158750 0.013896 
29.518851 350 0.948750 0.065412 1.158750 0.013896 
29.619992 350 0.948750 0.065412 1.158750 0.013896 
29.721048 350 0.948750 0.065412 1.158750 0.013896 
29.821883 350 0.948750 0.064464 1.158750 0.013896 
29.922720 350 0.948750 0.064464 1.158750 0.013896 
30.023837 350 0.948750 0.064464 1.158750 0.013896 
30.124670 350 0.948750 0.064464 1.158750 0.013896 
30.230189 350 0.948750 0.064464 1.158750 0.013896 
30.331022 350 0.948750 0.063516 1.158750 0.013896 
30.431838 350 0.948750 0.063516 1.158750 0.013896 
30.532659 350 0.948750 0.063516 1.158750 0.013896 
30.633521 350 0.948750 0.062568 1.158750 0.013896 
30.734350 350 0.948750 0.062568 1.158750 0.013896 
30.835252 350 0.948750 0.064464 1.158750 0.013896 
30.936109 350 0.948750 0.064464 1.158750 0.013896 
31.037025 350 0.948750 0.064464 1.158750 0.013896 
31.137866 350 0.948750 0.065412 1.158750 0.013896 
31.238695 350 0.948750 0.065412 1.158750 0.013896 
31.339425 350 0.948750 0.065412 1.158750 0.013896 
31.440370 350 0.948750 0.065412 1.158750 0.013896 
31.541200 350 0.948750 0.065412 1.158750 0.013896 
31.642030 350 0.948750 0.064464 1.158750 0.013896 
31.742862 350 0.948750 0.064464 1.158750 0.013896 
31.843686 350 0.948750 0.064464 1.158750 0.013896 
31.944507 350 0.948750 0.064464 1.158750 0.013896 
32.045395 350 0.948750 0.064464 1.158750 0.013896 
32.146211 350 0.948750 0.064464 1.158750 0.013896 
32.246942 350 0.948750 0.064464 1.158750 0.013896 
32.347993 350 0.948750 0.064464 1.158750 0.013896 
32.448820 350 0.948750 0.065412 1.158750 0.013896 
32.549547 350 0.948750 0.065412 1.158750 0.013896 
32.650559 350 0.948750 0.065412 1.158750 0.013896 
32.751360 350 0.948750 0.065412 1.158750 0.013896 
32.852169 350 0.948750 0.065412 1.158750 0.013896 
32.952947 350 0.948750 0.064464 1.158750 0.013896 
33.053645 350 0.948750 0.064464 1.158750 0.013896 
33.154385 350 0.948750 0.064464 1.158750 0.013896 
33.255277 350 0.948750 0.064464 1.158750 0.013896 
33.355959 350 0.948750 0.064464 1.158750 0.013896 
33.456596 350 0.948750 0.064464 1.158750 0.013896 
33.557226 350 0.948750 0.064464 1.158750 0.013896 
33.658026 350 0.948750 0.064464 1.158750 0.013896 
33.758838 350 0.948750 0.065412 1.158750 0.013896 
33.859507 350 0.948750 0.065412 1.158750 0.013896 
33.960443 350 0.948750 0.065412 1.158750 0.013896 
34.061895 350 0.948750 0.063516 1.158750 0.013896 
34.162728 350 0.948750 0.063516 1.158750 0.013896 
34.263575 350 0.948750 0.064464 1.158750 0.013896 
34.364405 350 0.948750 0.064464 1.158750 0.013896 
34.465285 350 0.948750 0.064464 1.158750 0.013896 
34.566052 350 0.948750 0.063516 1.158750 0.013896 
34.666778 350 0.948750 0.063516 1.158750 0.013896 
34.767874 350 0.948750 0.063516 1.158750 0.013896 
34.868688 350 0.948750 0.063516 1.158750 0.013896 
34.969343 350 0.948750 0.063516 1.158750 0.013896 
35.074618 350 0.948750 0.065412 1.158750 0.013896 
35.175510 350 0.948750 0.065412 1.158750 0.013896 
35.276343 350 0.948750 0.065412 1.158750 0.013896 
35.377146 350 0.948750 0.065412 1.158750 0.013896 
35.477810 350 0.948750 0.065412 1.158750 0.013896 
35.578588 350 0.948750 0.065412 1.158750 0.013896 
35.680274 350 0.948750 0.065412 1.158750 0.013896 
35.781672 350 0.948750 0.065412 1.158750 0.013896 
35.882511 350 0.948750 0.065412 1.158750 0.013896 
35.983350 350 0.948750 0.065412 1.158750 0.013896 
36.084174 350 0.948750 0.065412 1.158750 0.013896 
36.184978 350 0.948750 0.064464 1.158750 0.013896 
36.285868 350 0.948750 0.064464 1.158750 0.013896 
36.386741 350 0.948750 0.064464 1.158750 0.013896 
36.488137 350 0.948750 0.064464 1.158750 0.013896 
36.588961 350 0.948750 0.064464 1.158750 0.013896 
36.689723 350 0.948750 0.064464 1.158750 0.013896 
36.790652 350 0.948750 0.064464 1.158750 0.013896 
36.891523 350 0.948750 0.064464 1.158750 0.013896 
36.992382 350 0.948750 0.064464 1.158750 0.013896 
37.093246 350 0.948750 0.064464 1.158750 0.013896 
37.194116 350 0.948750 0.064464 1.158750 0.013896 
37.294962 350 0.948750 0.064464 1.158750 0.013896 
37.396015 350 0.948750 0.064464 1.158750 0.013896 
37.496828 350 0.948750 0.065412 1.158750 0.013896 
37.597651 350 0.948750 0.065412 1.158750 0.013896 
37.698480 350 0.948750 0.065412 1.158750 0.013896 
37.799309 350 0.948750 0.065412 1.158750 0.013896 
37.900166 350 0.948750 0.065412 1.158750 0.013896 
38.000817 350 0.948750 0.065412 1.158750 0.013896 
38.101568 350 0.948750 0.065412 1.158750 0.013896 
38.202371 350 0.948750 0.065412 1.158750 0.013896 
38.303390 350 0.948750 0.064464 1.158750 0.013896 
38.404236 350 0.948750 0.064464 1.158750 0.013896 
38.505084 350 0.948750 0.065412 1.158750 0.013896 
38.605951 350 0.948750 0.065412 1.158750 0.013896 
38.706730 350 0.948750 0.065412 1.158750 0.013896 
38.807530 350 0.948750 0.064464 1.160000 0.013920 
38.908345 350 0.948750 0.064464 1.160000 0.013920 
39.009103 350 0.948750 0.065412 1.158750 0.013896 
39.110206 350 0.948750 0.065412 1.158750 0.013896 
39.211019 350 0.948750 0.065412 1.158750 0.013896 
39.311680 350 0.948750 0.064464 1.158750 0.013896 
39.412307 350 0.948750 0.064464 1.158750 0.013896 
39.512923 350 0.948750 0.064464 1.158750 0.013896 
39.613740 350 0.948750 0.064464 1.158750 0.013896 
39.714793 350 0.948750 0.064464 1.158750 0.013896 
39.815693 350 0.950000 0.038950 1.158750 0.013896 
39.916535 350 0.950000 0.038950 1.158750 0.013896 
40.017432 350 0.950000 0.038950 1.158750 0.013896 
40.118332 350 0.951250 0.010461 1.158750 0.013896 
40.219229 350 0.951250 0.010461 1.158750 0.013896 
40.320127 350 0.951250 0.010461 1.158750 0.013896 
40.420970 350 0.951250 0.011412 1.158750 0.013896 
40.522234 350 0.951250 0.011412 1.158750 0.013896 
40.623073 350 0.951250 0.014265 1.158750 0.013896 
40.724072 350 0.951250 0.014265 1.158750 0.013896 
40.824922 350 0.951250 0.014265 1.158750 0.013896 
40.925836 350 0.948750 0.061620 1.158750 0.013896 
41.026778 350 0.948750 0.061620 1.158750 0.013896 
41.127614 350 0.950000 0.043700 1.158750 0.013896 
41.234811 350 0.950000 0.043700 1.158750 0.013896 
41.335749 350 0.950000 0.043700 1.158750 0.013896 
41.436636 350 0.948750 0.058776 1.158750 0.013896 
41.537511 350 0.948750 0.058776 1.158750 0.013896 
41.638384 350 0.948750 0.058776 1.158750 0.013896 
41.739242 350 0.948750 0.062568 1.158750 0.013896 
41.840489 350 0.948750 0.062568 1.158750 0.013896 
41.941322 350 0.948750 0.063516 1.158750 0.013896 
42.042361 350 0.948750 0.063516 1.158750 0.013896 
42.143231 350 0.948750 0.063516 1.158750 0.013896 
42.244081 350 0.948750 0.063516 1.158750 0.013896 
42.344943 350 0.948750 0.063516 1.158750 0.013896 
42.445888 350 0.948750 0.063516 1.158750 0.013896 
42.546739 350 0.948750 0.063516 1.158750 0.013896 
42.647598 350 0.948750 0.063516 1.158750 0.013896 
42.748474 350 0.948750 0.063516 1.158750 0.013896 
42.849352 350 0.948750 0.063516 1.158750 0.013896 
42.950550 350 0.948750 0.063516 1.158750 0.013896 
43.051431 350 0.948750 0.064464 1.158750 0.013896 
43.152465 350 0.948750 0.064464 1.158750 0.013896 
43.253332 350 0.948750 0.063516 1.158750 0.013896 
43.354227 350 0.948750 0.063516 1.158750 0.013896 
43.455273 350 0.948750 0.063516 1.158750 0.013896 
43.556170 350 0.948750 0.060672 1.158750 0.013896 
43.660105 350 0.948750 0.060672 1.158750 0.013896 
43.760939 350 0.950000 0.047500 1.158750 0.013896 
43.861828 350 0.950000 0.047500 1.158750 0.013896 
43.962712 350 0.950000 0.047500 1.158750 0.013896 
