0.000169 1600 1.200000 0.019200 1.156250 1.811452 
0.100576 1600 1.200000 0.019200 1.156250 1.816076 
0.200964 1600 1.200000 0.019200 1.156250 1.816076 
0.301357 1600 1.200000 0.019200 1.156250 1.816076 
0.401801 1600 1.200000 0.018000 1.153750 1.498900 
0.502168 1600 1.200000 0.018000 1.153750 1.498900 
0.602542 1600 1.200000 0.019200 1.155000 1.695540 
0.702892 1600 1.200000 0.019200 1.155000 1.695540 
0.803238 1600 1.200000 0.019200 1.155000 1.695540 
0.903597 1600 1.200000 0.019200 1.156250 1.814920 
1.004033 1600 1.200000 0.019200 1.156250 1.814920 
1.104482 1600 1.200000 0.019200 1.155000 1.748670 
1.204841 1600 1.200000 0.019200 1.155000 1.748670 
1.305198 1600 1.200000 0.019200 1.155000 1.748670 
1.405540 1600 1.200000 0.019200 1.156250 1.801048 
1.505881 1600 1.200000 0.019200 1.156250 1.801048 
