0.000231 1100 1.200000 0.018000 0.988750 0.855608 
0.100769 1100 1.200000 0.018000 0.988750 0.866476 
0.201263 1100 1.200000 0.018000 0.988750 0.866476 
0.301759 1100 1.200000 0.018000 0.990000 0.732600 
0.402294 1100 1.200000 0.018000 0.990000 0.732600 
0.502835 1100 1.200000 0.018000 0.990000 0.732600 
0.603293 1100 1.200000 0.018000 0.990000 0.739530 
0.703759 1100 1.200000 0.018000 0.990000 0.739530 
0.804233 1100 1.200000 0.018000 0.990000 0.739530 
0.904694 1100 1.200000 0.018000 0.990000 0.872190 
1.005250 1100 1.200000 0.018000 0.990000 0.872190 
1.105802 1100 1.200000 0.018000 0.990000 0.823680 
1.206281 1100 1.200000 0.018000 0.990000 0.823680 
1.306736 1100 1.200000 0.018000 0.990000 0.823680 
1.407175 1100 1.200000 0.018000 0.990000 0.866250 
1.507631 1100 1.200000 0.018000 0.990000 0.866250 
1.608078 1100 1.200000 0.018000 0.990000 0.866250 
1.708516 1100 1.200000 0.018000 0.990000 0.872190 
1.808976 1100 1.200000 0.018000 0.990000 0.872190 
1.909415 1100 1.200000 0.018000 0.988750 0.868452 
2.009862 1100 1.200000 0.018000 0.988750 0.868452 
2.110301 1100 1.200000 0.018000 0.988750 0.868452 
2.210734 1100 1.200000 0.018000 0.988750 0.863512 
2.311219 1100 1.200000 0.018000 0.988750 0.863512 
2.411670 1100 1.200000 0.018000 0.990000 0.871200 
2.512109 1100 1.200000 0.018000 0.990000 0.871200 
2.612600 1100 1.200000 0.018000 0.990000 0.871200 
2.713037 1100 1.200000 0.018000 0.988750 0.868452 
