0.000310 600 1.198750 0.160532 1.158750 0.013896 
0.100882 600 1.198750 0.160532 1.158750 0.013896 
0.201442 600 1.198750 0.160532 1.158750 0.013896 
0.301981 600 1.198750 0.177304 1.158750 0.013896 
0.402526 600 1.198750 0.177304 1.158750 0.013896 
0.503064 600 1.198750 0.183294 1.158750 0.013896 
0.603672 600 1.198750 0.183294 1.158750 0.013896 
0.704293 600 1.198750 0.183294 1.158750 0.013896 
0.804888 600 1.198750 0.164126 1.158750 0.013896 
0.905480 600 1.198750 0.164126 1.158750 0.013896 
1.006102 600 1.198750 0.164126 1.158750 0.013896 
1.106709 600 1.198750 0.154542 1.158750 0.015054 
1.207304 600 1.198750 0.154542 1.158750 0.015054 
1.307892 600 1.198750 0.144958 1.158750 0.015054 
1.408521 600 1.198750 0.144958 1.158750 0.015054 
1.509111 600 1.198750 0.144958 1.158750 0.015054 
1.609695 600 1.198750 0.144958 1.158750 0.013896 
1.710281 600 1.198750 0.144958 1.158750 0.013896 
1.810862 600 1.198750 0.144958 1.158750 0.013896 
1.911454 600 1.198750 0.144958 1.158750 0.013896 
2.012052 600 1.198750 0.144958 1.158750 0.013896 
2.112646 600 1.198750 0.144958 1.158750 0.013896 
2.213206 600 1.198750 0.144958 1.158750 0.013896 
2.313797 600 1.198750 0.144958 1.158750 0.013896 
2.414381 600 1.198750 0.144958 1.158750 0.013896 
2.514997 600 1.198750 0.144958 1.158750 0.013896 
2.615582 600 1.198750 0.144958 1.158750 0.015054 
2.716167 600 1.198750 0.144958 1.158750 0.015054 
2.816782 600 1.198750 0.144958 1.158750 0.015054 
2.917419 600 1.198750 0.144958 1.158750 0.013896 
3.018029 600 1.198750 0.144958 1.158750 0.013896 
3.118689 600 1.198750 0.144958 1.158750 0.013896 
3.219289 600 1.198750 0.149750 1.158750 0.013896 
3.319878 600 1.198750 0.149750 1.158750 0.013896 
3.420464 600 1.198750 0.146156 1.158750 0.015054 
3.521051 600 1.198750 0.146156 1.158750 0.015054 
3.621638 600 1.198750 0.146156 1.158750 0.015054 
3.722219 600 1.198750 0.144958 1.158750 0.013896 
3.822809 600 1.198750 0.144958 1.158750 0.013896 
3.923448 600 1.198750 0.144958 1.158750 0.015054 
4.024039 600 1.198750 0.144958 1.158750 0.015054 
4.124617 600 1.198750 0.144958 1.158750 0.015054 
4.225212 600 1.198750 0.144958 1.158750 0.013896 
4.325781 600 1.198750 0.144958 1.158750 0.013896 
4.426367 600 1.198750 0.144958 1.158750 0.013896 
4.526956 600 1.198750 0.144958 1.158750 0.013896 
4.627551 600 1.198750 0.144958 1.158750 0.013896 
4.728135 600 1.198750 0.144958 1.158750 0.015054 
4.828759 600 1.198750 0.144958 1.158750 0.015054 
4.929343 600 1.198750 0.144958 1.158750 0.015054 
5.029920 600 1.198750 0.144958 1.158750 0.013896 
5.130498 600 1.198750 0.144958 1.158750 0.013896 
5.231085 600 1.198750 0.144958 1.158750 0.013896 
5.331653 600 1.198750 0.144958 1.158750 0.015054 
5.432231 600 1.198750 0.144958 1.158750 0.015054 
5.532813 600 1.198750 0.144958 1.158750 0.013896 
5.633453 600 1.198750 0.144958 1.158750 0.013896 
5.734038 600 1.198750 0.144958 1.158750 0.013896 
5.834619 600 1.198750 0.144958 1.158750 0.013896 
5.935207 600 1.198750 0.144958 1.158750 0.013896 
6.035784 600 1.198750 0.144958 1.158750 0.013896 
6.136361 600 1.198750 0.144958 1.158750 0.013896 
6.236959 600 1.198750 0.144958 1.158750 0.013896 
6.337539 600 1.198750 0.144958 1.158750 0.013896 
6.438123 600 1.198750 0.144958 1.158750 0.013896 
6.538740 600 1.198750 0.144958 1.158750 0.013896 
6.639326 600 1.198750 0.144958 1.158750 0.015054 
6.739912 600 1.198750 0.144958 1.158750 0.015054 
6.840503 600 1.198750 0.144958 1.158750 0.013896 
6.941116 600 1.198750 0.144958 1.158750 0.013896 
7.041729 600 1.198750 0.144958 1.158750 0.013896 
7.142358 600 1.198750 0.141364 1.158750 0.013896 
7.242991 600 1.198750 0.141364 1.158750 0.013896 
7.343590 600 1.198750 0.141364 1.158750 0.013896 
7.444189 600 1.198750 0.141364 1.158750 0.013896 
7.544813 600 1.198750 0.141364 1.158750 0.013896 
