0.000201 1300 1.200000 0.018000 1.051250 1.167661 
0.100676 1300 1.200000 0.018000 1.051250 1.167661 
0.201113 1300 1.200000 0.018000 1.051250 1.049949 
0.301555 1300 1.200000 0.018000 1.051250 1.049949 
0.401999 1300 1.200000 0.018000 1.051250 0.991093 
0.502484 1300 1.200000 0.018000 1.051250 0.991093 
0.602899 1300 1.200000 0.018000 1.051250 0.991093 
0.703290 1300 1.200000 0.018000 1.051250 1.140335 
0.803678 1300 1.200000 0.018000 1.051250 1.140335 
0.904072 1300 1.200000 0.018000 1.052500 1.174032 
1.004534 1300 1.200000 0.018000 1.052500 1.174032 
1.105028 1300 1.200000 0.018000 1.052500 1.174032 
1.205433 1300 1.200000 0.018000 1.051250 1.119315 
1.305831 1300 1.200000 0.018000 1.051250 1.119315 
1.406267 1300 1.200000 0.018000 1.051250 1.119315 
1.506675 1300 1.200000 0.018000 1.052500 1.175084 
1.607070 1300 1.200000 0.018000 1.052500 1.175084 
1.707457 1300 1.200000 0.018000 1.051250 1.171865 
1.807854 1300 1.200000 0.018000 1.051250 1.171865 
1.908250 1300 1.200000 0.018000 1.051250 1.171865 
2.008634 1300 1.200000 0.018000 1.052500 1.166668 
2.109039 1300 1.200000 0.018000 1.052500 1.166668 
2.209424 1300 1.200000 0.018000 1.052500 1.166668 
