0.000504 300 0.950000 0.050350 1.158750 0.013896 
0.101472 300 0.950000 0.050350 1.158750 0.013896 
0.202344 300 0.948750 0.056880 1.158750 0.013896 
0.303197 300 0.948750 0.056880 1.158750 0.013896 
0.404069 300 0.948750 0.056880 1.158750 0.013896 
0.504895 300 0.948750 0.056880 1.158750 0.013896 
0.613620 300 0.948750 0.056880 1.158750 0.013896 
0.714542 300 0.948750 0.056880 1.158750 0.013896 
0.815466 300 0.948750 0.056880 1.158750 0.013896 
0.916391 300 0.948750 0.056880 1.158750 0.013896 
1.017306 300 0.948750 0.056880 1.158750 0.013896 
1.118114 300 0.948750 0.056880 1.158750 0.013896 
1.219010 300 0.948750 0.057828 1.158750 0.013896 
1.319949 300 0.948750 0.057828 1.158750 0.013896 
1.420912 300 0.948750 0.057828 1.158750 0.013896 
1.521862 300 0.948750 0.054984 1.158750 0.013896 
1.622787 300 0.948750 0.054984 1.158750 0.013896 
1.723780 300 0.950000 0.045600 1.158750 0.013896 
1.824690 300 0.950000 0.045600 1.158750 0.013896 
1.925601 300 0.950000 0.045600 1.158750 0.013896 
2.026510 300 0.950000 0.045600 1.158750 0.013896 
2.127434 300 0.950000 0.045600 1.158750 0.013896 
2.228343 300 0.950000 0.045600 1.158750 0.013896 
2.329330 300 0.950000 0.045600 1.158750 0.013896 
2.430258 300 0.950000 0.045600 1.158750 0.013896 
2.531179 300 0.950000 0.045600 1.158750 0.013896 
2.632132 300 0.950000 0.045600 1.158750 0.013896 
2.733070 300 0.950000 0.045600 1.158750 0.013896 
2.834061 300 0.948750 0.047400 1.158750 0.013896 
2.935005 300 0.948750 0.047400 1.158750 0.013896 
3.035932 300 0.948750 0.050244 1.158750 0.013896 
3.136902 300 0.948750 0.050244 1.158750 0.013896 
3.237827 300 0.948750 0.050244 1.158750 0.013896 
3.338846 300 0.948750 0.045504 1.158750 0.013896 
3.439761 300 0.948750 0.045504 1.158750 0.013896 
3.540668 300 0.948750 0.045504 1.158750 0.013896 
3.641596 300 0.948750 0.045504 1.158750 0.013896 
3.742539 300 0.948750 0.045504 1.158750 0.013896 
3.843449 300 0.950000 0.045600 1.158750 0.013896 
3.944429 300 0.950000 0.045600 1.158750 0.013896 
4.045341 300 0.950000 0.045600 1.158750 0.013896 
4.146246 300 0.950000 0.045600 1.158750 0.013896 
4.247167 300 0.950000 0.045600 1.158750 0.013896 
4.348132 300 0.948750 0.045504 1.158750 0.013896 
4.449100 300 0.948750 0.045504 1.158750 0.013896 
4.550014 300 0.948750 0.045504 1.158750 0.013896 
4.650931 300 0.948750 0.045504 1.158750 0.013896 
4.751846 300 0.948750 0.045504 1.158750 0.013896 
4.852756 300 0.948750 0.045504 1.158750 0.013896 
4.953754 300 0.950000 0.046550 1.158750 0.013896 
5.054666 300 0.950000 0.046550 1.158750 0.013896 
5.155575 300 0.950000 0.045600 1.158750 0.013896 
5.256506 300 0.950000 0.045600 1.158750 0.013896 
5.357432 300 0.950000 0.045600 1.158750 0.013896 
5.458347 300 0.948750 0.046452 1.158750 0.013896 
5.559331 300 0.948750 0.046452 1.158750 0.013896 
5.660237 300 0.948750 0.045504 1.158750 0.013896 
5.761152 300 0.948750 0.045504 1.158750 0.013896 
5.862056 300 0.948750 0.045504 1.158750 0.013896 
5.962975 300 0.948750 0.045504 1.158750 0.013896 
6.063962 300 0.948750 0.045504 1.158750 0.013896 
6.164873 300 0.948750 0.045504 1.158750 0.013896 
6.265806 300 0.950000 0.045600 1.158750 0.013896 
6.366740 300 0.950000 0.045600 1.158750 0.013896 
6.467670 300 0.950000 0.045600 1.158750 0.013896 
6.568597 300 0.950000 0.045600 1.158750 0.013896 
6.669514 300 0.950000 0.045600 1.158750 0.013896 
6.770427 300 0.948750 0.045504 1.158750 0.013896 
6.871338 300 0.948750 0.045504 1.158750 0.013896 
6.972252 300 0.950000 0.045600 1.158750 0.013896 
7.073172 300 0.950000 0.045600 1.158750 0.013896 
7.174150 300 0.950000 0.045600 1.158750 0.013896 
7.275070 300 0.950000 0.045600 1.158750 0.013896 
7.376018 300 0.950000 0.045600 1.158750 0.013896 
7.476874 300 0.950000 0.045600 1.158750 0.013896 
7.577819 300 0.950000 0.046550 1.158750 0.013896 
7.678822 300 0.950000 0.046550 1.158750 0.013896 
7.779733 300 0.950000 0.045600 1.158750 0.013896 
7.880656 300 0.950000 0.045600 1.158750 0.013896 
7.981577 300 0.950000 0.045600 1.158750 0.013896 
8.082493 300 0.948750 0.045504 1.158750 0.013896 
8.183413 300 0.948750 0.045504 1.158750 0.013896 
8.285156 300 0.950000 0.045600 1.158750 0.013896 
8.386102 300 0.950000 0.045600 1.158750 0.013896 
8.487032 300 0.950000 0.045600 1.158750 0.013896 
8.587953 300 0.948750 0.045504 1.158750 0.013896 
8.688948 300 0.948750 0.045504 1.158750 0.013896 
8.789880 300 0.948750 0.045504 1.158750 0.013896 
8.890805 300 0.948750 0.045504 1.158750 0.013896 
8.991726 300 0.948750 0.045504 1.158750 0.013896 
9.092666 300 0.948750 0.045504 1.158750 0.013896 
9.193597 300 0.948750 0.045504 1.158750 0.013896 
9.294519 300 0.948750 0.045504 1.158750 0.013896 
9.395490 300 0.948750 0.047400 1.158750 0.013896 
9.496503 300 0.948750 0.047400 1.158750 0.013896 
9.597451 300 0.948750 0.047400 1.158750 0.013896 
9.698377 300 0.950000 0.049400 1.158750 0.013896 
9.799363 300 0.950000 0.049400 1.158750 0.013896 
9.900279 300 0.948750 0.045504 1.158750 0.013896 
10.001222 300 0.948750 0.045504 1.158750 0.013896 
10.102152 300 0.948750 0.045504 1.158750 0.013896 
10.203084 300 0.948750 0.045504 1.158750 0.013896 
10.304087 300 0.948750 0.045504 1.158750 0.013896 
10.405018 300 0.950000 0.045600 1.158750 0.013896 
10.505944 300 0.950000 0.045600 1.158750 0.013896 
10.606901 300 0.950000 0.045600 1.158750 0.013896 
10.707835 300 0.950000 0.045600 1.158750 0.013896 
10.808847 300 0.950000 0.045600 1.158750 0.013896 
10.909784 300 0.950000 0.045600 1.158750 0.013896 
11.010724 300 0.950000 0.045600 1.158750 0.013896 
11.111659 300 0.950000 0.045600 1.158750 0.013896 
11.212600 300 0.950000 0.045600 1.158750 0.013896 
11.313589 300 0.950000 0.045600 1.158750 0.013896 
11.414548 300 0.950000 0.045600 1.158750 0.013896 
11.515523 300 0.950000 0.051300 1.158750 0.013896 
11.616522 300 0.950000 0.051300 1.158750 0.013896 
11.717441 300 0.950000 0.045600 1.158750 0.013896 
11.818367 300 0.950000 0.045600 1.158750 0.013896 
11.919357 300 0.950000 0.045600 1.158750 0.013896 
12.020282 300 0.950000 0.045600 1.158750 0.013896 
12.121221 300 0.950000 0.045600 1.158750 0.013896 
12.222149 300 0.950000 0.045600 1.158750 0.013896 
12.323093 300 0.948750 0.045504 1.158750 0.013896 
12.424097 300 0.948750 0.045504 1.158750 0.013896 
12.525025 300 0.950000 0.045600 1.158750 0.013896 
12.625982 300 0.950000 0.045600 1.158750 0.013896 
12.726915 300 0.950000 0.045600 1.158750 0.013896 
12.827852 300 0.948750 0.045504 1.158750 0.013896 
12.928859 300 0.948750 0.045504 1.158750 0.013896 
13.029793 300 0.948750 0.045504 1.158750 0.013896 
13.130717 300 0.950000 0.045600 1.158750 0.013896 
13.231654 300 0.950000 0.045600 1.158750 0.013896 
13.332595 300 0.950000 0.046550 1.158750 0.013896 
13.433579 300 0.950000 0.046550 1.158750 0.013896 
13.534517 300 0.950000 0.046550 1.158750 0.013896 
13.635450 300 0.948750 0.045504 1.158750 0.013896 
13.736389 300 0.948750 0.045504 1.158750 0.013896 
13.837321 300 0.950000 0.045600 1.158750 0.013896 
13.938257 300 0.950000 0.045600 1.158750 0.013896 
14.039258 300 0.950000 0.045600 1.158750 0.013896 
14.140180 300 0.950000 0.045600 1.158750 0.013896 
14.241118 300 0.950000 0.045600 1.158750 0.013896 
14.342066 300 0.950000 0.045600 1.158750 0.013896 
14.443011 300 0.948750 0.045504 1.158750 0.013896 
14.544011 300 0.948750 0.045504 1.158750 0.013896 
14.644936 300 0.948750 0.045504 1.158750 0.013896 
14.745855 300 0.948750 0.045504 1.158750 0.013896 
14.846778 300 0.948750 0.045504 1.158750 0.013896 
14.947708 300 0.948750 0.046452 1.158750 0.013896 
15.048718 300 0.948750 0.046452 1.158750 0.013896 
15.149638 300 0.950000 0.046550 1.158750 0.013896 
15.250535 300 0.950000 0.046550 1.158750 0.013896 
15.351435 300 0.950000 0.046550 1.158750 0.013896 
15.452386 300 0.948750 0.053088 1.158750 0.013896 
15.553589 300 0.948750 0.053088 1.158750 0.013896 
15.654542 300 0.948750 0.053088 1.158750 0.013896 
15.755547 300 0.950000 0.042750 1.158750 0.013896 
