0.000276 900 1.200000 0.018000 0.928750 0.606912 
0.100911 900 1.200000 0.018000 0.928750 0.606912 
0.201482 900 1.200000 0.018000 0.928750 0.606912 
0.302054 900 1.200000 0.018000 0.930000 0.526380 
0.402612 900 1.200000 0.018000 0.930000 0.526380 
0.503177 900 1.200000 0.018000 0.930000 0.538470 
0.603799 900 1.200000 0.018000 0.930000 0.538470 
0.704392 900 1.200000 0.018000 0.930000 0.538470 
0.804955 900 1.200000 0.018000 0.928750 0.604128 
0.905522 900 1.200000 0.018000 0.928750 0.604128 
1.006151 900 1.200000 0.018000 0.928750 0.604128 
1.106791 900 1.200000 0.018000 0.928750 0.592064 
1.207355 900 1.200000 0.018000 0.928750 0.592064 
1.307907 900 1.200000 0.018000 0.928750 0.623616 
1.408445 900 1.200000 0.018000 0.928750 0.623616 
1.508998 900 1.200000 0.018000 0.928750 0.623616 
1.609523 900 1.200000 0.018000 0.927500 0.622944 
1.710111 900 1.200000 0.018000 0.927500 0.622944 
1.810630 900 1.200000 0.018000 0.927500 0.622944 
1.911211 900 1.200000 0.018000 0.928750 0.626400 
2.011738 900 1.200000 0.018000 0.928750 0.626400 
2.112266 900 1.200000 0.018000 0.927500 0.622944 
2.212796 900 1.200000 0.018000 0.927500 0.622944 
2.313322 900 1.200000 0.018000 0.927500 0.622944 
2.413840 900 1.200000 0.018000 0.928750 0.623616 
2.514364 900 1.200000 0.018000 0.928750 0.623616 
2.614904 900 1.200000 0.018000 0.928750 0.624544 
2.715480 900 1.200000 0.018000 0.928750 0.624544 
2.815999 900 1.200000 0.018000 0.928750 0.624544 
2.916650 900 1.200000 0.018000 0.928750 0.624544 
3.017291 900 1.200000 0.018000 0.928750 0.624544 
3.117925 900 1.200000 0.018000 0.928750 0.624544 
3.218488 900 1.200000 0.018000 0.928750 0.614336 
3.319030 900 1.200000 0.018000 0.928750 0.614336 
