0.000407 400 0.961250 0.060543 1.158750 0.013896 
0.101173 400 0.961250 0.070153 1.158750 0.013896 
0.201886 400 0.961250 0.070153 1.158750 0.013896 
0.302548 400 0.961250 0.070153 1.158750 0.013896 
0.403225 400 0.961250 0.073036 1.158750 0.013896 
0.503922 400 0.961250 0.073036 1.158750 0.013896 
0.604603 400 0.961250 0.074958 1.158750 0.013896 
0.707786 400 0.961250 0.074958 1.158750 0.013896 
0.808521 400 0.961250 0.074958 1.158750 0.013896 
0.909286 400 0.961250 0.074958 1.158750 0.013896 
1.010077 400 0.961250 0.074958 1.158750 0.013896 
1.110879 400 0.961250 0.074958 1.158750 0.013896 
1.211648 400 0.961250 0.074958 1.158750 0.013896 
1.312404 400 0.961250 0.074958 1.158750 0.013896 
1.413226 400 0.961250 0.061504 1.158750 0.013896 
1.513986 400 0.961250 0.061504 1.158750 0.013896 
1.614742 400 0.961250 0.061504 1.158750 0.013896 
1.715499 400 0.961250 0.060543 1.158750 0.013896 
1.816252 400 0.961250 0.060543 1.158750 0.013896 
1.916997 400 0.961250 0.059582 1.158750 0.013896 
2.017803 400 0.961250 0.059582 1.158750 0.013896 
2.118562 400 0.961250 0.059582 1.158750 0.013896 
2.219309 400 0.961250 0.059582 1.158750 0.013896 
2.320068 400 0.961250 0.059582 1.158750 0.013896 
2.420842 400 0.961250 0.059582 1.158750 0.013896 
2.521644 400 0.961250 0.060543 1.158750 0.013896 
2.622444 400 0.961250 0.060543 1.158750 0.013896 
2.723304 400 0.961250 0.061504 1.158750 0.013896 
2.824112 400 0.961250 0.061504 1.158750 0.013896 
2.924889 400 0.961250 0.061504 1.158750 0.013896 
3.025677 400 0.961250 0.063426 1.158750 0.013896 
3.126474 400 0.961250 0.063426 1.158750 0.013896 
3.227236 400 0.961250 0.063426 1.158750 0.013896 
3.328051 400 0.961250 0.063426 1.158750 0.013896 
3.428803 400 0.961250 0.063426 1.158750 0.013896 
3.529563 400 0.961250 0.060543 1.158750 0.013896 
3.630541 400 0.961250 0.060543 1.158750 0.013896 
3.731310 400 0.961250 0.060543 1.158750 0.013896 
3.832071 400 0.961250 0.059582 1.158750 0.013896 
3.932898 400 0.961250 0.059582 1.158750 0.013896 
4.033647 400 0.961250 0.060543 1.158750 0.013896 
4.134401 400 0.961250 0.060543 1.158750 0.013896 
4.235162 400 0.961250 0.060543 1.158750 0.013896 
4.335924 400 0.961250 0.060543 1.158750 0.013896 
4.436680 400 0.961250 0.060543 1.158750 0.013896 
4.537450 400 0.961250 0.060543 1.158750 0.013896 
4.638246 400 0.961250 0.060543 1.158750 0.013896 
4.739006 400 0.961250 0.060543 1.158750 0.013896 
4.839759 400 0.961250 0.059582 1.158750 0.013896 
4.940519 400 0.961250 0.059582 1.158750 0.013896 
5.041276 400 0.961250 0.059582 1.158750 0.013896 
5.142036 400 0.961250 0.059582 1.158750 0.013896 
5.243033 400 0.961250 0.059582 1.158750 0.013896 
5.343778 400 0.961250 0.060543 1.158750 0.013896 
5.444538 400 0.961250 0.060543 1.158750 0.013896 
5.545309 400 0.961250 0.060543 1.158750 0.013896 
5.646071 400 0.961250 0.059582 1.158750 0.013896 
5.746837 400 0.961250 0.059582 1.158750 0.013896 
5.847560 400 0.961250 0.059582 1.158750 0.013896 
5.948322 400 0.961250 0.059582 1.158750 0.013896 
6.049081 400 0.961250 0.059582 1.158750 0.013896 
6.149843 400 0.961250 0.060543 1.158750 0.013896 
6.250603 400 0.961250 0.060543 1.158750 0.013896 
6.351361 400 0.961250 0.060543 1.158750 0.013896 
6.452125 400 0.961250 0.060543 1.158750 0.013896 
6.552956 400 0.961250 0.060543 1.158750 0.013896 
6.653715 400 0.961250 0.060543 1.158750 0.013896 
6.754488 400 0.961250 0.059582 1.158750 0.013896 
6.855261 400 0.961250 0.059582 1.158750 0.013896 
6.956021 400 0.961250 0.059582 1.158750 0.013896 
7.056774 400 0.961250 0.059582 1.158750 0.013896 
7.157551 400 0.961250 0.059582 1.158750 0.013896 
7.258308 400 0.961250 0.059582 1.158750 0.013896 
7.359066 400 0.961250 0.059582 1.158750 0.013896 
7.459834 400 0.961250 0.060543 1.158750 0.013896 
7.560607 400 0.961250 0.060543 1.158750 0.013896 
7.661401 400 0.961250 0.060543 1.158750 0.013896 
7.762164 400 0.961250 0.060543 1.158750 0.013896 
7.862975 400 0.961250 0.060543 1.158750 0.013896 
7.963729 400 0.961250 0.060543 1.158750 0.013896 
8.064476 400 0.961250 0.060543 1.158750 0.013896 
8.165243 400 0.961250 0.060543 1.158750 0.013896 
8.266153 400 0.961250 0.060543 1.158750 0.013896 
8.366902 400 0.961250 0.060543 1.158750 0.013896 
8.467735 400 0.961250 0.060543 1.158750 0.013896 
8.568504 400 0.961250 0.059582 1.158750 0.013896 
8.669261 400 0.961250 0.059582 1.158750 0.013896 
8.770037 400 0.961250 0.059582 1.158750 0.013896 
8.870869 400 0.961250 0.060543 1.158750 0.013896 
8.971633 400 0.961250 0.060543 1.158750 0.013896 
9.072397 400 0.961250 0.059582 1.158750 0.013896 
9.173210 400 0.961250 0.059582 1.158750 0.013896 
9.273973 400 0.961250 0.059582 1.158750 0.013896 
9.374732 400 0.961250 0.060543 1.158750 0.013896 
9.475542 400 0.961250 0.060543 1.158750 0.013896 
9.576314 400 0.961250 0.065348 1.158750 0.013896 
9.677068 400 0.961250 0.065348 1.158750 0.013896 
9.777895 400 0.961250 0.065348 1.158750 0.013896 
9.878639 400 0.961250 0.060543 1.158750 0.013896 
9.979389 400 0.961250 0.060543 1.158750 0.013896 
10.080154 400 0.961250 0.060543 1.158750 0.013896 
10.180905 400 0.961250 0.060543 1.158750 0.013896 
10.281664 400 0.961250 0.060543 1.158750 0.013896 
10.382420 400 0.961250 0.060543 1.158750 0.013896 
10.483238 400 0.961250 0.060543 1.158750 0.013896 
10.583990 400 0.961250 0.060543 1.158750 0.013896 
10.684748 400 0.961250 0.060543 1.158750 0.013896 
10.785506 400 0.961250 0.060543 1.158750 0.013896 
10.886266 400 0.961250 0.060543 1.158750 0.013896 
10.987032 400 0.961250 0.060543 1.158750 0.013896 
11.087852 400 0.961250 0.060543 1.158750 0.013896 
11.188619 400 0.961250 0.060543 1.158750 0.013896 
11.289413 400 0.961250 0.060543 1.158750 0.013896 
11.390203 400 0.961250 0.060543 1.158750 0.013896 
11.490978 400 0.961250 0.064387 1.158750 0.013896 
