0.000216 1400 1.200000 0.018000 1.091250 1.377933 
0.100670 1400 1.200000 0.018000 1.091250 1.377933 
0.201097 1400 1.200000 0.018000 1.091250 1.377933 
0.301522 1400 1.200000 0.018000 1.090000 1.230610 
0.401994 1400 1.200000 0.018000 1.090000 1.230610 
0.502486 1400 1.200000 0.018000 1.088750 1.153280 
0.602873 1400 1.200000 0.018000 1.088750 1.153280 
0.703255 1400 1.200000 0.018000 1.088750 1.153280 
0.803627 1400 1.200000 0.018000 1.090000 1.373400 
0.904035 1400 1.200000 0.018000 1.090000 1.373400 
1.004482 1400 1.200000 0.018000 1.090000 1.373400 
1.104958 1400 1.200000 0.018000 1.091250 1.375751 
1.205366 1400 1.200000 0.018000 1.091250 1.375751 
1.305747 1400 1.200000 0.018000 1.090000 1.309090 
1.406140 1400 1.200000 0.018000 1.090000 1.309090 
1.506518 1400 1.200000 0.018000 1.090000 1.309090 
1.606891 1400 1.200000 0.018000 1.091250 1.365932 
1.707278 1400 1.200000 0.018000 1.091250 1.365932 
1.807666 1400 1.200000 0.018000 1.090000 1.375580 
1.908059 1400 1.200000 0.018000 1.090000 1.375580 
