0.000363 450 1.011250 0.081891 1.158750 0.013896 
0.101146 450 1.011250 0.081891 1.158750 0.013896 
0.201812 450 1.011250 0.081891 1.158750 0.013896 
0.302448 450 1.011250 0.081891 1.158750 0.013896 
0.403095 450 1.011250 0.092001 1.158750 0.013896 
0.503742 450 1.011250 0.092001 1.158750 0.013896 
0.604481 450 1.011250 0.092001 1.158750 0.013896 
0.705206 450 1.011250 0.094023 1.158750 0.013896 
0.806036 450 1.011250 0.094023 1.158750 0.013896 
0.906766 450 1.011250 0.088968 1.158750 0.013896 
1.007484 450 1.011250 0.088968 1.158750 0.013896 
1.108176 450 1.011250 0.088968 1.158750 0.013896 
1.208905 450 1.011250 0.084924 1.158750 0.013896 
1.309622 450 1.011250 0.084924 1.158750 0.013896 
1.410323 450 1.011250 0.086946 1.158750 0.013896 
1.511076 450 1.011250 0.086946 1.158750 0.013896 
1.611783 450 1.011250 0.086946 1.158750 0.013896 
1.712484 450 1.011250 0.074814 1.158750 0.013896 
1.813180 450 1.011250 0.074814 1.158750 0.013896 
1.913884 450 1.011250 0.074814 1.158750 0.013896 
2.014579 450 1.011250 0.074814 1.158750 0.013896 
2.115274 450 1.011250 0.074814 1.158750 0.013896 
2.216031 450 1.011250 0.074814 1.158750 0.013896 
2.316733 450 1.011250 0.074814 1.158750 0.013896 
2.417436 450 1.011250 0.074814 1.158750 0.013896 
2.518141 450 1.011250 0.074814 1.158750 0.013896 
2.618862 450 1.011250 0.074814 1.158750 0.013896 
2.719568 450 1.011250 0.074814 1.158750 0.013896 
2.820290 450 1.011250 0.074814 1.158750 0.013896 
2.921063 450 1.011250 0.074814 1.158750 0.013896 
3.021782 450 1.011250 0.077847 1.158750 0.013896 
3.122489 450 1.011250 0.077847 1.158750 0.013896 
3.223188 450 1.011250 0.077847 1.158750 0.013896 
3.323895 450 1.011250 0.078858 1.158750 0.013896 
3.424598 450 1.011250 0.078858 1.158750 0.013896 
3.525294 450 1.011250 0.074814 1.158750 0.013896 
3.626058 450 1.011250 0.074814 1.158750 0.013896 
3.726768 450 1.011250 0.074814 1.158750 0.013896 
3.827473 450 1.011250 0.074814 1.158750 0.013896 
3.928177 450 1.011250 0.074814 1.158750 0.013896 
4.028884 450 1.011250 0.074814 1.158750 0.013896 
4.129592 450 1.011250 0.074814 1.158750 0.013896 
4.230294 450 1.011250 0.074814 1.158750 0.013896 
4.331053 450 1.011250 0.074814 1.158750 0.013896 
4.431755 450 1.011250 0.074814 1.158750 0.013896 
4.532459 450 1.011250 0.074814 1.158750 0.013896 
4.633165 450 1.011250 0.074814 1.158750 0.013896 
4.733868 450 1.011250 0.074814 1.158750 0.013896 
4.834571 450 1.011250 0.074814 1.158750 0.013896 
4.935280 450 1.011250 0.074814 1.158750 0.013896 
5.036047 450 1.011250 0.074814 1.158750 0.013896 
5.136755 450 1.011250 0.074814 1.158750 0.013896 
5.237465 450 1.011250 0.074814 1.158750 0.013896 
5.338169 450 1.011250 0.074814 1.158750 0.013896 
5.438871 450 1.011250 0.074814 1.158750 0.013896 
5.539574 450 1.011250 0.074814 1.158750 0.013896 
5.640279 450 1.011250 0.074814 1.158750 0.013896 
5.741080 450 1.011250 0.074814 1.158750 0.013896 
5.841796 450 1.011250 0.074814 1.158750 0.013896 
5.942508 450 1.011250 0.074814 1.158750 0.013896 
6.043217 450 1.011250 0.074814 1.158750 0.013896 
6.143931 450 1.011250 0.074814 1.158750 0.013896 
6.244648 450 1.011250 0.074814 1.158750 0.013896 
6.345374 450 1.011250 0.074814 1.158750 0.013896 
6.446127 450 1.011250 0.074814 1.158750 0.013896 
6.546849 450 1.011250 0.074814 1.158750 0.013896 
6.647563 450 1.011250 0.074814 1.158750 0.013896 
6.748284 450 1.011250 0.074814 1.158750 0.013896 
6.849006 450 1.011250 0.074814 1.158750 0.013896 
6.949717 450 1.011250 0.074814 1.158750 0.013896 
7.050514 450 1.011250 0.074814 1.158750 0.013896 
7.151236 450 1.011250 0.074814 1.158750 0.013896 
7.251949 450 1.011250 0.074814 1.158750 0.013896 
7.352658 450 1.011250 0.074814 1.158750 0.013896 
7.453369 450 1.011250 0.074814 1.158750 0.013896 
7.554095 450 1.011250 0.074814 1.158750 0.013896 
7.654821 450 1.011250 0.074814 1.158750 0.013896 
7.755508 450 1.011250 0.074814 1.158750 0.013896 
7.856244 450 1.011250 0.074814 1.158750 0.013896 
7.956952 450 1.011250 0.074814 1.158750 0.013896 
8.057660 450 1.011250 0.074814 1.158750 0.013896 
8.158380 450 1.011250 0.074814 1.158750 0.013896 
8.259239 450 1.011250 0.074814 1.158750 0.013896 
8.359965 450 1.011250 0.074814 1.158750 0.013896 
8.460741 450 1.011250 0.074814 1.158750 0.013896 
8.561444 450 1.011250 0.074814 1.158750 0.013896 
8.662164 450 1.011250 0.074814 1.158750 0.013896 
8.762874 450 1.011250 0.074814 1.158750 0.013896 
8.863597 450 1.011250 0.074814 1.158750 0.013896 
8.964317 450 1.011250 0.074814 1.158750 0.013896 
9.065029 450 1.011250 0.074814 1.158750 0.013896 
9.165798 450 1.011250 0.074814 1.158750 0.013896 
9.266528 450 1.011250 0.074814 1.158750 0.013896 
9.367237 450 1.011250 0.074814 1.158750 0.013896 
9.467968 450 1.011250 0.074814 1.158750 0.013896 
9.568688 450 1.011250 0.074814 1.158750 0.013896 
9.669411 450 1.011250 0.079869 1.158750 0.013896 
