0.000578 250 0.950000 0.041800 1.158750 0.013896 
0.101773 250 0.950000 0.049400 1.158750 0.013896 
0.202838 250 0.950000 0.049400 1.158750 0.013896 
0.303797 250 0.950000 0.049400 1.158750 0.013896 
0.404753 250 0.948750 0.047400 1.158750 0.013896 
0.505709 250 0.948750 0.047400 1.158750 0.013896 
0.606651 250 0.948750 0.047400 1.158750 0.013896 
0.707762 250 0.950000 0.048450 1.158750 0.013896 
0.808890 250 0.950000 0.048450 1.158750 0.013896 
0.909981 250 0.950000 0.048450 1.158750 0.013896 
1.011022 250 0.950000 0.048450 1.158750 0.013896 
1.111981 250 0.950000 0.048450 1.158750 0.013896 
1.213080 250 0.948750 0.048348 1.158750 0.013896 
1.314039 250 0.948750 0.048348 1.158750 0.013896 
1.414972 250 0.950000 0.047500 1.158750 0.013896 
1.515921 250 0.950000 0.047500 1.158750 0.013896 
1.616904 250 0.950000 0.047500 1.158750 0.013896 
1.718114 250 0.950000 0.047500 1.158750 0.013896 
1.819201 250 0.950000 0.047500 1.158750 0.013896 
1.920265 250 0.950000 0.047500 1.158750 0.013896 
2.021339 250 0.950000 0.042750 1.158750 0.013896 
2.122375 250 0.950000 0.042750 1.158750 0.013896 
2.223420 250 0.950000 0.038950 1.158750 0.013896 
2.324463 250 0.950000 0.038950 1.158750 0.013896 
2.425543 250 0.950000 0.038950 1.158750 0.013896 
2.526597 250 0.950000 0.038950 1.158750 0.013896 
2.627755 250 0.950000 0.038950 1.158750 0.013896 
2.728846 250 0.950000 0.039900 1.158750 0.013896 
2.829974 250 0.950000 0.039900 1.158750 0.013896 
2.931047 250 0.950000 0.039900 1.158750 0.013896 
3.032105 250 0.950000 0.045600 1.158750 0.013896 
3.133233 250 0.950000 0.045600 1.158750 0.013896 
3.234278 250 0.950000 0.045600 1.158750 0.013896 
3.335332 250 0.950000 0.038950 1.158750 0.013896 
3.436383 250 0.950000 0.038950 1.158750 0.013896 
3.537510 250 0.950000 0.038950 1.158750 0.013896 
3.638627 250 0.950000 0.038950 1.158750 0.013896 
3.739674 250 0.950000 0.038950 1.158750 0.013896 
3.840726 250 0.950000 0.038950 1.158750 0.013896 
3.941787 250 0.950000 0.038950 1.158750 0.013896 
4.042912 250 0.950000 0.038950 1.158750 0.013896 
4.143966 250 0.950000 0.038950 1.158750 0.013896 
4.245019 250 0.950000 0.038950 1.158750 0.013896 
4.346075 250 0.950000 0.038950 1.158750 0.013896 
4.447129 250 0.950000 0.038950 1.158750 0.013896 
4.548258 250 0.950000 0.038950 1.158750 0.013896 
4.649325 250 0.950000 0.038950 1.158750 0.013896 
4.750404 250 0.950000 0.038950 1.158750 0.013896 
4.851454 250 0.950000 0.038950 1.158750 0.013896 
4.952597 250 0.950000 0.038950 1.158750 0.013896 
5.053655 250 0.950000 0.038950 1.158750 0.013896 
5.154740 250 0.950000 0.038950 1.158750 0.013896 
5.255802 250 0.950000 0.038950 1.158750 0.013896 
5.356860 250 0.950000 0.038950 1.158750 0.013896 
5.457994 250 0.950000 0.038950 1.158750 0.013896 
5.559043 250 0.950000 0.038950 1.158750 0.013896 
5.660111 250 0.950000 0.038950 1.158750 0.013896 
5.761179 250 0.950000 0.038950 1.158750 0.013896 
5.862239 250 0.950000 0.038950 1.158750 0.013896 
5.963345 250 0.950000 0.038950 1.158750 0.013896 
6.064401 250 0.950000 0.038950 1.158750 0.013896 
6.165452 250 0.950000 0.038950 1.158750 0.013896 
6.266504 250 0.950000 0.038950 1.158750 0.013896 
6.367637 250 0.950000 0.038950 1.158750 0.013896 
6.468691 250 0.950000 0.038950 1.158750 0.013896 
6.569750 250 0.950000 0.038950 1.158750 0.013896 
6.670818 250 0.950000 0.038950 1.158750 0.013896 
6.771892 250 0.950000 0.038950 1.158750 0.013896 
6.873031 250 0.950000 0.038950 1.158750 0.013896 
6.974079 250 0.950000 0.038950 1.158750 0.013896 
7.075150 250 0.950000 0.038950 1.158750 0.013896 
7.176210 250 0.950000 0.038950 1.158750 0.013896 
7.277335 250 0.950000 0.038950 1.158750 0.013896 
7.378399 250 0.950000 0.038950 1.158750 0.013896 
7.479459 250 0.950000 0.038950 1.158750 0.013896 
7.580524 250 0.950000 0.038950 1.158750 0.013896 
7.681589 250 0.950000 0.038950 1.158750 0.013896 
7.782725 250 0.950000 0.038950 1.158750 0.013896 
7.883794 250 0.950000 0.038950 1.158750 0.013896 
7.984851 250 0.950000 0.038950 1.158750 0.013896 
8.085911 250 0.950000 0.038950 1.158750 0.013896 
8.186961 250 0.950000 0.038950 1.158750 0.013896 
8.288335 250 0.950000 0.038950 1.158750 0.013896 
8.389415 250 0.950000 0.038950 1.158750 0.013896 
8.490491 250 0.950000 0.038950 1.158750 0.013896 
8.591566 250 0.950000 0.038950 1.158750 0.013896 
8.692724 250 0.950000 0.038950 1.158750 0.013896 
8.793775 250 0.950000 0.038950 1.158750 0.013896 
8.894842 250 0.950000 0.038950 1.158750 0.013896 
8.995909 250 0.950000 0.038950 1.158750 0.013896 
9.096973 250 0.950000 0.038950 1.158750 0.013896 
9.198100 250 0.950000 0.038950 1.158750 0.013896 
9.299169 250 0.950000 0.038950 1.158750 0.013896 
9.400273 250 0.950000 0.038950 1.158750 0.013896 
9.501371 250 0.950000 0.038950 1.158750 0.013896 
9.602484 250 0.950000 0.044650 1.158750 0.013896 
9.703553 250 0.950000 0.044650 1.158750 0.013896 
9.804627 250 0.950000 0.044650 1.158750 0.013896 
9.905687 250 0.950000 0.040850 1.158750 0.013896 
10.006747 250 0.950000 0.040850 1.158750 0.013896 
10.107889 250 0.950000 0.040850 1.158750 0.013896 
10.208957 250 0.950000 0.038950 1.158750 0.013896 
10.310424 250 0.950000 0.038950 1.158750 0.013896 
10.411545 250 0.950000 0.038950 1.158750 0.013896 
10.512703 250 0.950000 0.038950 1.158750 0.013896 
10.613801 250 0.950000 0.038950 1.158750 0.013896 
10.714920 250 0.950000 0.038950 1.158750 0.013896 
10.816015 250 0.950000 0.038950 1.158750 0.013896 
10.917108 250 0.950000 0.041800 1.158750 0.013896 
11.018291 250 0.950000 0.041800 1.158750 0.013896 
11.119397 250 0.950000 0.041800 1.158750 0.013896 
11.220442 250 0.950000 0.042750 1.158750 0.013896 
11.321559 250 0.950000 0.042750 1.158750 0.013896 
11.422759 250 0.950000 0.042750 1.158750 0.013896 
11.523845 250 0.950000 0.041800 1.158750 0.013896 
11.624971 250 0.950000 0.041800 1.158750 0.013896 
11.726029 250 0.950000 0.040850 1.158750 0.013896 
11.827066 250 0.950000 0.040850 1.158750 0.013896 
11.928184 250 0.950000 0.040850 1.158750 0.013896 
12.029232 250 0.950000 0.038950 1.158750 0.013896 
12.130284 250 0.950000 0.038950 1.158750 0.013896 
12.231336 250 0.950000 0.038950 1.158750 0.013896 
12.332466 250 0.950000 0.038950 1.158750 0.013896 
12.433509 250 0.950000 0.038950 1.158750 0.013896 
12.534570 250 0.950000 0.038950 1.158750 0.013896 
12.635636 250 0.950000 0.038950 1.158750 0.013896 
12.736691 250 0.950000 0.038950 1.158750 0.013896 
12.837850 250 0.950000 0.038950 1.158750 0.013896 
12.938909 250 0.950000 0.038950 1.158750 0.013896 
13.039966 250 0.950000 0.038950 1.158750 0.013896 
13.141013 250 0.950000 0.038950 1.158750 0.013896 
13.242065 250 0.950000 0.038950 1.158750 0.013896 
13.343200 250 0.950000 0.038950 1.158750 0.013896 
13.444254 250 0.950000 0.038950 1.158750 0.013896 
13.545306 250 0.950000 0.038950 1.158750 0.013896 
13.646381 250 0.950000 0.038950 1.158750 0.013896 
13.747528 250 0.950000 0.038950 1.158750 0.013896 
13.848587 250 0.950000 0.038950 1.158750 0.013896 
13.949654 250 0.950000 0.038950 1.158750 0.013896 
14.050716 250 0.950000 0.038950 1.158750 0.013896 
14.151764 250 0.950000 0.038950 1.158750 0.013896 
14.252892 250 0.950000 0.038950 1.158750 0.013896 
14.353945 250 0.950000 0.038950 1.158750 0.013896 
14.455021 250 0.950000 0.038950 1.158750 0.013896 
14.556065 250 0.950000 0.038950 1.158750 0.013896 
14.657128 250 0.950000 0.038950 1.158750 0.013896 
14.758256 250 0.950000 0.038950 1.158750 0.013896 
14.859314 250 0.950000 0.038950 1.158750 0.013896 
14.960435 250 0.950000 0.038950 1.158750 0.013896 
15.061502 250 0.950000 0.038950 1.158750 0.013896 
15.162624 250 0.950000 0.038950 1.158750 0.013896 
15.263706 250 0.950000 0.038950 1.158750 0.013896 
15.364764 250 0.950000 0.038950 1.158750 0.013896 
15.465819 250 0.950000 0.038950 1.158750 0.013896 
15.566879 250 0.950000 0.038950 1.158750 0.013896 
15.668019 250 0.950000 0.038950 1.158750 0.013896 
15.769079 250 0.950000 0.038950 1.158750 0.013896 
15.870135 250 0.950000 0.038950 1.158750 0.013896 
15.971223 250 0.950000 0.038950 1.158750 0.013896 
16.072328 250 0.950000 0.038950 1.158750 0.013896 
16.173390 250 0.950000 0.038950 1.158750 0.013896 
16.274450 250 0.950000 0.038950 1.158750 0.013896 
16.375522 250 0.950000 0.038950 1.158750 0.013896 
16.476773 250 0.950000 0.038950 1.158750 0.013896 
16.577917 250 0.950000 0.038950 1.158750 0.013896 
16.678982 250 0.950000 0.038950 1.158750 0.013896 
16.780052 250 0.950000 0.038950 1.158750 0.013896 
16.881114 250 0.950000 0.038950 1.158750 0.013896 
16.982166 250 0.950000 0.038950 1.158750 0.013896 
17.083293 250 0.950000 0.038950 1.158750 0.013896 
17.184351 250 0.950000 0.038950 1.158750 0.013896 
17.285413 250 0.950000 0.038950 1.158750 0.013896 
17.386490 250 0.950000 0.038950 1.158750 0.013896 
17.487645 250 0.950000 0.038950 1.158750 0.013896 
17.588724 250 0.950000 0.038950 1.158750 0.013896 
17.689876 250 0.950000 0.038950 1.158750 0.013896 
17.790962 250 0.950000 0.042750 1.158750 0.013896 
