0.000303 800 1.200000 0.018000 0.917500 0.545615 
0.101051 800 1.200000 0.018000 0.917500 0.479591 
0.201675 800 1.200000 0.018000 0.917500 0.479591 
0.302276 800 1.200000 0.018000 0.917500 0.479591 
0.402886 800 1.200000 0.018000 0.917500 0.462168 
0.503497 800 1.200000 0.018000 0.917500 0.462168 
0.604172 800 1.200000 0.018000 0.917500 0.463085 
0.704807 800 1.200000 0.018000 0.917500 0.463085 
0.805382 800 1.200000 0.018000 0.917500 0.463085 
0.906003 800 1.200000 0.018000 0.917500 0.545615 
1.006680 800 1.200000 0.018000 0.917500 0.545615 
1.107362 800 1.200000 0.018000 0.917500 0.545615 
1.207970 800 1.200000 0.018000 0.917500 0.517188 
1.308550 800 1.200000 0.018000 0.917500 0.517188 
1.409129 800 1.200000 0.018000 0.917500 0.544698 
1.509713 800 1.200000 0.018000 0.917500 0.544698 
1.610281 800 1.200000 0.018000 0.917500 0.544698 
1.710836 800 1.200000 0.018000 0.917500 0.545615 
1.811400 800 1.200000 0.018000 0.917500 0.545615 
1.911962 800 1.200000 0.018000 0.917500 0.545615 
2.012537 800 1.200000 0.018000 0.917500 0.545615 
2.113123 800 1.200000 0.018000 0.917500 0.545615 
2.213691 800 1.200000 0.018000 0.917500 0.546532 
2.314251 800 1.200000 0.018000 0.917500 0.546532 
2.414822 800 1.200000 0.018000 0.917500 0.546532 
2.515386 800 1.200000 0.018000 0.917500 0.546532 
2.616033 800 1.200000 0.018000 0.917500 0.546532 
2.716623 800 1.200000 0.018000 0.917500 0.544698 
2.817208 800 1.200000 0.018000 0.917500 0.544698 
2.917843 800 1.200000 0.018000 0.917500 0.544698 
3.018547 800 1.200000 0.018000 0.917500 0.544698 
3.119220 800 1.200000 0.018000 0.917500 0.544698 
3.219805 800 1.200000 0.018000 0.917500 0.544698 
3.320381 800 1.200000 0.018000 0.917500 0.522690 
3.420996 800 1.200000 0.018000 0.917500 0.522690 
