0.000327 550 1.136250 0.122688 1.158750 0.013896 
0.100928 550 1.136250 0.122688 1.158750 0.013896 
0.201516 550 1.136250 0.144272 1.158750 0.013896 
0.302087 550 1.136250 0.144272 1.158750 0.013896 
0.402644 550 1.136250 0.144272 1.158750 0.013896 
0.503257 550 1.135000 0.147550 1.158750 0.015054 
0.603831 550 1.135000 0.147550 1.158750 0.015054 
0.704477 550 1.136250 0.144272 1.158750 0.013896 
0.805134 550 1.136250 0.144272 1.158750 0.013896 
0.905767 550 1.136250 0.144272 1.158750 0.013896 
1.006408 550 1.136250 0.123824 1.158750 0.013896 
1.107047 550 1.136250 0.123824 1.158750 0.013896 
1.207671 550 1.136250 0.123824 1.158750 0.013896 
1.308346 550 1.136250 0.117008 1.158750 0.013896 
1.408973 550 1.136250 0.117008 1.158750 0.013896 
1.509584 550 1.136250 0.115872 1.158750 0.013896 
1.610204 550 1.136250 0.115872 1.158750 0.013896 
1.710821 550 1.136250 0.115872 1.158750 0.013896 
1.811430 550 1.136250 0.115872 1.158750 0.013896 
1.912039 550 1.136250 0.115872 1.158750 0.013896 
2.012659 550 1.136250 0.115872 1.158750 0.013896 
2.113329 550 1.136250 0.115872 1.158750 0.015054 
2.213947 550 1.136250 0.115872 1.158750 0.015054 
2.314558 550 1.136250 0.117008 1.158750 0.013896 
2.415183 550 1.136250 0.117008 1.158750 0.013896 
2.515798 550 1.136250 0.117008 1.158750 0.013896 
2.616412 550 1.136250 0.115872 1.158750 0.013896 
2.717025 550 1.136250 0.115872 1.158750 0.013896 
2.817660 550 1.136250 0.117008 1.158750 0.013896 
2.918345 550 1.136250 0.117008 1.158750 0.013896 
3.018994 550 1.136250 0.117008 1.158750 0.013896 
3.119629 550 1.136250 0.118144 1.158750 0.013896 
3.220263 550 1.136250 0.118144 1.158750 0.013896 
3.320900 550 1.136250 0.118144 1.158750 0.013896 
3.421537 550 1.136250 0.120416 1.158750 0.013896 
3.522161 550 1.136250 0.120416 1.158750 0.013896 
3.622774 550 1.136250 0.114736 1.158750 0.013896 
3.723433 550 1.136250 0.114736 1.158750 0.013896 
3.824052 550 1.136250 0.114736 1.158750 0.013896 
3.924677 550 1.136250 0.117008 1.158750 0.013896 
4.025299 550 1.136250 0.117008 1.158750 0.013896 
4.125916 550 1.136250 0.117008 1.158750 0.013896 
4.226543 550 1.136250 0.117008 1.158750 0.013896 
4.327169 550 1.136250 0.117008 1.158750 0.013896 
4.427787 550 1.136250 0.117008 1.158750 0.013896 
4.528459 550 1.136250 0.117008 1.158750 0.013896 
4.629079 550 1.136250 0.117008 1.158750 0.013896 
4.729695 550 1.136250 0.117008 1.158750 0.013896 
4.830322 550 1.136250 0.117008 1.158750 0.013896 
4.931163 550 1.136250 0.117008 1.158750 0.013896 
5.031785 550 1.136250 0.117008 1.158750 0.013896 
5.132398 550 1.136250 0.117008 1.158750 0.013896 
5.233027 550 1.136250 0.117008 1.158750 0.013896 
5.333683 550 1.136250 0.117008 1.158750 0.013896 
5.434294 550 1.136250 0.117008 1.158750 0.013896 
5.534912 550 1.136250 0.117008 1.158750 0.013896 
5.635545 550 1.136250 0.117008 1.158750 0.013896 
5.736163 550 1.136250 0.117008 1.158750 0.013896 
5.836782 550 1.136250 0.117008 1.158750 0.013896 
5.937413 550 1.136250 0.117008 1.158750 0.013896 
6.038038 550 1.136250 0.117008 1.158750 0.013896 
6.138831 550 1.136250 0.117008 1.158750 0.013896 
6.239441 550 1.136250 0.115872 1.158750 0.013896 
6.340061 550 1.136250 0.115872 1.158750 0.013896 
6.440681 550 1.136250 0.115872 1.158750 0.013896 
6.541302 550 1.136250 0.117008 1.158750 0.013896 
6.641931 550 1.136250 0.117008 1.158750 0.013896 
6.742552 550 1.136250 0.117008 1.158750 0.013896 
6.843237 550 1.136250 0.115872 1.158750 0.013896 
6.943867 550 1.136250 0.115872 1.158750 0.013896 
7.044493 550 1.136250 0.115872 1.158750 0.013896 
7.145110 550 1.136250 0.115872 1.158750 0.013896 
7.245729 550 1.136250 0.115872 1.158750 0.013896 
7.346340 550 1.136250 0.117008 1.158750 0.013896 
7.446956 550 1.136250 0.117008 1.158750 0.013896 
7.547571 550 1.136250 0.117008 1.158750 0.013896 
7.648272 550 1.136250 0.117008 1.158750 0.013896 
7.748894 550 1.136250 0.117008 1.158750 0.013896 
