0.000210 1500 1.200000 0.018000 1.130000 1.563920 
0.100638 1500 1.200000 0.018000 1.130000 1.563920 
0.201042 1500 1.200000 0.018000 1.130000 1.563920 
0.301449 1500 1.200000 0.018000 1.127500 1.320844 
0.401904 1500 1.200000 0.018000 1.127500 1.320844 
0.502276 1500 1.200000 0.019200 1.128750 1.526184 
0.602634 1500 1.200000 0.019200 1.128750 1.526184 
0.703006 1500 1.200000 0.019200 1.128750 1.526184 
0.803352 1500 1.200000 0.018000 1.130000 1.611380 
0.903758 1500 1.200000 0.018000 1.130000 1.611380 
1.004177 1500 1.200000 0.018000 1.130000 1.611380 
1.104630 1500 1.200000 0.019200 1.130000 1.611380 
1.205026 1500 1.200000 0.019200 1.130000 1.611380 
1.305389 1500 1.200000 0.019200 1.128750 1.470912 
1.405759 1500 1.200000 0.019200 1.128750 1.470912 
1.506115 1500 1.200000 0.019200 1.128750 1.470912 
1.606470 1500 1.200000 0.018000 1.130000 1.604600 
1.706846 1500 1.200000 0.018000 1.130000 1.604600 
1.807213 1500 1.200000 0.019200 1.130000 1.607990 
