0.000336 500 1.073750 0.095497 1.158750 0.013896 
0.100991 500 1.073750 0.110519 1.158750 0.013896 
0.201619 500 1.073750 0.110519 1.158750 0.013896 
0.302240 500 1.073750 0.110519 1.158750 0.013896 
0.402859 500 1.073750 0.116957 1.158750 0.013896 
0.503459 500 1.073750 0.116957 1.158750 0.013896 
0.604105 500 1.073750 0.119103 1.158750 0.013896 
0.704730 500 1.073750 0.119103 1.158750 0.013896 
0.805402 500 1.073750 0.119103 1.158750 0.013896 
0.906049 500 1.073750 0.114811 1.158750 0.013896 
1.006732 500 1.073750 0.114811 1.158750 0.013896 
1.107426 500 1.073750 0.106227 1.158750 0.013896 
1.208121 500 1.073750 0.106227 1.158750 0.013896 
1.308993 500 1.073750 0.106227 1.158750 0.013896 
1.409656 500 1.073750 0.095497 1.158750 0.013896 
1.510299 500 1.073750 0.095497 1.158750 0.013896 
1.610938 500 1.073750 0.095497 1.158750 0.013896 
1.711591 500 1.073750 0.094424 1.158750 0.013896 
1.812247 500 1.073750 0.094424 1.158750 0.013896 
1.912888 500 1.073750 0.094424 1.158750 0.013896 
2.013541 500 1.073750 0.094424 1.158750 0.013896 
2.114244 500 1.073750 0.094424 1.158750 0.013896 
2.214894 500 1.075000 0.094600 1.158750 0.013896 
2.315545 500 1.075000 0.094600 1.158750 0.013896 
2.416712 500 1.075000 0.095675 1.158750 0.013896 
2.517367 500 1.075000 0.095675 1.158750 0.013896 
2.618012 500 1.075000 0.095675 1.158750 0.013896 
2.718654 500 1.073750 0.094424 1.158750 0.013896 
2.819364 500 1.073750 0.094424 1.158750 0.013896 
2.920046 500 1.073750 0.094424 1.158750 0.013896 
3.020713 500 1.073750 0.100862 1.158750 0.013896 
3.121379 500 1.073750 0.100862 1.158750 0.013896 
3.222023 500 1.075000 0.095675 1.158750 0.013896 
3.322674 500 1.075000 0.095675 1.158750 0.013896 
3.423325 500 1.075000 0.095675 1.158750 0.013896 
3.524039 500 1.075000 0.096750 1.158750 0.013896 
3.624677 500 1.075000 0.096750 1.158750 0.013896 
3.725320 500 1.075000 0.096750 1.158750 0.013896 
3.825976 500 1.073750 0.094424 1.158750 0.013896 
3.926618 500 1.073750 0.094424 1.158750 0.013896 
4.027267 500 1.073750 0.094424 1.158750 0.013896 
4.127910 500 1.073750 0.094424 1.158750 0.013896 
4.228557 500 1.073750 0.094424 1.158750 0.013896 
4.329251 500 1.075000 0.094600 1.158750 0.013896 
4.429897 500 1.075000 0.094600 1.158750 0.013896 
4.530535 500 1.073750 0.094424 1.158750 0.013896 
4.631176 500 1.073750 0.094424 1.158750 0.013896 
4.731822 500 1.073750 0.094424 1.158750 0.013896 
4.832473 500 1.075000 0.094600 1.158750 0.013896 
4.933117 500 1.075000 0.094600 1.158750 0.013896 
5.033876 500 1.075000 0.094600 1.158750 0.013896 
5.134530 500 1.073750 0.094424 1.158750 0.013896 
5.235169 500 1.073750 0.094424 1.158750 0.013896 
5.335818 500 1.073750 0.094424 1.158750 0.013896 
5.436468 500 1.073750 0.094424 1.158750 0.013896 
5.537114 500 1.073750 0.094424 1.158750 0.013896 
5.637746 500 1.075000 0.095675 1.158750 0.013896 
5.738397 500 1.075000 0.095675 1.158750 0.013896 
5.839105 500 1.075000 0.095675 1.158750 0.013896 
5.939743 500 1.073750 0.094424 1.158750 0.013896 
6.040384 500 1.073750 0.094424 1.158750 0.013896 
6.141027 500 1.075000 0.094600 1.158750 0.013896 
6.241672 500 1.075000 0.094600 1.158750 0.013896 
6.342312 500 1.075000 0.094600 1.158750 0.013896 
6.442952 500 1.073750 0.094424 1.158750 0.013896 
6.543599 500 1.073750 0.094424 1.158750 0.013896 
6.644297 500 1.073750 0.094424 1.158750 0.013896 
6.744946 500 1.073750 0.094424 1.158750 0.013896 
6.845596 500 1.073750 0.094424 1.158750 0.013896 
6.946235 500 1.073750 0.094424 1.158750 0.013896 
7.046889 500 1.073750 0.094424 1.158750 0.013896 
7.147534 500 1.073750 0.094424 1.158750 0.013896 
7.248181 500 1.075000 0.094600 1.158750 0.013896 
7.348898 500 1.075000 0.094600 1.158750 0.013896 
7.449539 500 1.075000 0.094600 1.158750 0.013896 
7.550179 500 1.075000 0.094600 1.158750 0.013896 
7.650830 500 1.075000 0.094600 1.158750 0.013896 
7.751475 500 1.075000 0.094600 1.158750 0.013896 
7.852122 500 1.075000 0.094600 1.158750 0.013896 
7.952760 500 1.075000 0.094600 1.158750 0.013896 
8.053405 500 1.073750 0.094424 1.158750 0.013896 
8.154118 500 1.073750 0.094424 1.158750 0.013896 
8.254940 500 1.073750 0.094424 1.158750 0.013896 
8.355604 500 1.073750 0.094424 1.158750 0.013896 
8.456257 500 1.073750 0.094424 1.158750 0.013896 
8.556903 500 1.073750 0.094424 1.158750 0.013896 
8.657559 500 1.073750 0.094424 1.158750 0.013896 
8.758216 500 1.073750 0.094424 1.158750 0.013896 
8.858923 500 1.073750 0.094424 1.158750 0.013896 
8.959570 500 1.073750 0.094424 1.158750 0.013896 
9.060204 500 1.073750 0.094424 1.158750 0.013896 
9.160885 500 1.073750 0.094424 1.158750 0.013896 
9.261550 500 1.073750 0.094424 1.158750 0.013896 
9.362207 500 1.075000 0.095675 1.158750 0.013896 
