0.000250 1000 1.200000 0.018000 0.951250 0.724662 
0.100838 1000 1.200000 0.018000 0.951250 0.724662 
0.201355 1000 1.200000 0.018000 0.952500 0.655928 
0.301870 1000 1.200000 0.018000 0.952500 0.655928 
0.402395 1000 1.200000 0.018000 0.953750 0.624215 
0.502965 1000 1.200000 0.018000 0.953750 0.624215 
0.603524 1000 1.200000 0.018000 0.953750 0.624215 
0.704011 1000 1.200000 0.018000 0.952500 0.669256 
0.804481 1000 1.200000 0.018000 0.952500 0.669256 
0.904971 1000 1.200000 0.018000 0.952500 0.669256 
1.005582 1000 1.200000 0.018000 0.952500 0.731136 
1.106189 1000 1.200000 0.018000 0.952500 0.731136 
1.206779 1000 1.200000 0.018000 0.953750 0.607061 
1.307372 1000 1.200000 0.018000 0.953750 0.607061 
1.407958 1000 1.200000 0.018000 0.953750 0.607061 
1.508513 1000 1.200000 0.018000 0.953750 0.589907 
1.609002 1000 1.200000 0.018000 0.953750 0.589907 
1.709476 1000 1.200000 0.018000 0.952500 0.727328 
1.809949 1000 1.200000 0.018000 0.952500 0.727328 
1.910418 1000 1.200000 0.018000 0.952500 0.727328 
2.010908 1000 1.200000 0.018000 0.952500 0.729232 
2.111380 1000 1.200000 0.018000 0.952500 0.729232 
2.211862 1000 1.200000 0.018000 0.952500 0.729232 
2.312329 1000 1.200000 0.018000 0.952500 0.730184 
2.412807 1000 1.200000 0.018000 0.952500 0.730184 
2.513282 1000 1.200000 0.018000 0.952500 0.729232 
2.613804 1000 1.200000 0.018000 0.952500 0.729232 
