0.000445 350 0.948750 0.052140 1.158750 0.013896 
0.101302 350 0.948750 0.052140 1.158750 0.013896 
0.202083 350 0.948750 0.063516 1.158750 0.013896 
0.302896 350 0.948750 0.063516 1.158750 0.013896 
0.403629 350 0.948750 0.064464 1.158750 0.013896 
0.504375 350 0.948750 0.064464 1.158750 0.013896 
0.605134 350 0.948750 0.064464 1.158750 0.013896 
0.705885 350 0.948750 0.065412 1.158750 0.013896 
0.806699 350 0.948750 0.065412 1.158750 0.013896 
0.907577 350 0.948750 0.065412 1.158750 0.013896 
1.008384 350 0.948750 0.065412 1.158750 0.013896 
1.109139 350 0.948750 0.065412 1.158750 0.013896 
1.209992 350 0.948750 0.066360 1.158750 0.013896 
1.310838 350 0.948750 0.066360 1.158750 0.013896 
1.411666 350 0.948750 0.066360 1.158750 0.013896 
1.512561 350 0.948750 0.059724 1.158750 0.013896 
1.613387 350 0.948750 0.059724 1.158750 0.013896 
1.714198 350 0.948750 0.052140 1.158750 0.013896 
1.815025 350 0.948750 0.052140 1.158750 0.013896 
1.915852 350 0.948750 0.052140 1.158750 0.013896 
2.016690 350 0.948750 0.053088 1.158750 0.013896 
2.117589 350 0.948750 0.053088 1.158750 0.013896 
2.218400 350 0.948750 0.052140 1.158750 0.013896 
2.319217 350 0.948750 0.052140 1.158750 0.013896 
2.420035 350 0.948750 0.052140 1.158750 0.013896 
2.520844 350 0.948750 0.052140 1.158750 0.013896 
2.621654 350 0.948750 0.052140 1.158750 0.013896 
2.722542 350 0.948750 0.052140 1.158750 0.013896 
2.823408 350 0.950000 0.052250 1.158750 0.013896 
2.924219 350 0.950000 0.052250 1.158750 0.013896 
3.025052 350 0.948750 0.054984 1.158750 0.013896 
3.125871 350 0.948750 0.054984 1.158750 0.013896 
3.226684 350 0.948750 0.054984 1.158750 0.013896 
3.327563 350 0.950000 0.052250 1.158750 0.013896 
3.428375 350 0.950000 0.052250 1.158750 0.013896 
3.529187 350 0.950000 0.052250 1.158750 0.013896 
3.630015 350 0.948750 0.052140 1.158750 0.013896 
3.730822 350 0.948750 0.052140 1.158750 0.013896 
3.831632 350 0.950000 0.052250 1.158750 0.013896 
3.932507 350 0.950000 0.052250 1.158750 0.013896 
4.033330 350 0.950000 0.052250 1.158750 0.013896 
4.134140 350 0.948750 0.052140 1.158750 0.013896 
4.234954 350 0.948750 0.052140 1.158750 0.013896 
4.335770 350 0.948750 0.052140 1.158750 0.013896 
4.436588 350 0.948750 0.052140 1.158750 0.013896 
4.537459 350 0.948750 0.052140 1.158750 0.013896 
4.638286 350 0.948750 0.052140 1.158750 0.013896 
4.739097 350 0.948750 0.052140 1.158750 0.013896 
4.839912 350 0.948750 0.052140 1.158750 0.013896 
4.940729 350 0.950000 0.052250 1.158750 0.013896 
5.041545 350 0.950000 0.052250 1.158750 0.013896 
5.142435 350 0.948750 0.052140 1.158750 0.013896 
5.243249 350 0.948750 0.052140 1.158750 0.013896 
5.344073 350 0.948750 0.052140 1.158750 0.013896 
5.444891 350 0.948750 0.052140 1.158750 0.013896 
5.545709 350 0.948750 0.052140 1.158750 0.013896 
5.646528 350 0.948750 0.052140 1.158750 0.013896 
5.747417 350 0.948750 0.052140 1.158750 0.013896 
5.848233 350 0.948750 0.052140 1.158750 0.013896 
5.949056 350 0.948750 0.052140 1.158750 0.013896 
6.049899 350 0.948750 0.052140 1.158750 0.013896 
6.150708 350 0.948750 0.052140 1.158750 0.013896 
6.251525 350 0.948750 0.052140 1.158750 0.013896 
6.352422 350 0.948750 0.052140 1.158750 0.013896 
6.453238 350 0.948750 0.052140 1.158750 0.013896 
6.554057 350 0.948750 0.052140 1.158750 0.013896 
6.654879 350 0.948750 0.052140 1.158750 0.013896 
6.755693 350 0.948750 0.052140 1.158750 0.013896 
6.856508 350 0.948750 0.052140 1.158750 0.013896 
6.957440 350 0.948750 0.052140 1.158750 0.013896 
7.058274 350 0.948750 0.052140 1.158750 0.013896 
7.159098 350 0.948750 0.052140 1.158750 0.013896 
7.259933 350 0.948750 0.052140 1.158750 0.013896 
7.360811 350 0.948750 0.052140 1.158750 0.013896 
7.461673 350 0.948750 0.052140 1.158750 0.013896 
7.562603 350 0.948750 0.052140 1.158750 0.013896 
7.663453 350 0.948750 0.052140 1.158750 0.013896 
7.764296 350 0.948750 0.054984 1.158750 0.013896 
7.865135 350 0.948750 0.054984 1.158750 0.013896 
7.965968 350 0.948750 0.054984 1.158750 0.013896 
8.066800 350 0.948750 0.053088 1.158750 0.013896 
8.167687 350 0.948750 0.053088 1.158750 0.013896 
8.268670 350 0.948750 0.053088 1.158750 0.013896 
8.369520 350 0.948750 0.052140 1.158750 0.013896 
8.470363 350 0.948750 0.052140 1.158750 0.013896 
8.571199 350 0.948750 0.052140 1.158750 0.013896 
8.672042 350 0.948750 0.052140 1.158750 0.013896 
8.772948 350 0.948750 0.052140 1.158750 0.013896 
8.873789 350 0.948750 0.052140 1.158750 0.013896 
8.974621 350 0.948750 0.052140 1.158750 0.013896 
9.075452 350 0.948750 0.052140 1.158750 0.013896 
9.176282 350 0.948750 0.052140 1.158750 0.013896 
9.277150 350 0.948750 0.052140 1.158750 0.013896 
9.378070 350 0.948750 0.052140 1.158750 0.013896 
9.478917 350 0.948750 0.052140 1.158750 0.013896 
9.579771 350 0.948750 0.052140 1.158750 0.013896 
9.680608 350 0.948750 0.057828 1.158750 0.013896 
9.781440 350 0.948750 0.057828 1.158750 0.013896 
9.882259 350 0.948750 0.052140 1.158750 0.013896 
9.983106 350 0.948750 0.052140 1.158750 0.013896 
10.083935 350 0.948750 0.052140 1.158750 0.013896 
10.184773 350 0.948750 0.052140 1.158750 0.013896 
10.285612 350 0.948750 0.052140 1.158750 0.013896 
10.386450 350 0.948750 0.052140 1.158750 0.013896 
10.487264 350 0.948750 0.052140 1.158750 0.013896 
10.588129 350 0.948750 0.052140 1.158750 0.013896 
10.688968 350 0.950000 0.052250 1.158750 0.013896 
10.789801 350 0.950000 0.052250 1.158750 0.013896 
10.890645 350 0.950000 0.052250 1.158750 0.013896 
10.991488 350 0.948750 0.052140 1.158750 0.013896 
11.092408 350 0.948750 0.052140 1.158750 0.013896 
11.193257 350 0.948750 0.052140 1.158750 0.013896 
11.294105 350 0.948750 0.052140 1.158750 0.013896 
11.394941 350 0.948750 0.052140 1.158750 0.013896 
11.495793 350 0.948750 0.054036 1.158750 0.013896 
11.596672 350 0.948750 0.054036 1.158750 0.013896 
11.697576 350 0.948750 0.054036 1.158750 0.013896 
11.798417 350 0.948750 0.053088 1.158750 0.013896 
11.899254 350 0.948750 0.053088 1.158750 0.013896 
12.000088 350 0.948750 0.052140 1.158750 0.013896 
12.100928 350 0.948750 0.052140 1.158750 0.013896 
12.201763 350 0.948750 0.052140 1.158750 0.013896 
12.302671 350 0.948750 0.052140 1.158750 0.013896 
12.403508 350 0.948750 0.052140 1.158750 0.013896 
12.504329 350 0.948750 0.052140 1.158750 0.013896 
12.605161 350 0.948750 0.052140 1.158750 0.013896 
