0.000216 1200 1.200000 0.018000 1.013750 0.996792 
0.100721 1200 1.200000 0.018000 1.013750 0.996792 
0.201185 1200 1.200000 0.018000 1.013750 0.996792 
0.301663 1200 1.200000 0.018000 1.013750 0.923856 
0.402150 1200 1.200000 0.018000 1.013750 0.923856 
0.502658 1200 1.200000 0.018000 1.015000 0.849555 
0.603086 1200 1.200000 0.018000 1.015000 0.849555 
0.703510 1200 1.200000 0.018000 1.015000 0.849555 
0.803928 1200 1.200000 0.018000 1.013750 0.940064 
0.904399 1200 1.200000 0.018000 1.013750 0.940064 
1.004921 1200 1.200000 0.018000 1.013750 0.940064 
1.105444 1200 1.200000 0.018000 1.013750 0.996792 
1.205893 1200 1.200000 0.018000 1.013750 0.996792 
1.306312 1200 1.200000 0.018000 1.013750 0.942090 
1.406726 1200 1.200000 0.018000 1.013750 0.942090 
1.507142 1200 1.200000 0.018000 1.013750 0.942090 
1.607567 1200 1.200000 0.018000 1.013750 0.996792 
1.707981 1200 1.200000 0.018000 1.013750 0.996792 
1.808392 1200 1.200000 0.018000 1.013750 0.996792 
1.908811 1200 1.200000 0.018000 1.013750 0.993753 
2.009267 1200 1.200000 0.018000 1.013750 0.993753 
2.109682 1200 1.200000 0.018000 1.013750 0.995779 
