0.000166 1600 1.200000 0.018000 1.155000 1.727880 
0.100570 1600 1.200000 0.018000 1.155000 1.767150 
0.200965 1600 1.200000 0.018000 1.155000 1.767150 
0.301396 1600 1.200000 0.018000 1.155000 1.767150 
0.401830 1600 1.200000 0.018000 1.153750 1.546173 
0.502180 1600 1.200000 0.018000 1.153750 1.546173 
0.602521 1600 1.200000 0.018000 1.155000 1.658580 
0.702869 1600 1.200000 0.018000 1.155000 1.658580 
0.803248 1600 1.200000 0.018000 1.155000 1.658580 
0.903644 1600 1.200000 0.018000 1.156250 1.764056 
1.004115 1600 1.200000 0.018000 1.156250 1.764056 
1.104572 1600 1.200000 0.018000 1.156250 1.764056 
1.205069 1600 1.200000 0.018000 1.156250 1.188368 
1.305571 1600 1.200000 0.018000 1.156250 1.188368 
1.406243 1600 1.200000 0.018000 1.157500 0.391066 
1.506744 1600 1.200000 0.018000 1.157500 0.391066 
1.607248 1600 1.200000 0.018000 1.157500 0.391066 
1.707750 1600 1.200000 0.018000 1.158750 0.156330 
1.808251 1600 1.200000 0.018000 1.158750 0.156330 
1.908824 1600 1.200000 0.016800 1.157500 0.091403 
2.009436 1600 1.200000 0.016800 1.157500 0.091403 
2.110013 1600 1.200000 0.016800 1.157500 0.091403 
2.210588 1600 1.200000 0.018000 1.157500 0.423462 
2.311161 1600 1.200000 0.018000 1.157500 0.423462 
2.411734 1600 1.200000 0.018000 1.157500 0.423462 
2.512307 1600 1.200000 0.016800 1.156250 0.275128 
2.612882 1600 1.200000 0.016800 1.156250 0.275128 
2.713467 1600 1.200000 0.016800 1.157500 0.115700 
2.814110 1600 1.200000 0.016800 1.157500 0.115700 
