0.000444 350 0.948750 0.050244 1.158750 0.011580 
0.101280 350 0.948750 0.054984 1.158750 0.011580 
0.202042 350 0.948750 0.054984 1.158750 0.011580 
0.302823 350 0.948750 0.062568 1.158750 0.011580 
0.403569 350 0.948750 0.062568 1.158750 0.011580 
0.504303 350 0.948750 0.062568 1.158750 0.011580 
0.605046 350 0.948750 0.063516 1.158750 0.011580 
0.705888 350 0.948750 0.063516 1.158750 0.011580 
0.806693 350 0.948750 0.063516 1.158750 0.011580 
0.907624 350 0.948750 0.057828 1.158750 0.011580 
1.008454 350 0.948750 0.057828 1.158750 0.011580 
1.109269 350 0.948750 0.054984 1.158750 0.011580 
1.210017 350 0.948750 0.054984 1.158750 0.011580 
1.310763 350 0.948750 0.054984 1.158750 0.011580 
1.411508 350 0.948750 0.051192 1.158750 0.011580 
1.512197 350 0.948750 0.051192 1.158750 0.011580 
1.612944 350 0.948750 0.051192 1.158750 0.011580 
1.713687 350 0.948750 0.050244 1.158750 0.011580 
1.814472 350 0.948750 0.050244 1.158750 0.011580 
1.915552 350 0.948750 0.050244 1.158750 0.011580 
2.016342 350 0.948750 0.050244 1.158750 0.011580 
2.117087 350 0.948750 0.050244 1.158750 0.011580 
2.217871 350 0.948750 0.051192 1.158750 0.011580 
2.318609 350 0.948750 0.051192 1.158750 0.011580 
2.419333 350 0.948750 0.051192 1.158750 0.011580 
2.520087 350 0.948750 0.051192 1.158750 0.011580 
2.620822 350 0.948750 0.051192 1.158750 0.011580 
2.721565 350 0.948750 0.049296 1.158750 0.011580 
2.822381 350 0.948750 0.049296 1.158750 0.011580 
2.923224 350 0.948750 0.049296 1.158750 0.011580 
3.024058 350 0.948750 0.052140 1.158750 0.011580 
3.124876 350 0.948750 0.052140 1.158750 0.011580 
3.225626 350 0.948750 0.053088 1.158750 0.011580 
3.326385 350 0.948750 0.053088 1.158750 0.011580 
3.427131 350 0.948750 0.053088 1.158750 0.011580 
3.527905 350 0.948750 0.050244 1.158750 0.011580 
3.628644 350 0.948750 0.050244 1.158750 0.011580 
3.729377 350 0.948750 0.050244 1.158750 0.011580 
3.830153 350 0.948750 0.050244 1.158750 0.011580 
3.930893 350 0.948750 0.050244 1.158750 0.011580 
4.031655 350 0.948750 0.050244 1.158750 0.011580 
4.132490 350 0.948750 0.050244 1.158750 0.011580 
4.233234 350 0.948750 0.050244 1.158750 0.011580 
4.333982 350 0.948750 0.050244 1.158750 0.011580 
4.434747 350 0.948750 0.050244 1.158750 0.011580 
4.535499 350 0.948750 0.050244 1.158750 0.011580 
4.636241 350 0.948750 0.050244 1.158750 0.011580 
4.736987 350 0.948750 0.050244 1.158750 0.011580 
4.837950 350 0.948750 0.050244 1.158750 0.011580 
4.938696 350 0.948750 0.050244 1.158750 0.011580 
5.039457 350 0.948750 0.050244 1.158750 0.011580 
5.140205 350 0.948750 0.050244 1.158750 0.011580 
5.240946 350 0.948750 0.050244 1.158750 0.011580 
5.341673 350 0.948750 0.051192 1.158750 0.011580 
5.442473 350 0.948750 0.051192 1.158750 0.011580 
5.543220 350 0.948750 0.051192 1.158750 0.011580 
5.644044 350 0.948750 0.056880 1.158750 0.011580 
5.745043 350 0.948750 0.056880 1.158750 0.011580 
5.845848 350 0.948750 0.056880 1.158750 0.011580 
5.946652 350 0.948750 0.056880 1.158750 0.011580 
6.047584 350 0.948750 0.056880 1.158750 0.011580 
6.148412 350 0.951250 0.021873 1.158750 0.011580 
6.249284 350 0.951250 0.021873 1.158750 0.011580 
6.350159 350 0.951250 0.021873 1.158750 0.011580 
6.451035 350 0.950000 0.019000 1.158750 0.011580 
6.551906 350 0.950000 0.019000 1.158750 0.011580 
6.652869 350 0.951250 0.010461 1.158750 0.011580 
6.753797 350 0.951250 0.010461 1.158750 0.011580 
6.854797 350 0.951250 0.010461 1.158750 0.011580 
6.955801 350 0.950000 0.027550 1.158750 0.011580 
7.056798 350 0.950000 0.027550 1.158750 0.011580 
7.157838 350 0.950000 0.027550 1.158750 0.011580 
7.258846 350 0.951250 0.008559 1.158750 0.011580 
7.359855 350 0.951250 0.008559 1.158750 0.011580 
7.460855 350 0.951250 0.009510 1.158750 0.011580 
