0.000363 450 1.011250 0.073803 1.158750 0.011580 
0.101047 450 1.011250 0.073803 1.158750 0.011580 
0.201736 450 1.011250 0.073803 1.158750 0.011580 
0.302383 450 1.011250 0.088968 1.158750 0.011580 
0.403105 450 1.011250 0.088968 1.158750 0.011580 
0.503757 450 1.011250 0.089979 1.158750 0.011580 
0.604462 450 1.011250 0.089979 1.158750 0.011580 
0.705124 450 1.011250 0.089979 1.158750 0.011580 
0.805748 450 1.011250 0.081891 1.158750 0.011580 
0.908131 450 1.011250 0.081891 1.158750 0.011580 
1.008809 450 1.011250 0.081891 1.158750 0.011580 
1.109509 450 1.011250 0.074814 1.158750 0.011580 
1.210152 450 1.011250 0.074814 1.158750 0.011580 
1.310797 450 1.011250 0.076836 1.158750 0.011580 
1.411494 450 1.011250 0.076836 1.158750 0.011580 
1.512133 450 1.011250 0.076836 1.158750 0.011580 
1.612797 450 1.011250 0.073803 1.158750 0.011580 
1.713443 450 1.011250 0.073803 1.158750 0.011580 
1.814150 450 1.011250 0.073803 1.158750 0.011580 
1.914778 450 1.011250 0.073803 1.158750 0.011580 
2.015441 450 1.011250 0.073803 1.158750 0.011580 
2.116079 450 1.011250 0.073803 1.158750 0.011580 
2.216696 450 1.011250 0.073803 1.158750 0.011580 
2.317316 450 1.011250 0.073803 1.158750 0.011580 
2.417996 450 1.011250 0.072792 1.158750 0.011580 
2.518638 450 1.011250 0.072792 1.158750 0.011580 
2.619330 450 1.011250 0.073803 1.158750 0.011580 
2.719959 450 1.011250 0.073803 1.158750 0.011580 
2.820570 450 1.011250 0.073803 1.158750 0.011580 
2.921199 450 1.011250 0.073803 1.158750 0.011580 
3.021896 450 1.011250 0.073803 1.158750 0.011580 
3.122597 450 1.011250 0.073803 1.158750 0.011580 
3.223284 450 1.011250 0.078858 1.158750 0.011580 
3.323904 450 1.011250 0.078858 1.158750 0.011580 
3.424517 450 1.011250 0.073803 1.158750 0.011580 
3.525148 450 1.011250 0.073803 1.158750 0.011580 
3.625758 450 1.011250 0.073803 1.158750 0.011580 
3.726360 450 1.011250 0.073803 1.158750 0.011580 
3.826979 450 1.011250 0.073803 1.158750 0.011580 
3.927662 450 1.011250 0.073803 1.158750 0.011580 
4.028392 450 1.011250 0.073803 1.158750 0.011580 
4.129034 450 1.011250 0.073803 1.158750 0.011580 
4.229647 450 1.011250 0.073803 1.158750 0.011580 
4.330338 450 1.011250 0.073803 1.158750 0.011580 
4.431033 450 1.011250 0.073803 1.158750 0.011580 
4.531769 450 1.011250 0.081891 1.158750 0.011580 
4.632533 450 1.011250 0.081891 1.158750 0.011580 
4.733332 450 1.013750 0.016208 1.158750 0.011580 
4.834199 450 1.013750 0.016208 1.158750 0.011580 
4.936280 450 1.013750 0.016208 1.158750 0.011580 
5.037055 450 1.013750 0.013169 1.158750 0.011580 
5.137924 450 1.013750 0.013169 1.158750 0.011580 
5.238713 450 1.013750 0.013169 1.158750 0.011580 
5.339430 450 1.013750 0.013169 1.158750 0.011580 
5.440227 450 1.013750 0.013169 1.158750 0.011580 
5.541094 450 1.012500 0.040480 1.158750 0.011580 
5.641962 450 1.012500 0.040480 1.158750 0.011580 
5.742824 450 1.012500 0.040480 1.158750 0.011580 
5.843566 450 1.012500 0.040480 1.158750 0.011580 
5.944284 450 1.012500 0.040480 1.158750 0.011580 
6.045052 450 1.013750 0.013169 1.158750 0.011580 
6.145812 450 1.013750 0.013169 1.158750 0.011580 
6.246582 450 1.013750 0.013169 1.158750 0.011580 
6.347353 450 1.013750 0.014182 1.158750 0.011580 
6.448174 450 1.013750 0.014182 1.158750 0.011580 
