0.000203 1300 1.200000 0.016800 1.051250 1.148743 
0.100680 1300 1.200000 0.018000 1.051250 1.043643 
0.201126 1300 1.200000 0.018000 1.051250 1.043643 
0.301610 1300 1.200000 0.018000 1.051250 1.043643 
0.402017 1300 1.200000 0.018000 1.051250 1.046796 
0.502412 1300 1.200000 0.018000 1.051250 1.046796 
0.602817 1300 1.200000 0.016800 1.051250 1.151896 
0.703211 1300 1.200000 0.016800 1.051250 1.151896 
0.803620 1300 1.200000 0.016800 1.051250 1.151896 
0.904062 1300 1.200000 0.018000 1.051250 1.153998 
1.004559 1300 1.200000 0.018000 1.051250 1.153998 
1.105058 1300 1.200000 0.018000 1.051250 1.153998 
1.205614 1300 1.200000 0.018000 1.052500 0.947852 
1.306244 1300 1.200000 0.018000 1.052500 0.947852 
1.406874 1300 1.200000 0.018000 1.057500 0.096187 
1.507505 1300 1.200000 0.018000 1.057500 0.096187 
1.608139 1300 1.200000 0.018000 1.057500 0.096187 
1.708774 1300 1.200000 0.018000 1.057500 0.100415 
1.809335 1300 1.200000 0.018000 1.057500 0.100415 
1.909887 1300 1.200000 0.016800 1.057500 0.114156 
2.013892 1300 1.200000 0.016800 1.057500 0.114156 
2.114510 1300 1.200000 0.016800 1.057500 0.114156 
2.215132 1300 1.200000 0.016800 1.057500 0.114156 
2.315826 1300 1.200000 0.016800 1.057500 0.114156 
2.416321 1300 1.200000 0.016800 1.057500 0.114156 
2.516826 1300 1.200000 0.016800 1.056250 0.225984 
2.617372 1300 1.200000 0.016800 1.056250 0.225984 
2.717909 1300 1.200000 0.016800 1.058750 0.129076 
2.818462 1300 1.200000 0.016800 1.058750 0.129076 
2.919010 1300 1.200000 0.016800 1.058750 0.129076 
3.019561 1300 1.200000 0.016800 1.057500 0.082446 
