0.000550 250 0.000000 0.000000 0.000000 0.000000 
0.101872 250 0.000000 0.000000 0.000000 0.000000 
0.202880 250 0.000000 0.000000 0.000000 0.000000 
0.303830 250 0.948750 0.046452 1.158750 0.011580 
0.404785 250 0.948750 0.046452 1.158750 0.011580 
0.505719 250 0.948750 0.046452 1.158750 0.011580 
0.606774 250 0.948750 0.047400 1.158750 0.011580 
0.707730 250 0.948750 0.047400 1.158750 0.011580 
0.808700 250 0.948750 0.047400 1.158750 0.011580 
0.909761 250 0.948750 0.047400 1.158750 0.011580 
1.010782 250 0.948750 0.047400 1.158750 0.011580 
1.111885 250 0.948750 0.046452 1.158750 0.011580 
1.212875 250 0.948750 0.046452 1.158750 0.011580 
1.313854 250 0.950000 0.038000 1.158750 0.011580 
1.414832 250 0.950000 0.038000 1.158750 0.011580 
1.515799 250 0.950000 0.038000 1.158750 0.011580 
1.616864 250 0.950000 0.038000 1.158750 0.011580 
1.717844 250 0.950000 0.038000 1.158750 0.011580 
1.818813 250 0.950000 0.038000 1.158750 0.011580 
1.919794 250 0.950000 0.038000 1.158750 0.011580 
2.020763 250 0.950000 0.038000 1.158750 0.011580 
2.121793 250 0.950000 0.038000 1.158750 0.011580 
2.222791 250 0.950000 0.038000 1.158750 0.011580 
2.323777 250 0.950000 0.038000 1.158750 0.011580 
2.424792 250 0.950000 0.038000 1.158750 0.011580 
2.525791 250 0.950000 0.038000 1.158750 0.011580 
2.626868 250 0.950000 0.038000 1.158750 0.011580 
2.727896 250 0.950000 0.038000 1.158750 0.011580 
2.828959 250 0.950000 0.038000 1.158750 0.011580 
2.930004 250 0.950000 0.040850 1.158750 0.011580 
3.031040 250 0.950000 0.040850 1.158750 0.011580 
3.132106 250 0.950000 0.040850 1.158750 0.011580 
3.233094 250 0.950000 0.038000 1.158750 0.011580 
3.334066 250 0.950000 0.038000 1.158750 0.011580 
3.435040 250 0.950000 0.038000 1.158750 0.011580 
3.536009 250 0.950000 0.038000 1.158750 0.011580 
3.637083 250 0.950000 0.038000 1.158750 0.011580 
3.738054 250 0.950000 0.038000 1.158750 0.011580 
3.839029 250 0.950000 0.038000 1.158750 0.011580 
3.940053 250 0.950000 0.038000 1.158750 0.011580 
4.041043 250 0.948750 0.037920 1.158750 0.011580 
4.142085 250 0.948750 0.037920 1.158750 0.011580 
4.243057 250 0.948750 0.037920 1.158750 0.011580 
4.344030 250 0.948750 0.037920 1.158750 0.011580 
4.445000 250 0.948750 0.037920 1.158750 0.011580 
4.545968 250 0.950000 0.038000 1.158750 0.011580 
4.647242 250 0.950000 0.038000 1.158750 0.011580 
4.748246 250 0.950000 0.038000 1.158750 0.011580 
4.849288 250 0.950000 0.038000 1.158750 0.011580 
4.950289 250 0.950000 0.038000 1.158750 0.011580 
5.051305 250 0.950000 0.038000 1.158750 0.011580 
5.152321 250 0.950000 0.038000 1.158750 0.011580 
5.253310 250 0.950000 0.038000 1.158750 0.011580 
5.354277 250 0.950000 0.038000 1.158750 0.011580 
5.455257 250 0.950000 0.038000 1.158750 0.011580 
5.556232 250 0.950000 0.038000 1.158750 0.011580 
5.657304 250 0.950000 0.038000 1.158750 0.011580 
5.758287 250 0.950000 0.038000 1.158750 0.011580 
5.859261 250 0.950000 0.038000 1.158750 0.011580 
5.960265 250 0.950000 0.038000 1.158750 0.011580 
6.061296 250 0.948750 0.037920 1.158750 0.011580 
6.162275 250 0.948750 0.037920 1.158750 0.011580 
6.263280 250 0.948750 0.037920 1.158750 0.011580 
6.364261 250 0.950000 0.038000 1.158750 0.011580 
6.465256 250 0.950000 0.038000 1.158750 0.011580 
6.566171 250 0.950000 0.038000 1.158750 0.011580 
6.667258 250 0.950000 0.038000 1.158750 0.011580 
6.768294 250 0.950000 0.038000 1.158750 0.011580 
6.869273 250 0.950000 0.038000 1.158750 0.011580 
6.970291 250 0.950000 0.038000 1.158750 0.011580 
7.071317 250 0.950000 0.038000 1.158750 0.011580 
7.172288 250 0.950000 0.038000 1.158750 0.011580 
7.273279 250 0.950000 0.038000 1.158750 0.011580 
7.374258 250 0.950000 0.038000 1.158750 0.011580 
7.475221 250 0.950000 0.038000 1.158750 0.011580 
7.576157 250 0.950000 0.038000 1.158750 0.011580 
7.677202 250 0.950000 0.038000 1.158750 0.011580 
7.778196 250 0.950000 0.038000 1.158750 0.011580 
7.879156 250 0.950000 0.038000 1.158750 0.011580 
7.980174 250 0.950000 0.038000 1.158750 0.011580 
8.081159 250 0.950000 0.038000 1.158750 0.011580 
8.182202 250 0.950000 0.038000 1.158750 0.011580 
8.283443 250 0.950000 0.038000 1.158750 0.011580 
8.384440 250 0.950000 0.038000 1.158750 0.011580 
8.485630 250 0.948750 0.040764 1.158750 0.011580 
8.586910 250 0.948750 0.040764 1.158750 0.011580 
8.687959 250 0.948750 0.040764 1.158750 0.011580 
8.789065 250 0.950000 0.028500 1.158750 0.011580 
8.890145 250 0.950000 0.028500 1.158750 0.011580 
8.991305 250 0.951250 0.010461 1.158750 0.011580 
9.092429 250 0.951250 0.010461 1.158750 0.011580 
9.193535 250 0.951250 0.010461 1.158750 0.011580 
9.294596 250 0.951250 0.009510 1.158750 0.011580 
9.395778 250 0.951250 0.009510 1.158750 0.011580 
9.497067 250 0.950000 0.024700 1.158750 0.011580 
9.598364 250 0.950000 0.024700 1.158750 0.011580 
9.699605 250 0.950000 0.024700 1.158750 0.011580 
