0.000505 300 0.948750 0.047400 1.158750 0.011580 
0.101452 300 0.948750 0.047400 1.158750 0.011580 
0.202360 300 0.948750 0.047400 1.158750 0.011580 
0.303253 300 0.948750 0.054984 1.158750 0.011580 
0.404067 300 0.948750 0.054984 1.158750 0.011580 
0.504888 300 0.948750 0.054984 1.158750 0.011580 
0.605745 300 0.948750 0.054984 1.158750 0.011580 
0.706620 300 0.948750 0.054984 1.158750 0.011580 
0.807653 300 0.948750 0.054984 1.158750 0.011580 
0.908576 300 0.948750 0.054984 1.158750 0.011580 
1.009506 300 0.948750 0.049296 1.158750 0.011580 
1.110418 300 0.948750 0.049296 1.158750 0.011580 
1.211292 300 0.948750 0.049296 1.158750 0.011580 
1.312215 300 0.948750 0.045504 1.158750 0.011580 
1.413057 300 0.948750 0.045504 1.158750 0.011580 
1.513900 300 0.948750 0.045504 1.158750 0.011580 
1.615454 300 0.948750 0.044556 1.158750 0.011580 
1.716362 300 0.948750 0.044556 1.158750 0.011580 
1.817331 300 0.948750 0.047400 1.158750 0.011580 
1.918245 300 0.948750 0.047400 1.158750 0.011580 
2.019142 300 0.948750 0.047400 1.158750 0.011580 
2.120043 300 0.948750 0.044556 1.158750 0.011580 
2.220955 300 0.948750 0.044556 1.158750 0.011580 
2.321907 300 0.948750 0.044556 1.158750 0.011580 
2.422770 300 0.948750 0.043608 1.158750 0.011580 
2.523640 300 0.948750 0.043608 1.158750 0.011580 
2.624488 300 0.948750 0.044556 1.158750 0.011580 
2.725345 300 0.948750 0.044556 1.158750 0.011580 
2.826283 300 0.948750 0.044556 1.158750 0.011580 
2.927285 300 0.948750 0.047400 1.158750 0.011580 
3.028197 300 0.948750 0.047400 1.158750 0.011580 
3.129082 300 0.948750 0.046452 1.158750 0.011580 
3.230007 300 0.948750 0.046452 1.158750 0.011580 
3.330865 300 0.948750 0.046452 1.158750 0.011580 
3.431713 300 0.948750 0.043608 1.158750 0.011580 
3.532620 300 0.948750 0.043608 1.158750 0.011580 
3.633480 300 0.948750 0.043608 1.158750 0.011580 
3.734327 300 0.948750 0.044556 1.158750 0.011580 
3.835185 300 0.948750 0.044556 1.158750 0.011580 
3.936025 300 0.948750 0.044556 1.158750 0.011580 
4.036899 300 0.948750 0.044556 1.158750 0.011580 
4.137736 300 0.948750 0.044556 1.158750 0.011580 
4.238614 300 0.948750 0.044556 1.158750 0.011580 
4.339464 300 0.948750 0.044556 1.158750 0.011580 
4.440306 300 0.948750 0.044556 1.158750 0.011580 
4.541149 300 0.948750 0.044556 1.158750 0.011580 
4.642055 300 0.948750 0.044556 1.158750 0.011580 
4.742894 300 0.948750 0.044556 1.158750 0.011580 
4.843769 300 0.948750 0.044556 1.158750 0.011580 
4.944620 300 0.948750 0.044556 1.158750 0.011580 
5.045467 300 0.948750 0.044556 1.158750 0.011580 
5.146320 300 0.948750 0.044556 1.158750 0.011580 
5.247272 300 0.948750 0.044556 1.158750 0.011580 
5.348127 300 0.948750 0.044556 1.158750 0.011580 
5.448974 300 0.948750 0.044556 1.158750 0.011580 
5.549809 300 0.948750 0.044556 1.158750 0.011580 
5.650657 300 0.948750 0.044556 1.158750 0.011580 
5.751509 300 0.948750 0.044556 1.158750 0.011580 
5.852459 300 0.948750 0.044556 1.158750 0.011580 
5.953325 300 0.948750 0.044556 1.158750 0.011580 
6.054210 300 0.948750 0.044556 1.158750 0.011580 
6.155086 300 0.948750 0.044556 1.158750 0.011580 
6.255969 300 0.948750 0.044556 1.158750 0.011580 
6.356815 300 0.948750 0.044556 1.158750 0.011580 
6.457719 300 0.948750 0.044556 1.158750 0.011580 
6.558628 300 0.948750 0.044556 1.158750 0.011580 
6.659488 300 0.948750 0.044556 1.158750 0.011580 
6.760405 300 0.948750 0.044556 1.158750 0.011580 
6.861403 300 0.948750 0.050244 1.158750 0.011580 
6.962410 300 0.948750 0.050244 1.158750 0.011580 
7.063339 300 0.948750 0.050244 1.158750 0.011580 
7.164319 300 0.950000 0.023750 1.158750 0.011580 
7.265303 300 0.950000 0.023750 1.158750 0.011580 
7.366281 300 0.951250 0.008559 1.158750 0.011580 
7.467329 300 0.951250 0.008559 1.158750 0.011580 
7.568241 300 0.951250 0.008559 1.158750 0.011580 
7.669224 300 0.951250 0.010461 1.158750 0.011580 
7.770330 300 0.951250 0.010461 1.158750 0.011580 
7.871285 300 0.950000 0.026600 1.158750 0.011580 
7.972289 300 0.950000 0.026600 1.158750 0.011580 
8.073211 300 0.950000 0.026600 1.158750 0.011580 
8.174181 300 0.951250 0.009510 1.158750 0.011580 
8.275604 300 0.951250 0.009510 1.158750 0.011580 
8.376584 300 0.951250 0.009510 1.158750 0.011580 
8.477616 300 0.951250 0.011412 1.158750 0.011580 
