0.000190 1400 1.200000 0.016800 1.090000 1.346150 
0.100641 1400 1.200000 0.016800 1.090000 1.346150 
0.201118 1400 1.200000 0.016800 1.090000 1.301460 
0.301574 1400 1.200000 0.016800 1.090000 1.301460 
0.402024 1400 1.200000 0.016800 1.090000 1.301460 
0.502400 1400 1.200000 0.016800 1.088750 1.157632 
0.602797 1400 1.200000 0.016800 1.088750 1.157632 
0.703185 1400 1.200000 0.018000 1.090000 1.354870 
0.803562 1400 1.200000 0.018000 1.090000 1.354870 
0.903939 1400 1.200000 0.018000 1.090000 1.354870 
1.004423 1400 1.200000 0.018000 1.090000 1.358140 
1.104856 1400 1.200000 0.018000 1.090000 1.358140 
1.205339 1400 1.200000 0.018000 1.090000 1.358140 
1.305822 1400 1.200000 0.018000 1.090000 1.187010 
1.406357 1400 1.200000 0.018000 1.090000 1.187010 
1.507141 1400 1.200000 0.016800 1.095000 0.148920 
1.607668 1400 1.200000 0.016800 1.095000 0.148920 
1.708252 1400 1.200000 0.016800 1.095000 0.148920 
1.808739 1400 1.200000 0.016800 1.095000 0.070080 
1.909227 1400 1.200000 0.016800 1.095000 0.070080 
2.016518 1400 1.200000 0.016800 1.096250 0.119464 
2.116995 1400 1.200000 0.016800 1.096250 0.119464 
2.217638 1400 1.200000 0.016800 1.096250 0.119464 
2.318259 1400 1.200000 0.016800 1.092500 0.472836 
2.418872 1400 1.200000 0.016800 1.092500 0.472836 
2.519484 1400 1.200000 0.016800 1.092500 0.472836 
2.620097 1400 1.200000 0.016800 1.095000 0.090885 
2.720724 1400 1.200000 0.016800 1.095000 0.090885 
2.821359 1400 1.200000 0.016800 1.096250 0.128232 
2.921853 1400 1.200000 0.016800 1.096250 0.128232 
