0.000234 1100 1.200000 0.016800 0.988750 0.842764 
0.100775 1100 1.200000 0.016800 0.990000 0.788040 
0.201261 1100 1.200000 0.016800 0.990000 0.788040 
0.301782 1100 1.200000 0.016800 0.990000 0.711810 
0.402257 1100 1.200000 0.016800 0.990000 0.711810 
0.502697 1100 1.200000 0.016800 0.990000 0.711810 
0.603150 1100 1.200000 0.016800 0.988750 0.850668 
0.703628 1100 1.200000 0.016800 0.988750 0.850668 
0.804082 1100 1.200000 0.016800 0.988750 0.850668 
0.904522 1100 1.200000 0.016800 0.988750 0.853632 
1.004978 1100 1.200000 0.016800 0.988750 0.853632 
1.105539 1100 1.200000 0.016800 0.988750 0.818064 
1.206058 1100 1.200000 0.016800 0.988750 0.818064 
1.306676 1100 1.200000 0.016800 0.988750 0.818064 
1.407377 1100 1.200000 0.016800 0.992500 0.395808 
1.508079 1100 1.200000 0.016800 0.992500 0.395808 
1.608671 1100 1.200000 0.016800 0.992500 0.395808 
1.709372 1100 1.200000 0.016800 0.995000 0.097510 
1.810055 1100 1.200000 0.016800 0.995000 0.097510 
1.910756 1100 1.200000 0.016800 0.995000 0.102485 
2.011462 1100 1.200000 0.016800 0.995000 0.102485 
2.112011 1100 1.200000 0.016800 0.995000 0.102485 
2.212599 1100 1.200000 0.016800 0.995000 0.114425 
2.313157 1100 1.200000 0.016800 0.995000 0.114425 
2.413854 1100 1.200000 0.016800 0.995000 0.172135 
2.514471 1100 1.200000 0.016800 0.995000 0.172135 
2.615099 1100 1.200000 0.016800 0.995000 0.172135 
2.715726 1100 1.200000 0.016800 0.995000 0.084575 
2.816350 1100 1.200000 0.016800 0.995000 0.084575 
2.916892 1100 1.200000 0.016800 0.995000 0.084575 
3.017510 1100 1.200000 0.016800 0.995000 0.084575 
3.118136 1100 1.200000 0.016800 0.995000 0.084575 
