0.000316 550 1.135000 0.118040 1.158750 0.011580 
0.100916 550 1.135000 0.118040 1.158750 0.011580 
0.201499 550 1.135000 0.140740 1.158750 0.011580 
0.302073 550 1.135000 0.140740 1.158750 0.011580 
0.402678 550 1.135000 0.140740 1.158750 0.011580 
0.503378 550 1.135000 0.138470 1.158750 0.011580 
0.603972 550 1.135000 0.138470 1.158750 0.011580 
0.704561 550 1.135000 0.138470 1.158750 0.011580 
0.805183 550 1.135000 0.115770 1.158750 0.011580 
0.905788 550 1.135000 0.115770 1.158750 0.011580 
1.006437 550 1.135000 0.119175 1.158750 0.011580 
1.107081 550 1.135000 0.119175 1.158750 0.011580 
1.207674 550 1.135000 0.119175 1.158750 0.011580 
1.308303 550 1.135000 0.115770 1.158750 0.011580 
1.408862 550 1.135000 0.115770 1.158750 0.011580 
1.509423 550 1.135000 0.115770 1.158750 0.011580 
1.610041 550 1.135000 0.115770 1.158750 0.011580 
1.710618 550 1.135000 0.115770 1.158750 0.011580 
1.811207 550 1.135000 0.114635 1.158750 0.011580 
1.911782 550 1.135000 0.114635 1.158750 0.011580 
2.012405 550 1.135000 0.114635 1.158750 0.011580 
2.112971 550 1.135000 0.115770 1.158750 0.011580 
2.213588 550 1.135000 0.115770 1.158750 0.011580 
2.314147 550 1.135000 0.114635 1.158750 0.011580 
2.414736 550 1.135000 0.114635 1.158750 0.011580 
2.515309 550 1.135000 0.114635 1.158750 0.011580 
2.615910 550 1.135000 0.114635 1.158750 0.011580 
2.716481 550 1.135000 0.114635 1.158750 0.011580 
2.817098 550 1.135000 0.115770 1.158750 0.011580 
2.917692 550 1.135000 0.115770 1.158750 0.011580 
3.018381 550 1.135000 0.115770 1.158750 0.011580 
3.119011 550 1.135000 0.114635 1.158750 0.011580 
3.219637 550 1.135000 0.114635 1.158750 0.011580 
3.320201 550 1.135000 0.114635 1.158750 0.011580 
3.420764 550 1.135000 0.121445 1.158750 0.011580 
3.521370 550 1.135000 0.121445 1.158750 0.011580 
3.621972 550 1.135000 0.114635 1.158750 0.011580 
3.722735 550 1.135000 0.114635 1.158750 0.011580 
3.825054 550 1.135000 0.114635 1.158750 0.011580 
3.925762 550 1.135000 0.121445 1.158750 0.011580 
4.026477 550 1.135000 0.121445 1.158750 0.011580 
4.127260 550 1.135000 0.121445 1.158750 0.011580 
4.228045 550 1.137500 0.029562 1.158750 0.011580 
4.328871 550 1.137500 0.029562 1.158750 0.011580 
4.429660 550 1.137500 0.025014 1.158750 0.011580 
4.530450 550 1.137500 0.025014 1.158750 0.011580 
4.631097 550 1.137500 0.025014 1.158750 0.011580 
4.731773 550 1.137500 0.019329 1.158750 0.011580 
4.832391 550 1.137500 0.019329 1.158750 0.011580 
4.933022 550 1.137500 0.059124 1.158750 0.011580 
5.033769 550 1.137500 0.059124 1.158750 0.011580 
5.134467 550 1.137500 0.059124 1.158750 0.011580 
5.235170 550 1.137500 0.023877 1.158750 0.011580 
5.335878 550 1.137500 0.023877 1.158750 0.011580 
5.436582 550 1.137500 0.023877 1.158750 0.011580 
5.537289 550 1.137500 0.019329 1.158750 0.011580 
5.637997 550 1.137500 0.019329 1.158750 0.011580 
