0.000273 900 1.200000 0.016800 0.927500 0.574740 
0.100967 900 1.200000 0.016800 0.927500 0.574740 
0.201520 900 1.200000 0.016800 0.928750 0.587424 
0.302118 900 1.200000 0.016800 0.928750 0.587424 
0.403251 900 1.200000 0.016800 0.930000 0.504990 
0.503806 900 1.200000 0.016800 0.930000 0.504990 
0.604362 900 1.200000 0.016800 0.930000 0.504990 
0.704957 900 1.200000 0.016800 0.928750 0.580928 
0.805514 900 1.200000 0.016800 0.928750 0.580928 
0.906107 900 1.200000 0.016800 0.928750 0.580928 
1.006686 900 1.200000 0.016800 0.927500 0.597915 
1.107312 900 1.200000 0.016800 0.927500 0.597915 
1.207849 900 1.200000 0.016800 0.928750 0.581856 
1.308405 900 1.200000 0.016800 0.928750 0.581856 
1.408950 900 1.200000 0.016800 0.928750 0.581856 
1.509538 900 1.200000 0.016800 0.927500 0.609966 
1.610138 900 1.200000 0.016800 0.927500 0.609966 
1.710844 900 1.200000 0.016800 0.928750 0.586496 
1.811625 900 1.200000 0.016800 0.928750 0.586496 
1.912290 900 1.200000 0.016800 0.928750 0.586496 
2.012939 900 1.200000 0.016800 0.932500 0.075492 
2.113673 900 1.200000 0.016800 0.932500 0.075492 
2.214365 900 1.200000 0.016800 0.932500 0.075492 
2.315059 900 1.200000 0.016800 0.932500 0.048464 
2.415751 900 1.200000 0.016800 0.932500 0.048464 
2.516382 900 1.200000 0.016800 0.933750 0.074640 
2.617054 900 1.200000 0.016800 0.933750 0.074640 
2.717710 900 1.200000 0.016800 0.933750 0.074640 
2.818396 900 1.200000 0.016800 0.931250 0.170373 
2.919013 900 1.200000 0.016800 0.931250 0.170373 
3.019686 900 1.200000 0.016800 0.931250 0.170373 
3.120346 900 1.200000 0.016800 0.932500 0.152848 
3.220986 900 1.200000 0.016800 0.932500 0.152848 
3.321697 900 1.200000 0.016800 0.931250 0.377055 
3.422304 900 1.200000 0.016800 0.931250 0.377055 
