0.000341 500 1.073750 0.094424 1.158750 0.011580 
0.100980 500 1.073750 0.094424 1.158750 0.011580 
0.201596 500 1.073750 0.094424 1.158750 0.011580 
0.302195 500 1.073750 0.114811 1.158750 0.011580 
0.402815 500 1.073750 0.114811 1.158750 0.011580 
0.503539 500 1.073750 0.115884 1.158750 0.011580 
0.604196 500 1.073750 0.115884 1.158750 0.011580 
0.704796 500 1.073750 0.115884 1.158750 0.011580 
0.805398 500 1.073750 0.093351 1.158750 0.011580 
0.905999 500 1.073750 0.093351 1.158750 0.011580 
1.006678 500 1.073750 0.093351 1.158750 0.011580 
1.107334 500 1.073750 0.095497 1.158750 0.011580 
1.207964 500 1.073750 0.095497 1.158750 0.011580 
1.308553 500 1.073750 0.095497 1.158750 0.011580 
1.409197 500 1.073750 0.095497 1.158750 0.011580 
1.509801 500 1.073750 0.095497 1.158750 0.011580 
1.610395 500 1.073750 0.091205 1.158750 0.011580 
1.710984 500 1.073750 0.091205 1.158750 0.011580 
1.811634 500 1.073750 0.092278 1.158750 0.011580 
1.912234 500 1.073750 0.092278 1.158750 0.011580 
2.012822 500 1.073750 0.092278 1.158750 0.011580 
2.113455 500 1.073750 0.093351 1.158750 0.011580 
2.214110 500 1.073750 0.093351 1.158750 0.011580 
2.314721 500 1.073750 0.093351 1.158750 0.011580 
2.415329 500 1.073750 0.092278 1.158750 0.011580 
2.515916 500 1.073750 0.092278 1.158750 0.011580 
2.616526 500 1.073750 0.092278 1.158750 0.011580 
2.717145 500 1.073750 0.092278 1.158750 0.011580 
2.817735 500 1.073750 0.092278 1.158750 0.011580 
2.918368 500 1.073750 0.092278 1.158750 0.011580 
3.019031 500 1.073750 0.092278 1.158750 0.011580 
3.119694 500 1.073750 0.092278 1.158750 0.011580 
3.220310 500 1.073750 0.092278 1.158750 0.011580 
3.320904 500 1.073750 0.092278 1.158750 0.011580 
3.421555 500 1.073750 0.099789 1.158750 0.011580 
3.522153 500 1.073750 0.099789 1.158750 0.011580 
3.622739 500 1.073750 0.099789 1.158750 0.011580 
3.723383 500 1.073750 0.092278 1.158750 0.011580 
3.823973 500 1.073750 0.092278 1.158750 0.011580 
3.924570 500 1.073750 0.092278 1.158750 0.011580 
4.026702 500 1.073750 0.092278 1.158750 0.011580 
4.127441 500 1.073750 0.092278 1.158750 0.011580 
4.228144 500 1.073750 0.094424 1.158750 0.011580 
4.328893 500 1.073750 0.094424 1.158750 0.011580 
4.429675 500 1.073750 0.094424 1.158750 0.011580 
4.530427 500 1.075000 0.058050 1.158750 0.011580 
4.631254 500 1.075000 0.058050 1.158750 0.011580 
4.732082 500 1.076250 0.021520 1.158750 0.011580 
4.832907 500 1.076250 0.021520 1.158750 0.011580 
4.933628 500 1.076250 0.021520 1.158750 0.011580 
5.034379 500 1.076250 0.016140 1.158750 0.011580 
5.135213 500 1.076250 0.016140 1.158750 0.011580 
5.235935 500 1.076250 0.016140 1.158750 0.011580 
5.336749 500 1.075000 0.045150 1.158750 0.011580 
5.437564 500 1.075000 0.045150 1.158750 0.011580 
5.538473 500 1.075000 0.018275 1.158750 0.011580 
5.639284 500 1.075000 0.018275 1.158750 0.011580 
5.740106 500 1.075000 0.018275 1.158750 0.011580 
5.840935 500 1.076250 0.017216 1.158750 0.011580 
5.941694 500 1.076250 0.017216 1.158750 0.011580 
