0.000268 1000 1.200000 0.016800 0.951250 0.712299 
0.100865 1000 1.200000 0.016800 0.952500 0.675920 
0.201431 1000 1.200000 0.016800 0.952500 0.675920 
0.302002 1000 1.200000 0.016800 0.952500 0.675920 
0.402582 1000 1.200000 0.016800 0.953750 0.604202 
0.503151 1000 1.200000 0.016800 0.953750 0.604202 
0.603663 1000 1.200000 0.016800 0.953750 0.596578 
0.704177 1000 1.200000 0.016800 0.953750 0.596578 
0.804663 1000 1.200000 0.016800 0.953750 0.596578 
0.905192 1000 1.200000 0.016800 0.951250 0.702789 
1.005755 1000 1.200000 0.016800 0.951250 0.702789 
1.106326 1000 1.200000 0.016800 0.951250 0.702789 
1.206895 1000 1.200000 0.016800 0.951250 0.711348 
1.307573 1000 1.200000 0.016800 0.951250 0.711348 
1.408142 1000 1.200000 0.016800 0.952500 0.672112 
1.508721 1000 1.200000 0.016800 0.952500 0.672112 
1.609300 1000 1.200000 0.016800 0.952500 0.672112 
1.709901 1000 1.200000 0.016800 0.952500 0.667352 
1.810561 1000 1.200000 0.016800 0.952500 0.667352 
1.911148 1000 1.200000 0.016800 0.957500 0.104313 
2.011731 1000 1.200000 0.016800 0.957500 0.104313 
2.112484 1000 1.200000 0.016800 0.957500 0.104313 
2.213220 1000 1.200000 0.016800 0.957500 0.144507 
2.313841 1000 1.200000 0.016800 0.957500 0.144507 
2.414405 1000 1.200000 0.016800 0.957500 0.144507 
2.515083 1000 1.200000 0.016800 0.956250 0.316436 
2.615669 1000 1.200000 0.016800 0.956250 0.316436 
2.716269 1000 1.200000 0.016800 0.956250 0.284888 
2.816868 1000 1.200000 0.016800 0.956250 0.284888 
2.917442 1000 1.200000 0.016800 0.956250 0.284888 
3.018085 1000 1.200000 0.016800 0.957500 0.077517 
3.118722 1000 1.200000 0.016800 0.957500 0.077517 
3.219343 1000 1.200000 0.016800 0.957500 0.077517 
3.319980 1000 1.200000 0.016800 0.957500 0.197142 
3.420627 1000 1.200000 0.016800 0.957500 0.197142 
