0.000309 800 1.200000 0.016800 0.916250 0.516624 
0.101010 800 1.200000 0.016800 0.916250 0.516624 
0.201627 800 1.200000 0.016800 0.916250 0.516624 
0.302238 800 1.200000 0.016800 0.916250 0.439680 
0.402901 800 1.200000 0.016800 0.916250 0.439680 
0.503523 800 1.200000 0.016800 0.916250 0.439680 
0.604079 800 1.200000 0.016800 0.916250 0.497388 
0.704640 800 1.200000 0.016800 0.916250 0.497388 
0.805257 800 1.200000 0.016800 0.916250 0.524868 
0.905897 800 1.200000 0.016800 0.916250 0.524868 
1.006537 800 1.200000 0.016800 0.916250 0.524868 
1.107221 800 1.200000 0.016800 0.916250 0.506548 
1.207799 800 1.200000 0.016800 0.916250 0.506548 
1.308476 800 1.200000 0.016800 0.916250 0.533112 
1.409046 800 1.200000 0.016800 0.916250 0.533112 
1.509616 800 1.200000 0.016800 0.916250 0.533112 
1.610181 800 1.200000 0.016800 0.916250 0.532196 
1.710840 800 1.200000 0.016800 0.916250 0.532196 
1.811606 800 1.200000 0.016800 0.916250 0.532196 
1.912442 800 1.200000 0.016800 0.918750 0.291006 
2.013318 800 1.200000 0.016800 0.918750 0.291006 
2.114144 800 1.200000 0.016800 0.920000 0.071760 
2.214969 800 1.200000 0.016800 0.920000 0.071760 
2.315720 800 1.200000 0.016800 0.920000 0.071760 
2.416551 800 1.200000 0.016800 0.920000 0.071760 
2.517385 800 1.200000 0.016800 0.920000 0.071760 
2.618114 800 1.200000 0.016800 0.920000 0.071760 
2.718935 800 1.200000 0.016800 0.920000 0.057960 
2.819819 800 1.200000 0.016800 0.920000 0.057960 
2.920497 800 1.200000 0.016800 0.920000 0.100280 
3.021191 800 1.200000 0.016800 0.920000 0.100280 
3.121896 800 1.200000 0.016800 0.920000 0.100280 
3.222574 800 1.200000 0.016800 0.918750 0.145044 
3.323351 800 1.200000 0.016800 0.918750 0.145044 
3.424086 800 1.200000 0.016800 0.920000 0.108560 
3.524819 800 1.200000 0.016800 0.920000 0.108560 
3.625542 800 1.200000 0.016800 0.920000 0.108560 
3.726246 800 1.200000 0.016800 0.920000 0.076360 
