0.000395 400 0.961250 0.063426 1.158750 0.011580 
0.101151 400 0.961250 0.063426 1.158750 0.011580 
0.201842 400 0.961250 0.072075 1.158750 0.011580 
0.302567 400 0.961250 0.072075 1.158750 0.011580 
0.403243 400 0.961250 0.072075 1.158750 0.011580 
0.503940 400 0.961250 0.073036 1.158750 0.011580 
0.604706 400 0.961250 0.073036 1.158750 0.011580 
0.705454 400 0.961250 0.073036 1.158750 0.011580 
0.806143 400 0.961250 0.062465 1.158750 0.011580 
0.906857 400 0.961250 0.062465 1.158750 0.011580 
1.007582 400 0.961250 0.061504 1.158750 0.011580 
1.108324 400 0.961250 0.061504 1.158750 0.011580 
1.209013 400 0.961250 0.061504 1.158750 0.011580 
1.309689 400 0.961250 0.061504 1.158750 0.011580 
1.410375 400 0.961250 0.061504 1.158750 0.011580 
1.511061 400 0.961250 0.061504 1.158750 0.011580 
1.611768 400 0.961250 0.058621 1.158750 0.011580 
1.712448 400 0.961250 0.058621 1.158750 0.011580 
1.813182 400 0.961250 0.058621 1.158750 0.011580 
1.913887 400 0.961250 0.058621 1.158750 0.011580 
2.014666 400 0.961250 0.058621 1.158750 0.011580 
2.115458 400 0.961250 0.058621 1.158750 0.011580 
2.216234 400 0.961250 0.058621 1.158750 0.011580 
2.317000 400 0.961250 0.064387 1.158750 0.011580 
2.418247 400 0.961250 0.064387 1.158750 0.011580 
2.520831 400 0.961250 0.064387 1.158750 0.011580 
2.621574 400 0.961250 0.064387 1.158750 0.011580 
2.722326 400 0.961250 0.064387 1.158750 0.011580 
2.823151 400 0.961250 0.064387 1.158750 0.011580 
2.923945 400 0.961250 0.060543 1.158750 0.011580 
3.024682 400 0.961250 0.060543 1.158750 0.011580 
3.125429 400 0.961250 0.061504 1.158750 0.011580 
3.226437 400 0.961250 0.061504 1.158750 0.011580 
3.327175 400 0.961250 0.061504 1.158750 0.011580 
3.428096 400 0.961250 0.062465 1.158750 0.011580 
3.528846 400 0.961250 0.062465 1.158750 0.011580 
3.629592 400 0.961250 0.062465 1.158750 0.011580 
3.730280 400 0.961250 0.060543 1.158750 0.011580 
3.831015 400 0.961250 0.060543 1.158750 0.011580 
3.931772 400 0.961250 0.058621 1.158750 0.011580 
4.032499 400 0.961250 0.058621 1.158750 0.011580 
4.133251 400 0.961250 0.058621 1.158750 0.011580 
4.233977 400 0.961250 0.058621 1.158750 0.011580 
4.337598 400 0.961250 0.058621 1.158750 0.011580 
4.438340 400 0.961250 0.060543 1.158750 0.011580 
4.539102 400 0.961250 0.060543 1.158750 0.011580 
4.639860 400 0.961250 0.060543 1.158750 0.011580 
4.740611 400 0.961250 0.063426 1.158750 0.011580 
4.841308 400 0.961250 0.063426 1.158750 0.011580 
4.942044 400 0.961250 0.063426 1.158750 0.011580 
5.042857 400 0.961250 0.058621 1.158750 0.011580 
5.143595 400 0.961250 0.058621 1.158750 0.011580 
5.244332 400 0.961250 0.058621 1.158750 0.011580 
5.345077 400 0.961250 0.058621 1.158750 0.011580 
5.445820 400 0.961250 0.058621 1.158750 0.011580 
5.546570 400 0.961250 0.060543 1.158750 0.011580 
5.647318 400 0.961250 0.060543 1.158750 0.011580 
5.748139 400 0.961250 0.062465 1.158750 0.011580 
5.848893 400 0.961250 0.062465 1.158750 0.011580 
5.949633 400 0.961250 0.062465 1.158750 0.011580 
6.050459 400 0.961250 0.064387 1.158750 0.011580 
6.151250 400 0.961250 0.064387 1.158750 0.011580 
6.252003 400 0.961250 0.064387 1.158750 0.011580 
6.352887 400 0.962500 0.030784 1.158750 0.011580 
6.453655 400 0.962500 0.030784 1.158750 0.011580 
6.554454 400 0.962500 0.024050 1.158750 0.011580 
6.655378 400 0.962500 0.024050 1.158750 0.011580 
6.756127 400 0.962500 0.024050 1.158750 0.011580 
6.856879 400 0.962500 0.014430 1.158750 0.011580 
