0.000214 1200 1.200000 0.016800 1.012500 0.979616 
0.100747 1200 1.200000 0.016800 1.012500 0.979616 
0.201251 1200 1.200000 0.016800 1.013750 0.931960 
0.301761 1200 1.200000 0.016800 1.013750 0.931960 
0.402248 1200 1.200000 0.018000 1.015000 0.816060 
0.502670 1200 1.200000 0.018000 1.015000 0.816060 
0.603087 1200 1.200000 0.018000 1.015000 0.816060 
0.703517 1200 1.200000 0.016800 1.012500 0.961400 
0.803949 1200 1.200000 0.016800 1.012500 0.961400 
0.904381 1200 1.200000 0.016800 1.012500 0.961400 
1.004900 1200 1.200000 0.016800 1.012500 0.979616 
1.105432 1200 1.200000 0.016800 1.012500 0.979616 
1.206069 1200 1.200000 0.018000 1.013750 0.942090 
1.306764 1200 1.200000 0.018000 1.013750 0.942090 
1.407348 1200 1.200000 0.018000 1.013750 0.942090 
1.507889 1200 1.200000 0.016800 1.017500 0.426123 
1.608412 1200 1.200000 0.016800 1.017500 0.426123 
1.708941 1200 1.200000 0.016800 1.017500 0.426123 
1.809518 1200 1.200000 0.016800 1.020000 0.090780 
1.910091 1200 1.200000 0.016800 1.020000 0.090780 
2.010679 1200 1.200000 0.016800 1.020000 0.091800 
2.111204 1200 1.200000 0.016800 1.020000 0.091800 
2.211785 1200 1.200000 0.016800 1.020000 0.091800 
2.312417 1200 1.200000 0.016800 1.020000 0.116280 
2.413004 1200 1.200000 0.016800 1.020000 0.116280 
2.513598 1200 1.200000 0.016800 1.020000 0.252960 
2.614204 1200 1.200000 0.016800 1.020000 0.252960 
2.714748 1200 1.200000 0.016800 1.020000 0.252960 
2.815295 1200 1.200000 0.016800 1.021250 0.075554 
2.915835 1200 1.200000 0.016800 1.021250 0.075554 
3.016449 1200 1.200000 0.016800 1.021250 0.075554 
