0.000179 1500 1.200000 0.018000 1.128750 1.564536 
0.100605 1500 1.200000 0.018000 1.128750 1.564536 
0.201025 1500 1.200000 0.018000 1.127500 1.415512 
0.301465 1500 1.200000 0.018000 1.127500 1.415512 
0.401881 1500 1.200000 0.018000 1.127500 1.415512 
0.502244 1500 1.200000 0.018000 1.127500 1.445941 
0.602595 1500 1.200000 0.018000 1.127500 1.445941 
0.702938 1500 1.200000 0.018000 1.128750 1.569048 
0.803284 1500 1.200000 0.018000 1.128750 1.569048 
0.903638 1500 1.200000 0.018000 1.128750 1.569048 
1.004119 1500 1.200000 0.018000 1.128750 1.539720 
1.104682 1500 1.200000 0.018000 1.128750 1.539720 
1.205186 1500 1.200000 0.018000 1.131250 0.400374 
1.305778 1500 1.200000 0.018000 1.131250 0.400374 
1.406372 1500 1.200000 0.018000 1.131250 0.400374 
1.506963 1500 1.200000 0.018000 1.132500 0.117728 
1.607556 1500 1.200000 0.018000 1.132500 0.117728 
1.707965 1500 1.200000 0.018000 1.132500 0.117728 
1.808560 1500 1.200000 0.016800 1.132500 0.153952 
1.909040 1500 1.200000 0.016800 1.132500 0.153952 
2.009491 1500 1.200000 0.018000 1.132500 0.153952 
2.109945 1500 1.200000 0.018000 1.132500 0.153952 
2.210422 1500 1.200000 0.018000 1.132500 0.153952 
2.310893 1500 1.200000 0.016800 1.131250 0.312156 
2.411397 1500 1.200000 0.016800 1.131250 0.312156 
2.511893 1500 1.200000 0.016800 1.131250 0.312156 
2.612405 1500 1.200000 0.016800 1.132500 0.341864 
2.712916 1500 1.200000 0.016800 1.132500 0.341864 
2.813435 1500 1.200000 0.016800 1.132500 0.095088 
