0.000300 600 1.198750 0.148552 1.158750 0.011580 
0.100881 600 1.198750 0.148552 1.158750 0.011580 
0.201453 600 1.198750 0.148552 1.158750 0.011580 
0.302012 600 1.198750 0.148552 1.158750 0.011580 
0.402614 600 1.198750 0.148552 1.158750 0.011580 
0.503248 600 1.198750 0.177304 1.158750 0.011580 
0.603800 600 1.198750 0.177304 1.158750 0.011580 
0.704332 600 1.198750 0.177304 1.158750 0.011580 
0.804887 600 1.198750 0.159334 1.158750 0.011580 
0.905426 600 1.198750 0.159334 1.158750 0.011580 
1.006037 600 1.198750 0.141364 1.158750 0.011580 
1.106648 600 1.198750 0.141364 1.158750 0.011580 
1.207218 600 1.198750 0.141364 1.158750 0.011580 
1.307754 600 1.198750 0.152146 1.158750 0.011580 
1.408404 600 1.198750 0.152146 1.158750 0.011580 
1.508957 600 1.198750 0.142562 1.158750 0.011580 
1.609500 600 1.198750 0.142562 1.158750 0.011580 
1.710032 600 1.198750 0.142562 1.158750 0.011580 
1.810579 600 1.198750 0.142562 1.158750 0.011580 
1.911116 600 1.198750 0.142562 1.158750 0.011580 
2.011667 600 1.198750 0.142562 1.158750 0.011580 
2.112207 600 1.198750 0.142562 1.158750 0.011580 
2.212800 600 1.198750 0.142562 1.158750 0.011580 
2.313399 600 1.197500 0.142443 1.158750 0.011580 
2.414220 600 1.197500 0.142443 1.158750 0.011580 
2.514801 600 1.197500 0.142443 1.158750 0.011580 
2.615399 600 1.198750 0.142562 1.158750 0.011580 
2.715963 600 1.198750 0.142562 1.158750 0.011580 
2.816492 600 1.198750 0.142562 1.158750 0.011580 
2.917027 600 1.198750 0.142562 1.158750 0.011580 
3.017638 600 1.198750 0.142562 1.158750 0.011580 
3.118246 600 1.197500 0.146034 1.158750 0.011580 
3.218793 600 1.197500 0.146034 1.158750 0.011580 
3.319324 600 1.197500 0.146034 1.158750 0.011580 
3.419913 600 1.198750 0.147354 1.158750 0.011580 
3.520666 600 1.198750 0.147354 1.158750 0.011580 
3.621316 600 1.198750 0.106622 1.158750 0.011580 
3.722077 600 1.198750 0.106622 1.158750 0.011580 
3.822832 600 1.198750 0.106622 1.158750 0.011580 
3.923658 600 1.200000 0.030000 1.158750 0.011580 
4.024296 600 1.200000 0.030000 1.158750 0.011580 
4.124980 600 1.200000 0.030000 1.158750 0.011580 
4.225657 600 1.200000 0.022800 1.158750 0.011580 
4.326285 600 1.200000 0.022800 1.158750 0.011580 
4.426984 600 1.200000 0.032400 1.158750 0.011580 
4.527660 600 1.200000 0.032400 1.158750 0.011580 
4.628341 600 1.200000 0.032400 1.158750 0.011580 
4.729020 600 1.200000 0.063600 1.158750 0.011580 
4.829650 600 1.200000 0.063600 1.158750 0.011580 
4.930414 600 1.200000 0.063600 1.158750 0.011580 
5.031182 600 1.200000 0.021600 1.158750 0.011580 
5.131947 600 1.200000 0.021600 1.158750 0.011580 
5.232708 600 1.200000 0.022800 1.158750 0.011580 
5.333461 600 1.200000 0.022800 1.158750 0.011580 
5.434052 600 1.200000 0.022800 1.158750 0.011580 
