0.000186 1400 1.200000 0.018000 1.091250 1.362659 
0.100640 1400 1.200000 0.018000 1.090000 1.362500 
0.201068 1400 1.200000 0.018000 1.090000 1.362500 
0.301496 1400 1.200000 0.018000 1.088750 1.180480 
0.401958 1400 1.200000 0.018000 1.088750 1.180480 
0.502356 1400 1.200000 0.018000 1.088750 1.180480 
0.602761 1400 1.200000 0.018000 1.090000 1.297100 
0.703132 1400 1.200000 0.018000 1.090000 1.297100 
0.803528 1400 1.200000 0.018000 1.090000 1.297100 
0.903896 1400 1.200000 0.018000 1.090000 1.361410 
1.004263 1400 1.200000 0.018000 1.090000 1.361410 
1.104751 1400 1.200000 0.018000 1.090000 1.329800 
1.205148 1400 1.200000 0.018000 1.090000 1.329800 
1.305542 1400 1.200000 0.018000 1.090000 1.329800 
1.405917 1400 1.200000 0.018000 1.090000 1.335250 
1.506301 1400 1.200000 0.018000 1.090000 1.335250 
1.606681 1400 1.200000 0.018000 1.090000 1.361410 
