0.000402 400 0.961250 0.061504 1.158750 0.013896 
0.101167 400 0.961250 0.072075 1.158750 0.013896 
0.201875 400 0.961250 0.072075 1.158750 0.013896 
0.302531 400 0.961250 0.072075 1.158750 0.013896 
0.403211 400 0.961250 0.074958 1.158750 0.013896 
0.503906 400 0.961250 0.074958 1.158750 0.013896 
0.604600 400 0.961250 0.075919 1.158750 0.013896 
0.705324 400 0.961250 0.075919 1.158750 0.013896 
0.806134 400 0.961250 0.075919 1.158750 0.013896 
0.906900 400 0.961250 0.069192 1.158750 0.013896 
1.007723 400 0.961250 0.069192 1.158750 0.013896 
1.108480 400 0.961250 0.069192 1.158750 0.013896 
1.209203 400 0.961250 0.068231 1.158750 0.013896 
1.309908 400 0.961250 0.068231 1.158750 0.013896 
1.410602 400 0.961250 0.061504 1.158750 0.013896 
1.511310 400 0.961250 0.061504 1.158750 0.013896 
1.612012 400 0.961250 0.061504 1.158750 0.013896 
1.712761 400 0.961250 0.061504 1.158750 0.013896 
1.813475 400 0.961250 0.061504 1.158750 0.013896 
1.914202 400 0.961250 0.061504 1.158750 0.013896 
2.014904 400 0.961250 0.061504 1.158750 0.013896 
2.115600 400 0.961250 0.061504 1.158750 0.013896 
2.216306 400 0.961250 0.061504 1.158750 0.013896 
2.316999 400 0.961250 0.061504 1.158750 0.013896 
2.417750 400 0.961250 0.061504 1.158750 0.013896 
2.518477 400 0.961250 0.061504 1.158750 0.013896 
2.619189 400 0.961250 0.061504 1.158750 0.013896 
2.719905 400 0.961250 0.061504 1.158750 0.013896 
2.820644 400 0.961250 0.061504 1.158750 0.013896 
2.921415 400 0.961250 0.061504 1.158750 0.013896 
3.022186 400 0.961250 0.065348 1.158750 0.013896 
3.123006 400 0.961250 0.065348 1.158750 0.013896 
3.223720 400 0.961250 0.065348 1.158750 0.013896 
3.324427 400 0.961250 0.065348 1.158750 0.013896 
3.425126 400 0.961250 0.065348 1.158750 0.013896 
3.525828 400 0.961250 0.061504 1.158750 0.013896 
3.626532 400 0.961250 0.061504 1.158750 0.013896 
3.727236 400 0.961250 0.061504 1.158750 0.013896 
3.828004 400 0.961250 0.061504 1.158750 0.013896 
3.928714 400 0.961250 0.061504 1.158750 0.013896 
4.029407 400 0.961250 0.061504 1.158750 0.013896 
4.130112 400 0.961250 0.061504 1.158750 0.013896 
4.230806 400 0.961250 0.061504 1.158750 0.013896 
4.331506 400 0.961250 0.061504 1.158750 0.013896 
4.432207 400 0.961250 0.061504 1.158750 0.013896 
4.532963 400 0.961250 0.061504 1.158750 0.013896 
4.633663 400 0.961250 0.061504 1.158750 0.013896 
4.734389 400 0.961250 0.061504 1.158750 0.013896 
4.835108 400 0.961250 0.061504 1.158750 0.013896 
4.935838 400 0.961250 0.061504 1.158750 0.013896 
5.036545 400 0.961250 0.061504 1.158750 0.013896 
5.137287 400 0.961250 0.061504 1.158750 0.013896 
5.238061 400 0.961250 0.061504 1.158750 0.013896 
5.338762 400 0.961250 0.061504 1.158750 0.013896 
5.439462 400 0.961250 0.061504 1.158750 0.013896 
5.540184 400 0.961250 0.061504 1.158750 0.013896 
5.640883 400 0.961250 0.062465 1.158750 0.013896 
5.741585 400 0.961250 0.062465 1.158750 0.013896 
5.842309 400 0.961250 0.062465 1.158750 0.013896 
5.943070 400 0.961250 0.061504 1.158750 0.013896 
6.045902 400 0.961250 0.061504 1.158750 0.013896 
6.146606 400 0.961250 0.061504 1.158750 0.013896 
6.247364 400 0.961250 0.061504 1.158750 0.013896 
6.348141 400 0.961250 0.061504 1.158750 0.013896 
6.448853 400 0.961250 0.062465 1.158750 0.013896 
6.549599 400 0.961250 0.062465 1.158750 0.013896 
6.650312 400 0.961250 0.062465 1.158750 0.013896 
6.751036 400 0.961250 0.061504 1.158750 0.013896 
6.851805 400 0.961250 0.061504 1.158750 0.013896 
6.952543 400 0.961250 0.062465 1.158750 0.013896 
7.053308 400 0.961250 0.062465 1.158750 0.013896 
7.154069 400 0.961250 0.062465 1.158750 0.013896 
7.254863 400 0.961250 0.061504 1.158750 0.013896 
7.355637 400 0.961250 0.061504 1.158750 0.013896 
7.456375 400 0.961250 0.061504 1.158750 0.013896 
7.557103 400 0.961250 0.061504 1.158750 0.013896 
7.657874 400 0.961250 0.061504 1.158750 0.013896 
7.758585 400 0.961250 0.061504 1.158750 0.013896 
