0.000304 800 1.200000 0.018000 0.917500 0.537362 
0.101054 800 1.200000 0.018000 0.917500 0.466753 
0.201687 800 1.200000 0.018000 0.917500 0.466753 
0.302300 800 1.200000 0.018000 0.917500 0.466753 
0.402923 800 1.200000 0.018000 0.917500 0.466753 
0.503589 800 1.200000 0.018000 0.917500 0.466753 
0.604180 800 1.200000 0.018000 0.917500 0.466753 
0.704757 800 1.200000 0.018000 0.917500 0.466753 
0.805318 800 1.200000 0.018000 0.917500 0.466753 
0.905914 800 1.200000 0.018000 0.917500 0.514437 
1.006585 800 1.200000 0.018000 0.917500 0.514437 
1.107267 800 1.200000 0.018000 0.917500 0.514437 
1.207889 800 1.200000 0.018000 0.917500 0.531860 
1.308462 800 1.200000 0.018000 0.917500 0.531860 
1.409042 800 1.200000 0.018000 0.917500 0.518105 
1.509627 800 1.200000 0.018000 0.917500 0.518105 
1.610195 800 1.200000 0.018000 0.917500 0.518105 
1.710752 800 1.200000 0.018000 0.917500 0.541030 
1.811345 800 1.200000 0.018000 0.917500 0.541030 
1.911899 800 1.200000 0.018000 0.917500 0.539196 
2.012464 800 1.200000 0.018000 0.917500 0.539196 
2.113050 800 1.200000 0.018000 0.917500 0.539196 
2.213610 800 1.200000 0.018000 0.917500 0.539196 
2.314175 800 1.200000 0.018000 0.917500 0.539196 
2.414749 800 1.200000 0.018000 0.917500 0.539196 
