0.000249 1000 1.200000 0.018000 0.952500 0.722568 
0.100817 1000 1.200000 0.018000 0.952500 0.722568 
0.201348 1000 1.200000 0.018000 0.952500 0.695912 
0.301858 1000 1.200000 0.018000 0.952500 0.695912 
0.402415 1000 1.200000 0.018000 0.953750 0.616591 
0.502934 1000 1.200000 0.018000 0.953750 0.616591 
0.603409 1000 1.200000 0.018000 0.953750 0.616591 
0.703882 1000 1.200000 0.018000 0.952500 0.677824 
0.804349 1000 1.200000 0.018000 0.952500 0.677824 
0.904816 1000 1.200000 0.018000 0.952500 0.721616 
1.005365 1000 1.200000 0.018000 0.952500 0.721616 
1.105988 1000 1.200000 0.018000 0.952500 0.721616 
1.206483 1000 1.200000 0.018000 0.952500 0.691152 
1.306965 1000 1.200000 0.018000 0.952500 0.691152 
1.407458 1000 1.200000 0.018000 0.952500 0.691152 
1.507935 1000 1.200000 0.018000 0.952500 0.717808 
1.608398 1000 1.200000 0.018000 0.952500 0.717808 
1.708914 1000 1.200000 0.018000 0.952500 0.714000 
1.809388 1000 1.200000 0.018000 0.952500 0.714000 
1.909877 1000 1.200000 0.018000 0.952500 0.714000 
2.010372 1000 1.200000 0.018000 0.952500 0.695912 
