0.000442 350 0.948750 0.053088 1.158750 0.013896 
0.101287 350 0.948750 0.061620 1.158750 0.013896 
0.202051 350 0.948750 0.061620 1.158750 0.013896 
0.302859 350 0.948750 0.061620 1.158750 0.013896 
0.403602 350 0.948750 0.063516 1.158750 0.013896 
0.504328 350 0.948750 0.063516 1.158750 0.013896 
0.605060 350 0.948750 0.065412 1.158750 0.013896 
0.705801 350 0.948750 0.065412 1.158750 0.013896 
0.806597 350 0.948750 0.065412 1.158750 0.013896 
0.907491 350 0.948750 0.064464 1.158750 0.013896 
1.008328 350 0.948750 0.064464 1.158750 0.013896 
1.109151 350 0.948750 0.059724 1.158750 0.013896 
1.209940 350 0.948750 0.059724 1.158750 0.013896 
1.310739 350 0.948750 0.059724 1.158750 0.013896 
1.411521 350 0.948750 0.053088 1.158750 0.013896 
1.512368 350 0.948750 0.053088 1.158750 0.013896 
1.613210 350 0.948750 0.053088 1.158750 0.013896 
1.714008 350 0.948750 0.053088 1.158750 0.013896 
1.814797 350 0.948750 0.053088 1.158750 0.013896 
1.915595 350 0.948750 0.053088 1.158750 0.013896 
2.016393 350 0.948750 0.053088 1.158750 0.013896 
2.117177 350 0.948750 0.053088 1.158750 0.013896 
2.217997 350 0.948750 0.053088 1.158750 0.013896 
2.318790 350 0.948750 0.053088 1.158750 0.013896 
2.419595 350 0.948750 0.053088 1.158750 0.013896 
2.520432 350 0.948750 0.053088 1.158750 0.013896 
2.621240 350 0.948750 0.053088 1.158750 0.013896 
2.722027 350 0.950000 0.053200 1.158750 0.013896 
2.822866 350 0.950000 0.053200 1.158750 0.013896 
2.923733 350 0.950000 0.053200 1.158750 0.013896 
3.024580 350 0.948750 0.056880 1.158750 0.013896 
3.125403 350 0.948750 0.056880 1.158750 0.013896 
3.226190 350 0.948750 0.054984 1.158750 0.013896 
3.326999 350 0.948750 0.054984 1.158750 0.013896 
3.427829 350 0.948750 0.054984 1.158750 0.013896 
3.528599 350 0.948750 0.053088 1.158750 0.013896 
3.630598 350 0.948750 0.053088 1.158750 0.013896 
3.731379 350 0.948750 0.053088 1.158750 0.013896 
3.832154 350 0.948750 0.053088 1.158750 0.013896 
3.932998 350 0.948750 0.053088 1.158750 0.013896 
4.033885 350 0.948750 0.054036 1.158750 0.013896 
4.134753 350 0.948750 0.054036 1.158750 0.013896 
4.235592 350 0.948750 0.054036 1.158750 0.013896 
4.336431 350 0.948750 0.054984 1.158750 0.013896 
4.437311 350 0.948750 0.054984 1.158750 0.013896 
4.538146 350 0.948750 0.054984 1.158750 0.013896 
4.638960 350 0.948750 0.054984 1.158750 0.013896 
4.739747 350 0.948750 0.054984 1.158750 0.013896 
4.840530 350 0.948750 0.054036 1.158750 0.013896 
4.941321 350 0.948750 0.054036 1.158750 0.013896 
5.042106 350 0.948750 0.054036 1.158750 0.013896 
5.142943 350 0.948750 0.053088 1.158750 0.013896 
5.243733 350 0.948750 0.053088 1.158750 0.013896 
5.344522 350 0.948750 0.053088 1.158750 0.013896 
5.445308 350 0.948750 0.053088 1.158750 0.013896 
5.546110 350 0.948750 0.053088 1.158750 0.013896 
5.646890 350 0.948750 0.053088 1.158750 0.013896 
5.747722 350 0.948750 0.053088 1.158750 0.013896 
5.848497 350 0.948750 0.053088 1.158750 0.013896 
5.949296 350 0.948750 0.053088 1.158750 0.013896 
6.050122 350 0.948750 0.053088 1.158750 0.013896 
6.150917 350 0.948750 0.053088 1.158750 0.013896 
6.251705 350 0.948750 0.053088 1.158750 0.013896 
6.352553 350 0.948750 0.053088 1.158750 0.013896 
6.453332 350 0.948750 0.053088 1.158750 0.013896 
6.554110 350 0.948750 0.053088 1.158750 0.013896 
6.654891 350 0.948750 0.053088 1.158750 0.013896 
6.755685 350 0.948750 0.053088 1.158750 0.013896 
6.856475 350 0.948750 0.053088 1.158750 0.013896 
6.957268 350 0.948750 0.053088 1.158750 0.013896 
7.058073 350 0.948750 0.053088 1.158750 0.013896 
7.158865 350 0.948750 0.053088 1.158750 0.013896 
7.259650 350 0.948750 0.053088 1.158750 0.013896 
7.360436 350 0.948750 0.053088 1.158750 0.013896 
7.461214 350 0.948750 0.053088 1.158750 0.013896 
7.562002 350 0.948750 0.053088 1.158750 0.013896 
7.662889 350 0.948750 0.053088 1.158750 0.013896 
7.763675 350 0.948750 0.053088 1.158750 0.013896 
7.864461 350 0.948750 0.053088 1.158750 0.013896 
7.965256 350 0.948750 0.053088 1.158750 0.013896 
8.066068 350 0.948750 0.053088 1.158750 0.013896 
8.166910 350 0.948750 0.053088 1.158750 0.013896 
8.267943 350 0.948750 0.053088 1.158750 0.013896 
8.368768 350 0.948750 0.053088 1.158750 0.013896 
8.469570 350 0.948750 0.053088 1.158750 0.013896 
8.570364 350 0.948750 0.053088 1.158750 0.013896 
