0.000213 1200 1.200000 0.018000 1.012500 0.983664 
0.100720 1200 1.200000 0.018000 1.012500 0.983664 
0.201186 1200 1.200000 0.018000 1.012500 0.983664 
0.301644 1200 1.200000 0.018000 1.015000 0.857675 
0.402154 1200 1.200000 0.018000 1.015000 0.857675 
0.502596 1200 1.200000 0.018000 1.013750 0.893466 
0.603045 1200 1.200000 0.018000 1.013750 0.893466 
0.703470 1200 1.200000 0.018000 1.013750 0.893466 
0.803879 1200 1.200000 0.018000 1.013750 0.985649 
0.904301 1200 1.200000 0.018000 1.013750 0.985649 
1.004783 1200 1.200000 0.018000 1.013750 0.971467 
1.105297 1200 1.200000 0.018000 1.013750 0.971467 
1.205725 1200 1.200000 0.018000 1.013750 0.971467 
1.306142 1200 1.200000 0.018000 1.013750 0.952220 
1.406553 1200 1.200000 0.018000 1.013750 0.952220 
1.506985 1200 1.200000 0.018000 1.013750 0.952220 
1.607441 1200 1.200000 0.018000 1.013750 0.977545 
