0.000296 600 1.198750 0.148552 1.158750 0.013896 
0.100858 600 1.198750 0.148552 1.158750 0.013896 
0.201411 600 1.198750 0.148552 1.158750 0.013896 
0.301945 600 1.198750 0.176106 1.158750 0.013896 
0.402476 600 1.198750 0.176106 1.158750 0.013896 
0.503026 600 1.198750 0.176106 1.158750 0.013896 
0.603684 600 1.198750 0.178502 1.158750 0.013896 
0.704244 600 1.198750 0.178502 1.158750 0.013896 
0.804826 600 1.198750 0.178502 1.158750 0.013896 
0.905399 600 1.198750 0.160532 1.158750 0.013896 
1.005994 600 1.198750 0.160532 1.158750 0.013896 
1.106582 600 1.198750 0.152146 1.158750 0.013896 
1.207174 600 1.198750 0.152146 1.158750 0.013896 
1.307723 600 1.198750 0.152146 1.158750 0.013896 
1.408226 600 1.198750 0.150948 1.158750 0.013896 
1.508787 600 1.198750 0.150948 1.158750 0.013896 
1.609331 600 1.198750 0.150948 1.158750 0.013896 
1.709873 600 1.198750 0.149750 1.158750 0.013896 
1.810435 600 1.198750 0.149750 1.158750 0.013896 
1.910996 600 1.198750 0.148552 1.158750 0.013896 
2.011535 600 1.198750 0.148552 1.158750 0.013896 
2.112085 600 1.198750 0.148552 1.158750 0.013896 
2.212629 600 1.198750 0.149750 1.158750 0.013896 
2.313173 600 1.198750 0.149750 1.158750 0.013896 
2.413776 600 1.198750 0.148552 1.158750 0.013896 
2.514334 600 1.198750 0.148552 1.158750 0.013896 
2.614899 600 1.198750 0.148552 1.158750 0.013896 
2.715455 600 1.198750 0.148552 1.158750 0.013896 
2.816027 600 1.198750 0.148552 1.158750 0.013896 
2.916617 600 1.198750 0.148552 1.158750 0.013896 
3.017227 600 1.198750 0.149750 1.158750 0.013896 
3.117831 600 1.198750 0.149750 1.158750 0.013896 
3.218450 600 1.198750 0.155740 1.158750 0.013896 
3.319009 600 1.198750 0.155740 1.158750 0.013896 
3.419565 600 1.198750 0.155740 1.158750 0.013896 
3.520127 600 1.198750 0.148552 1.158750 0.013896 
3.620678 600 1.198750 0.148552 1.158750 0.013896 
3.721225 600 1.198750 0.148552 1.158750 0.013896 
3.821790 600 1.198750 0.148552 1.158750 0.013896 
3.922347 600 1.198750 0.148552 1.158750 0.013896 
4.022910 600 1.198750 0.148552 1.158750 0.013896 
4.123508 600 1.198750 0.148552 1.158750 0.013896 
4.224065 600 1.198750 0.148552 1.158750 0.013896 
4.324617 600 1.198750 0.148552 1.158750 0.013896 
4.425163 600 1.198750 0.148552 1.158750 0.013896 
4.525707 600 1.198750 0.148552 1.158750 0.013896 
4.626255 600 1.198750 0.148552 1.158750 0.013896 
4.726805 600 1.198750 0.148552 1.158750 0.013896 
4.827373 600 1.198750 0.149750 1.158750 0.013896 
4.927947 600 1.198750 0.149750 1.158750 0.013896 
5.028541 600 1.198750 0.149750 1.158750 0.013896 
5.129092 600 1.198750 0.148552 1.158750 0.013896 
5.229636 600 1.198750 0.148552 1.158750 0.013896 
