0.000361 450 1.011250 0.080880 1.158750 0.013896 
0.101057 450 1.011250 0.080880 1.158750 0.013896 
0.201719 450 1.011250 0.080880 1.158750 0.013896 
0.302355 450 1.011250 0.094023 1.158750 0.013896 
0.403052 450 1.011250 0.094023 1.158750 0.013896 
0.503680 450 1.011250 0.094023 1.158750 0.013896 
0.604335 450 1.011250 0.094023 1.158750 0.013896 
0.705073 450 1.011250 0.094023 1.158750 0.013896 
0.805791 450 1.011250 0.088968 1.158750 0.013896 
0.906501 450 1.011250 0.088968 1.158750 0.013896 
1.007225 450 1.011250 0.088968 1.158750 0.013896 
1.108006 450 1.011250 0.081891 1.158750 0.013896 
1.208688 450 1.011250 0.081891 1.158750 0.013896 
1.309378 450 1.011250 0.078858 1.158750 0.013896 
1.410073 450 1.011250 0.078858 1.158750 0.013896 
1.510756 450 1.011250 0.078858 1.158750 0.013896 
1.611440 450 1.011250 0.076836 1.158750 0.013896 
1.712140 450 1.011250 0.076836 1.158750 0.013896 
1.812795 450 1.011250 0.076836 1.158750 0.013896 
1.913468 450 1.011250 0.076836 1.158750 0.013896 
2.014161 450 1.011250 0.076836 1.158750 0.013896 
2.114860 450 1.011250 0.076836 1.158750 0.013896 
2.215547 450 1.011250 0.076836 1.158750 0.013896 
2.316245 450 1.011250 0.076836 1.158750 0.013896 
2.416966 450 1.011250 0.077847 1.158750 0.013896 
2.517670 450 1.011250 0.077847 1.158750 0.013896 
2.618405 450 1.011250 0.076836 1.158750 0.013896 
2.719097 450 1.011250 0.076836 1.158750 0.013896 
2.819810 450 1.011250 0.076836 1.158750 0.013896 
2.920522 450 1.011250 0.078858 1.158750 0.013896 
3.021226 450 1.011250 0.078858 1.158750 0.013896 
3.121952 450 1.011250 0.078858 1.158750 0.013896 
3.222647 450 1.011250 0.080880 1.158750 0.013896 
3.323388 450 1.011250 0.080880 1.158750 0.013896 
3.424068 450 1.011250 0.076836 1.158750 0.013896 
3.524757 450 1.011250 0.076836 1.158750 0.013896 
3.625447 450 1.011250 0.076836 1.158750 0.013896 
3.726144 450 1.011250 0.076836 1.158750 0.013896 
3.826834 450 1.011250 0.076836 1.158750 0.013896 
3.927514 450 1.011250 0.076836 1.158750 0.013896 
4.028331 450 1.011250 0.076836 1.158750 0.013896 
4.129015 450 1.011250 0.076836 1.158750 0.013896 
4.229688 450 1.011250 0.076836 1.158750 0.013896 
4.330370 450 1.011250 0.076836 1.158750 0.013896 
4.431046 450 1.011250 0.076836 1.158750 0.013896 
4.531745 450 1.011250 0.076836 1.158750 0.013896 
4.632429 450 1.011250 0.076836 1.158750 0.013896 
4.733185 450 1.011250 0.076836 1.158750 0.013896 
4.833885 450 1.011250 0.076836 1.158750 0.013896 
4.934583 450 1.011250 0.076836 1.158750 0.013896 
5.035258 450 1.011250 0.076836 1.158750 0.013896 
5.135948 450 1.011250 0.076836 1.158750 0.013896 
5.236639 450 1.011250 0.076836 1.158750 0.013896 
5.337332 450 1.011250 0.076836 1.158750 0.013896 
5.438086 450 1.011250 0.076836 1.158750 0.013896 
5.538769 450 1.011250 0.076836 1.158750 0.013896 
5.639496 450 1.011250 0.076836 1.158750 0.013896 
5.740203 450 1.011250 0.076836 1.158750 0.013896 
5.840890 450 1.011250 0.076836 1.158750 0.013896 
5.941580 450 1.011250 0.076836 1.158750 0.013896 
6.042257 450 1.011250 0.076836 1.158750 0.013896 
6.142999 450 1.011250 0.076836 1.158750 0.013896 
6.243666 450 1.011250 0.076836 1.158750 0.013896 
6.344351 450 1.011250 0.076836 1.158750 0.013896 
6.445041 450 1.011250 0.076836 1.158750 0.013896 
6.545719 450 1.011250 0.076836 1.158750 0.013896 
