0.000176 1500 1.200000 0.019200 1.130000 1.593300 
0.100603 1500 1.200000 0.019200 1.128750 1.424664 
0.201014 1500 1.200000 0.019200 1.128750 1.424664 
0.301443 1500 1.200000 0.019200 1.128750 1.424664 
0.401898 1500 1.200000 0.018000 1.128750 1.437072 
0.502264 1500 1.200000 0.018000 1.128750 1.437072 
0.602637 1500 1.200000 0.018000 1.128750 1.437072 
0.702989 1500 1.200000 0.018000 1.128750 1.437072 
0.803331 1500 1.200000 0.018000 1.128750 1.437072 
0.903686 1500 1.200000 0.018000 1.130000 1.594430 
1.004057 1500 1.200000 0.018000 1.130000 1.594430 
