0.000317 550 1.136250 0.123824 1.158750 0.013896 
0.100934 550 1.136250 0.123824 1.158750 0.013896 
0.201527 550 1.136250 0.146544 1.158750 0.013896 
0.302104 550 1.136250 0.146544 1.158750 0.013896 
0.402681 550 1.136250 0.146544 1.158750 0.013896 
0.503308 550 1.135000 0.146415 1.158750 0.013896 
0.603977 550 1.135000 0.146415 1.158750 0.013896 
0.704605 550 1.135000 0.146415 1.158750 0.013896 
0.805205 550 1.136250 0.129504 1.158750 0.013896 
0.905825 550 1.136250 0.129504 1.158750 0.013896 
1.006468 550 1.136250 0.123824 1.158750 0.013896 
1.107117 550 1.136250 0.123824 1.158750 0.013896 
1.208173 550 1.136250 0.123824 1.158750 0.013896 
1.308764 550 1.136250 0.121552 1.158750 0.013896 
1.409354 550 1.136250 0.121552 1.158750 0.013896 
1.509940 550 1.136250 0.121552 1.158750 0.013896 
1.610532 550 1.136250 0.121552 1.158750 0.013896 
1.711128 550 1.136250 0.121552 1.158750 0.013896 
1.811724 550 1.136250 0.121552 1.158750 0.013896 
1.912320 550 1.136250 0.121552 1.158750 0.013896 
2.012916 550 1.136250 0.121552 1.158750 0.013896 
2.113574 550 1.136250 0.121552 1.158750 0.013896 
2.214171 550 1.136250 0.121552 1.158750 0.013896 
2.314756 550 1.136250 0.121552 1.158750 0.013896 
2.415359 550 1.136250 0.121552 1.158750 0.013896 
2.515963 550 1.136250 0.121552 1.158750 0.013896 
2.616583 550 1.136250 0.120416 1.158750 0.013896 
2.717185 550 1.136250 0.120416 1.158750 0.013896 
2.817781 550 1.136250 0.120416 1.158750 0.013896 
2.918431 550 1.136250 0.120416 1.158750 0.013896 
3.019057 550 1.136250 0.120416 1.158750 0.013896 
3.119683 550 1.136250 0.122688 1.158750 0.013896 
3.220278 550 1.136250 0.122688 1.158750 0.013896 
3.320869 550 1.136250 0.122688 1.158750 0.013896 
3.421462 550 1.136250 0.126096 1.158750 0.013896 
3.522059 550 1.136250 0.126096 1.158750 0.013896 
3.622644 550 1.136250 0.126096 1.158750 0.013896 
3.723282 550 1.136250 0.121552 1.158750 0.013896 
3.823885 550 1.136250 0.121552 1.158750 0.013896 
3.924477 550 1.135000 0.121445 1.158750 0.013896 
4.025074 550 1.135000 0.121445 1.158750 0.013896 
4.125675 550 1.135000 0.121445 1.158750 0.013896 
4.226270 550 1.135000 0.120310 1.158750 0.013896 
4.326861 550 1.135000 0.120310 1.158750 0.013896 
4.427450 550 1.136250 0.121552 1.158750 0.013896 
4.528035 550 1.136250 0.121552 1.158750 0.013896 
4.628664 550 1.136250 0.121552 1.158750 0.013896 
4.729268 550 1.136250 0.121552 1.158750 0.013896 
4.829866 550 1.136250 0.121552 1.158750 0.013896 
4.930458 550 1.136250 0.121552 1.158750 0.013896 
5.031053 550 1.136250 0.120416 1.158750 0.013896 
5.131668 550 1.136250 0.120416 1.158750 0.013896 
5.232259 550 1.136250 0.120416 1.158750 0.013896 
