0.000169 1600 1.200000 0.019200 1.156250 1.791800 
0.100574 1600 1.200000 0.019200 1.156250 1.789488 
0.200977 1600 1.200000 0.019200 1.156250 1.789488 
0.301413 1600 1.200000 0.019200 1.156250 1.789488 
0.401779 1600 1.200000 0.019200 1.153750 1.521960 
0.502121 1600 1.200000 0.019200 1.153750 1.521960 
0.602453 1600 1.200000 0.019200 1.153750 1.521960 
0.702809 1600 1.200000 0.019200 1.156250 1.770992 
0.803155 1600 1.200000 0.019200 1.156250 1.770992 
0.903483 1600 1.200000 0.019200 1.156250 1.789488 
1.003835 1600 1.200000 0.019200 1.156250 1.789488 
1.104307 1600 1.200000 0.019200 1.156250 1.789488 
1.204677 1600 1.200000 0.019200 1.156250 1.703944 
1.305022 1600 1.200000 0.019200 1.156250 1.703944 
1.405374 1600 1.200000 0.019200 1.156250 1.703944 
