0.000229 1100 1.200000 0.018000 0.990000 0.822690 
0.100768 1100 1.200000 0.018000 0.990000 0.822690 
0.201256 1100 1.200000 0.018000 0.990000 0.822690 
0.301784 1100 1.200000 0.018000 0.990000 0.822690 
0.402324 1100 1.200000 0.018000 0.990000 0.822690 
0.502777 1100 1.200000 0.018000 0.990000 0.758340 
0.603221 1100 1.200000 0.018000 0.990000 0.758340 
0.703677 1100 1.200000 0.018000 0.990000 0.758340 
0.804143 1100 1.200000 0.018000 0.990000 0.828630 
0.904591 1100 1.200000 0.018000 0.990000 0.828630 
1.005111 1100 1.200000 0.018000 0.990000 0.828630 
1.105659 1100 1.200000 0.018000 0.990000 0.860310 
1.206121 1100 1.200000 0.018000 0.990000 0.860310 
1.306578 1100 1.200000 0.018000 0.990000 0.832590 
1.407149 1100 1.200000 0.018000 0.990000 0.832590 
1.507617 1100 1.200000 0.018000 0.990000 0.832590 
1.608074 1100 1.200000 0.018000 0.990000 0.853380 
1.708515 1100 1.200000 0.018000 0.990000 0.853380 
1.808972 1100 1.200000 0.018000 0.990000 0.859320 
