0.000272 900 1.200000 0.018000 0.928750 0.618048 
0.100910 900 1.200000 0.018000 0.928750 0.618048 
0.201466 900 1.200000 0.018000 0.930000 0.518010 
0.302034 900 1.200000 0.018000 0.930000 0.518010 
0.402589 900 1.200000 0.018000 0.930000 0.518010 
0.503187 900 1.200000 0.018000 0.930000 0.535680 
0.603808 900 1.200000 0.018000 0.930000 0.535680 
0.704355 900 1.200000 0.018000 0.928750 0.613408 
0.804987 900 1.200000 0.018000 0.928750 0.613408 
0.905625 900 1.200000 0.018000 0.928750 0.613408 
1.006267 900 1.200000 0.018000 0.928750 0.533600 
1.106914 900 1.200000 0.018000 0.928750 0.533600 
1.207548 900 1.200000 0.018000 0.928750 0.533600 
1.308137 900 1.200000 0.018000 0.928750 0.523392 
1.408699 900 1.200000 0.018000 0.928750 0.523392 
1.509224 900 1.200000 0.018000 0.928750 0.612480 
1.609744 900 1.200000 0.018000 0.928750 0.612480 
1.710284 900 1.200000 0.018000 0.928750 0.612480 
1.810803 900 1.200000 0.018000 0.927500 0.613674 
1.911319 900 1.200000 0.018000 0.927500 0.613674 
2.011852 900 1.200000 0.018000 0.928750 0.610624 
2.112361 900 1.200000 0.018000 0.928750 0.610624 
2.212865 900 1.200000 0.018000 0.928750 0.610624 
2.313394 900 1.200000 0.018000 0.928750 0.617120 
2.413943 900 1.200000 0.018000 0.928750 0.617120 
2.514451 900 1.200000 0.018000 0.928750 0.617120 
