0.000324 500 1.075000 0.096750 1.158750 0.013896 
0.101051 500 1.075000 0.096750 1.158750 0.013896 
0.201671 500 1.073750 0.110519 1.158750 0.013896 
0.302273 500 1.073750 0.110519 1.158750 0.013896 
0.402872 500 1.073750 0.110519 1.158750 0.013896 
0.503481 500 1.073750 0.116957 1.158750 0.013896 
0.604157 500 1.073750 0.116957 1.158750 0.013896 
0.704980 500 1.073750 0.119103 1.158750 0.013896 
0.805628 500 1.073750 0.119103 1.158750 0.013896 
0.906320 500 1.073750 0.119103 1.158750 0.013896 
1.006984 500 1.073750 0.098716 1.158750 0.013896 
1.107659 500 1.073750 0.098716 1.158750 0.013896 
1.208308 500 1.073750 0.098716 1.158750 0.013896 
1.308948 500 1.073750 0.101935 1.158750 0.013896 
1.409582 500 1.073750 0.101935 1.158750 0.013896 
1.510203 500 1.073750 0.096570 1.158750 0.013896 
1.610858 500 1.073750 0.096570 1.158750 0.013896 
1.711477 500 1.073750 0.096570 1.158750 0.013896 
1.812108 500 1.073750 0.097643 1.158750 0.013896 
1.912734 500 1.073750 0.097643 1.158750 0.013896 
2.013360 500 1.073750 0.097643 1.158750 0.013896 
2.113986 500 1.075000 0.096750 1.158750 0.013896 
2.214628 500 1.075000 0.096750 1.158750 0.013896 
2.315258 500 1.075000 0.096750 1.158750 0.013896 
2.416022 500 1.075000 0.096750 1.158750 0.013896 
2.516662 500 1.075000 0.096750 1.158750 0.013896 
2.617309 500 1.075000 0.096750 1.158750 0.013896 
2.717946 500 1.075000 0.096750 1.158750 0.013896 
2.818600 500 1.073750 0.097643 1.158750 0.013896 
2.919263 500 1.073750 0.097643 1.158750 0.013896 
3.019961 500 1.073750 0.097643 1.158750 0.013896 
3.120633 500 1.075000 0.103200 1.158750 0.013896 
3.221353 500 1.075000 0.103200 1.158750 0.013896 
3.322002 500 1.075000 0.103200 1.158750 0.013896 
3.422637 500 1.073750 0.097643 1.158750 0.013896 
3.523274 500 1.073750 0.097643 1.158750 0.013896 
3.623899 500 1.075000 0.097825 1.158750 0.013896 
3.724539 500 1.075000 0.097825 1.158750 0.013896 
3.825164 500 1.075000 0.097825 1.158750 0.013896 
3.925800 500 1.075000 0.097825 1.158750 0.013896 
4.026482 500 1.075000 0.097825 1.158750 0.013896 
4.127120 500 1.075000 0.097825 1.158750 0.013896 
4.227766 500 1.075000 0.097825 1.158750 0.013896 
4.328408 500 1.075000 0.097825 1.158750 0.013896 
4.429041 500 1.075000 0.096750 1.158750 0.013896 
4.529689 500 1.075000 0.096750 1.158750 0.013896 
4.630317 500 1.075000 0.096750 1.158750 0.013896 
4.731015 500 1.073750 0.097643 1.158750 0.013896 
4.831653 500 1.073750 0.097643 1.158750 0.013896 
4.932273 500 1.075000 0.096750 1.158750 0.013896 
5.032905 500 1.075000 0.096750 1.158750 0.013896 
5.133526 500 1.075000 0.096750 1.158750 0.013896 
5.234168 500 1.073750 0.097643 1.158750 0.013896 
5.334801 500 1.073750 0.097643 1.158750 0.013896 
5.435426 500 1.073750 0.097643 1.158750 0.013896 
5.536109 500 1.073750 0.096570 1.158750 0.013896 
5.636741 500 1.073750 0.096570 1.158750 0.013896 
5.737381 500 1.075000 0.096750 1.158750 0.013896 
5.838018 500 1.075000 0.096750 1.158750 0.013896 
5.938648 500 1.075000 0.096750 1.158750 0.013896 
6.039270 500 1.075000 0.097825 1.158750 0.013896 
6.139898 500 1.075000 0.097825 1.158750 0.013896 
