0.000580 250 0.948750 0.048348 0.933750 0.006531 
0.101813 250 0.948750 0.048348 0.933750 0.006531 
0.202783 250 0.948750 0.048348 0.933750 0.006531 
0.303753 250 0.948750 0.049296 0.933750 0.006531 
0.404688 250 0.948750 0.049296 0.933750 0.006531 
0.505716 250 0.948750 0.051192 0.933750 0.006531 
0.606641 250 0.948750 0.051192 0.933750 0.006531 
0.707589 250 0.948750 0.051192 0.933750 0.006531 
0.808657 250 0.948750 0.051192 0.933750 0.006531 
0.909746 250 0.948750 0.051192 0.933750 0.006531 
1.010906 250 0.948750 0.051192 0.933750 0.006531 
1.111922 250 0.950000 0.050350 0.933750 0.006531 
1.212860 250 0.950000 0.050350 0.933750 0.006531 
1.313791 250 0.950000 0.050350 0.933750 0.006531 
1.414730 250 0.950000 0.050350 0.933750 0.006531 
1.515927 250 0.950000 0.050350 0.933750 0.006531 
1.616975 250 0.950000 0.048450 0.933750 0.006531 
1.718012 250 0.950000 0.048450 0.933750 0.006531 
1.819100 250 0.950000 0.042750 0.933750 0.006531 
1.920098 250 0.950000 0.042750 0.933750 0.006531 
2.021221 250 0.950000 0.042750 0.933750 0.006531 
2.122219 250 0.950000 0.040850 0.933750 0.006531 
2.223522 250 0.950000 0.040850 0.933750 0.006531 
2.324532 250 0.950000 0.040850 0.933750 0.006531 
2.425533 250 0.950000 0.039900 0.933750 0.006531 
2.526605 250 0.950000 0.039900 0.933750 0.006531 
2.627616 250 0.950000 0.039900 0.933750 0.006531 
2.728651 250 0.950000 0.039900 0.933750 0.006531 
2.829689 250 0.950000 0.039900 0.933750 0.006531 
2.931132 250 0.950000 0.041800 0.933750 0.006531 
3.032242 250 0.950000 0.041800 0.933750 0.006531 
3.133259 250 0.950000 0.041800 0.933750 0.006531 
3.234262 250 0.950000 0.043700 0.933750 0.006531 
3.335278 250 0.950000 0.043700 0.933750 0.006531 
3.436399 250 0.950000 0.039900 0.933750 0.006531 
3.537410 250 0.950000 0.039900 0.933750 0.006531 
3.638415 250 0.950000 0.039900 0.933750 0.006531 
3.739438 250 0.950000 0.040850 0.933750 0.007464 
3.840453 250 0.950000 0.040850 0.933750 0.007464 
3.941534 250 0.950000 0.039900 0.933750 0.006531 
4.042540 250 0.950000 0.039900 0.933750 0.006531 
4.143550 250 0.950000 0.039900 0.933750 0.006531 
4.244567 250 0.950000 0.040850 0.933750 0.006531 
4.345592 250 0.950000 0.040850 0.933750 0.006531 
4.446679 250 0.950000 0.040850 0.933750 0.006531 
4.547688 250 0.950000 0.039900 0.933750 0.006531 
4.648696 250 0.950000 0.039900 0.933750 0.006531 
4.749711 250 0.950000 0.039900 0.933750 0.006531 
4.850748 250 0.950000 0.039900 0.933750 0.006531 
4.953230 250 0.950000 0.039900 0.933750 0.006531 
5.054259 250 0.950000 0.039900 0.933750 0.006531 
5.155265 250 0.950000 0.039900 0.933750 0.006531 
5.256323 250 0.950000 0.040850 0.933750 0.006531 
5.357328 250 0.950000 0.040850 0.933750 0.006531 
5.458346 250 0.950000 0.040850 0.933750 0.006531 
5.559357 250 0.950000 0.039900 0.933750 0.006531 
5.660368 250 0.950000 0.039900 0.933750 0.006531 
5.761438 250 0.950000 0.039900 0.933750 0.006531 
5.862451 250 0.950000 0.039900 0.933750 0.006531 
5.963467 250 0.950000 0.039900 0.933750 0.006531 
6.064473 250 0.950000 0.039900 0.933750 0.006531 
6.165473 250 0.950000 0.039900 0.933750 0.006531 
6.266551 250 0.950000 0.039900 0.933750 0.006531 
6.367570 250 0.950000 0.039900 0.933750 0.006531 
6.468613 250 0.950000 0.039900 0.933750 0.006531 
6.569628 250 0.950000 0.039900 0.933750 0.006531 
6.670646 250 0.950000 0.039900 0.933750 0.006531 
6.771753 250 0.950000 0.039900 0.933750 0.006531 
6.873186 250 0.950000 0.039900 0.933750 0.006531 
6.974216 250 0.950000 0.039900 0.933750 0.006531 
7.075222 250 0.950000 0.039900 0.933750 0.006531 
7.176302 250 0.950000 0.039900 0.933750 0.006531 
7.277314 250 0.950000 0.039900 0.933750 0.006531 
7.378352 250 0.950000 0.040850 0.933750 0.006531 
7.479377 250 0.950000 0.040850 0.933750 0.006531 
7.580386 250 0.950000 0.040850 0.933750 0.006531 
7.681464 250 0.950000 0.039900 0.933750 0.006531 
7.782469 250 0.950000 0.039900 0.933750 0.006531 
7.883470 250 0.950000 0.039900 0.933750 0.006531 
7.984524 250 0.950000 0.039900 0.933750 0.006531 
8.085612 250 0.950000 0.039900 0.933750 0.006531 
8.186754 250 0.950000 0.042750 0.933750 0.006531 
8.288042 250 0.950000 0.042750 0.933750 0.006531 
8.389126 250 0.950000 0.042750 0.933750 0.006531 
8.490231 250 0.950000 0.042750 0.933750 0.006531 
8.591394 250 0.950000 0.042750 0.933750 0.006531 
8.692429 250 0.950000 0.042750 0.933750 0.006531 
8.793453 250 0.950000 0.042750 0.933750 0.006531 
8.894459 250 0.950000 0.042750 0.933750 0.006531 
8.995484 250 0.950000 0.040850 0.933750 0.006531 
9.096564 250 0.950000 0.040850 0.933750 0.006531 
9.197568 250 0.950000 0.040850 0.933750 0.006531 
9.298879 250 0.950000 0.039900 0.933750 0.006531 
9.399946 250 0.950000 0.039900 0.933750 0.006531 
9.501149 250 0.950000 0.040850 0.933750 0.006531 
9.602200 250 0.950000 0.040850 0.933750 0.006531 
9.703206 250 0.950000 0.040850 0.933750 0.006531 
9.804225 250 0.950000 0.045600 0.933750 0.006531 
9.905236 250 0.950000 0.045600 0.933750 0.006531 
10.006317 250 0.950000 0.039900 0.933750 0.006531 
10.107332 250 0.950000 0.039900 0.933750 0.006531 
10.208335 250 0.950000 0.039900 0.933750 0.006531 
10.309370 250 0.950000 0.039900 0.933750 0.006531 
10.410381 250 0.950000 0.039900 0.933750 0.006531 
10.511454 250 0.950000 0.039900 0.933750 0.006531 
10.612467 250 0.950000 0.039900 0.933750 0.006531 
10.713483 250 0.950000 0.039900 0.933750 0.006531 
10.814503 250 0.950000 0.040850 0.933750 0.006531 
10.915561 250 0.950000 0.040850 0.933750 0.006531 
11.016702 250 0.950000 0.040850 0.933750 0.006531 
11.117720 250 0.950000 0.039900 0.933750 0.006531 
11.218748 250 0.950000 0.039900 0.933750 0.006531 
11.319806 250 0.950000 0.040850 0.933750 0.006531 
11.420959 250 0.950000 0.040850 0.933750 0.006531 
11.522044 250 0.950000 0.040850 0.933750 0.006531 
11.623108 250 0.950000 0.043700 0.933750 0.006531 
11.724128 250 0.950000 0.043700 0.933750 0.006531 
11.825139 250 0.950000 0.043700 0.933750 0.006531 
11.926224 250 0.950000 0.040850 0.933750 0.006531 
12.027245 250 0.950000 0.040850 0.933750 0.006531 
12.128278 250 0.950000 0.039900 0.933750 0.006531 
12.229299 250 0.950000 0.039900 0.933750 0.006531 
12.330310 250 0.950000 0.039900 0.933750 0.006531 
12.431588 250 0.950000 0.039900 0.933750 0.006531 
12.532599 250 0.950000 0.039900 0.933750 0.006531 
12.633604 250 0.950000 0.039900 0.933750 0.006531 
