0.000198 1300 1.200000 0.018000 1.051250 1.164508 
0.100674 1300 1.200000 0.018000 1.051250 1.164508 
0.201120 1300 1.200000 0.018000 1.051250 1.164508 
0.301563 1300 1.200000 0.018000 1.051250 1.164508 
0.402041 1300 1.200000 0.018000 1.051250 1.039439 
0.502473 1300 1.200000 0.018000 1.051250 1.039439 
0.602868 1300 1.200000 0.018000 1.051250 1.039439 
0.703277 1300 1.200000 0.018000 1.051250 1.085683 
0.803662 1300 1.200000 0.018000 1.051250 1.085683 
0.904043 1300 1.200000 0.018000 1.051250 1.158202 
1.004444 1300 1.200000 0.018000 1.051250 1.158202 
1.104941 1300 1.200000 0.018000 1.051250 1.158202 
1.205355 1300 1.200000 0.018000 1.051250 1.165559 
1.305757 1300 1.200000 0.018000 1.051250 1.165559 
1.406159 1300 1.200000 0.018000 1.051250 1.165559 
