0.000520 300 0.948750 0.056880 1.158750 0.013896 
0.101475 300 0.948750 0.056880 1.158750 0.013896 
0.202324 300 0.948750 0.056880 1.158750 0.013896 
0.303164 300 0.948750 0.055932 1.158750 0.013896 
0.404049 300 0.948750 0.055932 1.158750 0.013896 
0.504905 300 0.948750 0.055932 1.158750 0.013896 
0.605742 300 0.948750 0.055932 1.158750 0.013896 
0.706578 300 0.948750 0.055932 1.158750 0.013896 
0.807522 300 0.948750 0.056880 1.158750 0.013896 
0.908498 300 0.948750 0.056880 1.158750 0.013896 
1.009500 300 0.948750 0.056880 1.158750 0.013896 
1.110444 300 0.948750 0.056880 1.158750 0.013896 
1.211364 300 0.948750 0.056880 1.158750 0.013896 
1.312256 300 0.948750 0.056880 1.158750 0.013896 
1.413132 300 0.948750 0.056880 1.158750 0.013896 
1.514112 300 0.948750 0.056880 1.158750 0.013896 
1.614991 300 0.950000 0.047500 1.158750 0.013896 
1.715880 300 0.950000 0.047500 1.158750 0.013896 
1.816761 300 0.950000 0.047500 1.158750 0.013896 
1.917656 300 0.950000 0.047500 1.158750 0.013896 
2.018581 300 0.950000 0.047500 1.158750 0.013896 
2.119470 300 0.950000 0.047500 1.158750 0.013896 
2.220361 300 0.950000 0.047500 1.158750 0.013896 
2.321251 300 0.950000 0.047500 1.158750 0.013896 
2.422140 300 0.950000 0.047500 1.158750 0.013896 
2.523041 300 0.950000 0.047500 1.158750 0.013896 
2.624011 300 0.950000 0.047500 1.158750 0.013896 
2.724934 300 0.950000 0.047500 1.158750 0.013896 
2.825863 300 0.950000 0.047500 1.158750 0.013896 
2.926807 300 0.948750 0.047400 1.158750 0.013896 
3.027746 300 0.948750 0.047400 1.158750 0.013896 
3.128710 300 0.948750 0.053088 1.158750 0.013896 
3.229600 300 0.948750 0.053088 1.158750 0.013896 
3.330493 300 0.948750 0.053088 1.158750 0.013896 
3.431386 300 0.948750 0.047400 1.158750 0.013896 
3.532278 300 0.948750 0.047400 1.158750 0.013896 
3.633491 300 0.948750 0.047400 1.158750 0.013896 
3.734472 300 0.950000 0.047500 1.158750 0.013896 
3.835371 300 0.950000 0.047500 1.158750 0.013896 
3.936287 300 0.948750 0.047400 1.158750 0.013896 
4.037228 300 0.948750 0.047400 1.158750 0.013896 
4.138165 300 0.948750 0.047400 1.158750 0.013896 
4.239182 300 0.948750 0.048348 1.158750 0.013896 
4.340143 300 0.948750 0.048348 1.158750 0.013896 
4.441077 300 0.948750 0.048348 1.158750 0.013896 
4.541962 300 0.948750 0.048348 1.158750 0.013896 
4.642854 300 0.948750 0.048348 1.158750 0.013896 
4.743811 300 0.948750 0.048348 1.158750 0.013896 
4.844703 300 0.948750 0.048348 1.158750 0.013896 
4.945606 300 0.948750 0.048348 1.158750 0.013896 
5.046490 300 0.950000 0.047500 1.158750 0.013896 
5.147389 300 0.950000 0.047500 1.158750 0.013896 
5.248268 300 0.950000 0.047500 1.158750 0.013896 
5.349220 300 0.950000 0.047500 1.158750 0.013896 
5.450094 300 0.950000 0.047500 1.158750 0.013896 
5.550973 300 0.950000 0.047500 1.158750 0.013896 
5.651864 300 0.950000 0.047500 1.158750 0.013896 
5.752749 300 0.950000 0.047500 1.158750 0.013896 
5.853718 300 0.950000 0.047500 1.158750 0.013896 
5.954609 300 0.950000 0.047500 1.158750 0.013896 
6.055485 300 0.950000 0.047500 1.158750 0.013896 
6.156370 300 0.950000 0.047500 1.158750 0.013896 
6.257268 300 0.950000 0.047500 1.158750 0.013896 
6.358154 300 0.948750 0.047400 1.158750 0.013896 
6.459091 300 0.948750 0.047400 1.158750 0.013896 
6.559986 300 0.950000 0.047500 1.158750 0.013896 
6.660886 300 0.950000 0.047500 1.158750 0.013896 
6.761768 300 0.950000 0.047500 1.158750 0.013896 
6.862641 300 0.950000 0.047500 1.158750 0.013896 
6.963567 300 0.950000 0.047500 1.158750 0.013896 
7.064459 300 0.950000 0.047500 1.158750 0.013896 
7.165327 300 0.948750 0.046452 1.158750 0.013896 
7.266205 300 0.948750 0.046452 1.158750 0.013896 
7.367074 300 0.950000 0.047500 1.158750 0.013896 
7.467956 300 0.950000 0.047500 1.158750 0.013896 
7.568924 300 0.950000 0.047500 1.158750 0.013896 
7.669828 300 0.950000 0.047500 1.158750 0.013896 
7.770716 300 0.950000 0.047500 1.158750 0.013896 
7.871607 300 0.950000 0.047500 1.158750 0.013896 
7.972508 300 0.950000 0.047500 1.158750 0.013896 
8.073388 300 0.950000 0.047500 1.158750 0.013896 
8.174326 300 0.950000 0.047500 1.158750 0.013896 
8.275472 300 0.950000 0.047500 1.158750 0.013896 
8.376378 300 0.950000 0.047500 1.158750 0.013896 
8.477257 300 0.950000 0.047500 1.158750 0.013896 
8.578140 300 0.950000 0.047500 1.158750 0.013896 
8.679060 300 0.950000 0.047500 1.158750 0.013896 
8.779944 300 0.950000 0.047500 1.158750 0.013896 
8.880855 300 0.950000 0.047500 1.158750 0.013896 
8.981757 300 0.950000 0.047500 1.158750 0.013896 
9.082644 300 0.950000 0.047500 1.158750 0.013896 
9.183518 300 0.950000 0.047500 1.158750 0.013896 
9.284450 300 0.950000 0.047500 1.158750 0.013896 
9.385373 300 0.950000 0.047500 1.158750 0.013896 
9.486325 300 0.950000 0.047500 1.158750 0.013896 
9.587248 300 0.950000 0.047500 1.158750 0.013896 
9.688138 300 0.950000 0.047500 1.158750 0.013896 
9.789256 300 0.948750 0.050244 1.158750 0.013896 
9.890181 300 0.948750 0.050244 1.158750 0.013896 
9.991068 300 0.950000 0.047500 1.158750 0.013896 
10.091904 300 0.950000 0.047500 1.158750 0.013896 
10.192824 300 0.950000 0.047500 1.158750 0.013896 
10.293798 300 0.950000 0.047500 1.158750 0.013896 
10.394703 300 0.950000 0.047500 1.158750 0.013896 
10.495600 300 0.950000 0.047500 1.158750 0.013896 
10.596504 300 0.948750 0.046452 1.158750 0.013896 
