0.000278 900 1.200000 0.018000 0.928750 0.608768 
0.100916 900 1.200000 0.018000 0.928750 0.608768 
0.201482 900 1.200000 0.018000 0.930000 0.516150 
0.302052 900 1.200000 0.018000 0.930000 0.516150 
0.402614 900 1.200000 0.018000 0.930000 0.516150 
0.503188 900 1.200000 0.018000 0.930000 0.539400 
0.603756 900 1.200000 0.018000 0.930000 0.539400 
0.704328 900 1.200000 0.018000 0.930000 0.537540 
0.804983 900 1.200000 0.018000 0.930000 0.537540 
0.905613 900 1.200000 0.018000 0.930000 0.537540 
1.006250 900 1.200000 0.018000 0.930000 0.538470 
1.106818 900 1.200000 0.018000 0.930000 0.538470 
1.207436 900 1.200000 0.018000 0.930000 0.538470 
1.307983 900 1.200000 0.018000 0.928750 0.613408 
1.408554 900 1.200000 0.018000 0.928750 0.613408 
1.509097 900 1.200000 0.018000 0.928750 0.619904 
1.609634 900 1.200000 0.018000 0.928750 0.619904 
1.710159 900 1.200000 0.018000 0.928750 0.619904 
1.810685 900 1.200000 0.018000 0.928750 0.621760 
1.911242 900 1.200000 0.018000 0.928750 0.621760 
2.011795 900 1.200000 0.018000 0.928750 0.617120 
2.112335 900 1.200000 0.018000 0.928750 0.617120 
2.212873 900 1.200000 0.018000 0.928750 0.617120 
2.313438 900 1.200000 0.018000 0.928750 0.620832 
2.413974 900 1.200000 0.018000 0.928750 0.620832 
2.514525 900 1.200000 0.018000 0.928750 0.620832 
2.615059 900 1.200000 0.018000 0.928750 0.619904 
2.715588 900 1.200000 0.018000 0.928750 0.619904 
2.816223 900 1.200000 0.018000 0.928750 0.610624 
2.916855 900 1.200000 0.018000 0.928750 0.610624 
3.017486 900 1.200000 0.018000 0.928750 0.610624 
3.118040 900 1.200000 0.018000 0.928750 0.594848 
3.218624 900 1.200000 0.018000 0.928750 0.594848 
3.319178 900 1.200000 0.018000 0.928750 0.594848 
3.419726 900 1.200000 0.018000 0.928750 0.620832 
3.520269 900 1.200000 0.018000 0.928750 0.620832 
3.620798 900 1.200000 0.018000 0.928750 0.620832 
3.721320 900 1.200000 0.018000 0.928750 0.620832 
3.821845 900 1.200000 0.018000 0.928750 0.620832 
3.922385 900 1.200000 0.018000 0.928750 0.619904 
4.022934 900 1.200000 0.018000 0.928750 0.619904 
4.123500 900 1.200000 0.018000 0.928750 0.618976 
4.224029 900 1.200000 0.018000 0.928750 0.618976 
4.324576 900 1.200000 0.018000 0.928750 0.618976 
4.425112 900 1.200000 0.018000 0.928750 0.619904 
4.525647 900 1.200000 0.018000 0.928750 0.619904 
4.626178 900 1.200000 0.018000 0.928750 0.619904 
4.726696 900 1.200000 0.018000 0.928750 0.620832 
4.827221 900 1.200000 0.018000 0.928750 0.620832 
4.927746 900 1.200000 0.018000 0.927500 0.618309 
5.028338 900 1.200000 0.018000 0.927500 0.618309 
5.128875 900 1.200000 0.018000 0.927500 0.618309 
5.229409 900 1.200000 0.018000 0.928750 0.618976 
5.329940 900 1.200000 0.018000 0.928750 0.618976 
5.430469 900 1.200000 0.018000 0.928750 0.618976 
5.531003 900 1.200000 0.018000 0.928750 0.618048 
5.631559 900 1.200000 0.018000 0.928750 0.618048 
5.732088 900 1.200000 0.018000 0.928750 0.620832 
5.832616 900 1.200000 0.018000 0.928750 0.620832 
5.933140 900 1.200000 0.018000 0.928750 0.620832 
6.033716 900 1.200000 0.018000 0.928750 0.618976 
6.134257 900 1.200000 0.018000 0.928750 0.618976 
6.234787 900 1.200000 0.018000 0.928750 0.622688 
6.335351 900 1.200000 0.018000 0.928750 0.622688 
6.435894 900 1.200000 0.018000 0.928750 0.622688 
6.536438 900 1.200000 0.018000 0.927500 0.619236 
6.636976 900 1.200000 0.018000 0.927500 0.619236 
6.737503 900 1.200000 0.018000 0.927500 0.619236 
6.838063 900 1.200000 0.018000 0.927500 0.619236 
6.938677 900 1.200000 0.018000 0.927500 0.619236 
7.039330 900 1.200000 0.018000 0.928750 0.585568 
7.140043 900 1.200000 0.018000 0.928750 0.585568 
