0.000213 1200 1.200000 0.018000 1.013750 0.991727 
0.100697 1200 1.200000 0.018000 1.013750 0.991727 
0.201182 1200 1.200000 0.018000 1.013750 0.991727 
0.301645 1200 1.200000 0.018000 1.015000 0.829255 
0.402102 1200 1.200000 0.018000 1.015000 0.829255 
0.502555 1200 1.200000 0.018000 1.015000 0.854630 
0.603056 1200 1.200000 0.018000 1.015000 0.854630 
0.703560 1200 1.200000 0.018000 1.015000 0.854630 
0.808813 1200 1.200000 0.018000 1.015000 0.874930 
0.909272 1200 1.200000 0.018000 1.015000 0.874930 
1.009794 1200 1.200000 0.018000 1.015000 0.874930 
1.110239 1200 1.200000 0.018000 1.013750 0.952220 
1.210679 1200 1.200000 0.018000 1.013750 0.952220 
1.311130 1200 1.200000 0.018000 1.013750 0.970454 
1.411553 1200 1.200000 0.018000 1.013750 0.970454 
1.511967 1200 1.200000 0.018000 1.013750 0.970454 
1.612394 1200 1.200000 0.018000 1.013750 0.988688 
1.712816 1200 1.200000 0.018000 1.013750 0.988688 
1.813255 1200 1.200000 0.018000 1.013750 0.988688 
1.913678 1200 1.200000 0.018000 1.013750 0.988688 
2.014144 1200 1.200000 0.018000 1.013750 0.988688 
2.114565 1200 1.200000 0.018000 1.013750 0.987675 
2.215001 1200 1.200000 0.018000 1.013750 0.987675 
2.315419 1200 1.200000 0.018000 1.013750 0.987675 
2.415832 1200 1.200000 0.018000 1.013750 0.988688 
2.516263 1200 1.200000 0.018000 1.013750 0.988688 
2.616694 1200 1.200000 0.018000 1.013750 0.985649 
2.717118 1200 1.200000 0.018000 1.013750 0.985649 
2.817539 1200 1.200000 0.018000 1.013750 0.985649 
2.918018 1200 1.200000 0.018000 1.013750 0.990714 
3.018536 1200 1.200000 0.018000 1.013750 0.990714 
3.119005 1200 1.200000 0.018000 1.013750 0.990714 
3.219460 1200 1.200000 0.018000 1.013750 0.953233 
3.319894 1200 1.200000 0.018000 1.013750 0.953233 
3.420308 1200 1.200000 0.018000 1.013750 0.989701 
3.520729 1200 1.200000 0.018000 1.013750 0.989701 
3.621150 1200 1.200000 0.018000 1.013750 0.989701 
3.721568 1200 1.200000 0.018000 1.013750 0.989701 
3.822015 1200 1.200000 0.018000 1.013750 0.989701 
3.922440 1200 1.200000 0.018000 1.013750 0.989701 
4.022854 1200 1.200000 0.018000 1.013750 0.987675 
4.123280 1200 1.200000 0.018000 1.013750 0.987675 
4.223708 1200 1.200000 0.018000 1.013750 0.989701 
4.324167 1200 1.200000 0.018000 1.013750 0.989701 
4.424583 1200 1.200000 0.018000 1.013750 0.989701 
4.524996 1200 1.200000 0.018000 1.013750 0.989701 
4.625409 1200 1.200000 0.018000 1.013750 0.989701 
4.725822 1200 1.200000 0.018000 1.013750 0.984636 
4.826250 1200 1.200000 0.018000 1.013750 0.984636 
4.926671 1200 1.200000 0.018000 1.013750 0.984636 
