0.000159 1600 1.200000 0.019200 1.156250 1.740936 
0.100570 1600 1.200000 0.019200 1.156250 1.740936 
0.200962 1600 1.200000 0.018000 1.153750 1.494288 
0.301362 1600 1.200000 0.018000 1.153750 1.494288 
0.401766 1600 1.200000 0.018000 1.153750 1.494288 
0.502210 1600 1.200000 0.019200 1.153750 1.494288 
0.602630 1600 1.200000 0.019200 1.153750 1.494288 
0.703028 1600 1.200000 0.019200 1.153750 1.494288 
0.803403 1600 1.200000 0.019200 1.153750 1.568080 
0.903772 1600 1.200000 0.019200 1.153750 1.568080 
1.004212 1600 1.200000 0.019200 1.156250 1.788332 
1.104645 1600 1.200000 0.019200 1.156250 1.788332 
1.205009 1600 1.200000 0.019200 1.156250 1.788332 
1.305360 1600 1.200000 0.019200 1.156250 1.709724 
1.405718 1600 1.200000 0.019200 1.156250 1.709724 
1.506087 1600 1.200000 0.019200 1.156250 1.709724 
1.606447 1600 1.200000 0.019200 1.156250 1.799892 
1.706803 1600 1.200000 0.019200 1.156250 1.799892 
1.807169 1600 1.200000 0.019200 1.156250 1.798736 
1.907525 1600 1.200000 0.019200 1.156250 1.798736 
2.007923 1600 1.200000 0.019200 1.156250 1.798736 
2.108271 1600 1.200000 0.019200 1.156250 1.799892 
2.208615 1600 1.200000 0.019200 1.156250 1.799892 
2.308968 1600 1.200000 0.019200 1.156250 1.804516 
2.409326 1600 1.200000 0.019200 1.156250 1.804516 
2.509680 1600 1.200000 0.019200 1.156250 1.804516 
2.610054 1600 1.200000 0.019200 1.156250 1.798736 
2.710406 1600 1.200000 0.019200 1.156250 1.798736 
2.810750 1600 1.200000 0.019200 1.156250 1.798736 
2.911112 1600 1.200000 0.019200 1.156250 1.798736 
3.011578 1600 1.200000 0.019200 1.156250 1.798736 
3.112021 1600 1.200000 0.018000 1.156250 1.746716 
3.212393 1600 1.200000 0.018000 1.156250 1.746716 
3.312754 1600 1.200000 0.018000 1.156250 1.746716 
3.413131 1600 1.200000 0.019200 1.156250 1.769836 
3.513478 1600 1.200000 0.019200 1.156250 1.769836 
3.613822 1600 1.200000 0.019200 1.156250 1.769836 
3.714166 1600 1.200000 0.018000 1.156250 1.804516 
