0.000329 550 1.136250 0.149952 1.158750 0.013896 
0.100881 550 1.136250 0.149952 1.158750 0.013896 
0.201507 550 1.136250 0.149952 1.158750 0.013896 
0.302082 550 1.136250 0.149952 1.158750 0.013896 
0.402648 550 1.136250 0.149952 1.158750 0.013896 
0.503224 550 1.136250 0.142000 1.158750 0.013896 
0.603793 550 1.136250 0.142000 1.158750 0.013896 
0.704381 550 1.136250 0.142000 1.158750 0.013896 
0.810994 550 1.136250 0.147680 1.158750 0.015054 
0.911641 550 1.136250 0.147680 1.158750 0.015054 
1.012264 550 1.136250 0.147680 1.158750 0.015054 
1.112903 550 1.135000 0.146415 1.158750 0.015054 
1.213564 550 1.135000 0.146415 1.158750 0.015054 
1.314204 550 1.136250 0.146544 1.158750 0.015054 
1.414847 550 1.136250 0.146544 1.158750 0.015054 
1.515485 550 1.136250 0.146544 1.158750 0.015054 
1.616310 550 1.136250 0.123824 1.158750 0.013896 
1.716949 550 1.136250 0.123824 1.158750 0.013896 
1.817575 550 1.136250 0.118144 1.158750 0.013896 
1.918202 550 1.136250 0.118144 1.158750 0.013896 
2.018842 550 1.136250 0.118144 1.158750 0.013896 
2.119485 550 1.136250 0.118144 1.158750 0.015054 
2.220126 550 1.136250 0.118144 1.158750 0.015054 
2.320779 550 1.136250 0.118144 1.158750 0.015054 
2.421481 550 1.136250 0.118144 1.158750 0.013896 
2.522137 550 1.136250 0.118144 1.158750 0.013896 
2.622772 550 1.136250 0.118144 1.158750 0.013896 
2.723434 550 1.136250 0.118144 1.158750 0.013896 
2.824074 550 1.136250 0.118144 1.158750 0.013896 
2.924709 550 1.136250 0.117008 1.158750 0.015054 
3.025352 550 1.136250 0.117008 1.158750 0.015054 
3.126490 550 1.136250 0.123824 1.158750 0.013896 
3.227126 550 1.136250 0.123824 1.158750 0.013896 
3.327758 550 1.136250 0.123824 1.158750 0.013896 
3.428398 550 1.136250 0.118144 1.158750 0.013896 
3.529034 550 1.136250 0.118144 1.158750 0.013896 
3.629665 550 1.136250 0.118144 1.158750 0.013896 
3.730305 550 1.136250 0.118144 1.158750 0.013896 
3.830962 550 1.136250 0.118144 1.158750 0.013896 
3.931593 550 1.136250 0.118144 1.158750 0.013896 
4.032227 550 1.136250 0.118144 1.158750 0.013896 
4.132869 550 1.136250 0.118144 1.158750 0.013896 
4.233504 550 1.136250 0.118144 1.158750 0.015054 
4.334145 550 1.136250 0.118144 1.158750 0.015054 
4.434790 550 1.136250 0.118144 1.158750 0.015054 
4.535417 550 1.136250 0.118144 1.158750 0.013896 
4.636112 550 1.136250 0.118144 1.158750 0.013896 
4.736744 550 1.136250 0.118144 1.158750 0.015054 
4.837385 550 1.136250 0.118144 1.158750 0.015054 
4.938024 550 1.136250 0.118144 1.158750 0.015054 
5.038663 550 1.136250 0.118144 1.158750 0.013896 
5.139302 550 1.136250 0.118144 1.158750 0.013896 
5.239938 550 1.136250 0.118144 1.158750 0.013896 
5.340576 550 1.136250 0.118144 1.158750 0.013896 
5.441275 550 1.136250 0.118144 1.158750 0.013896 
5.541915 550 1.136250 0.118144 1.158750 0.013896 
5.642550 550 1.136250 0.118144 1.158750 0.013896 
5.743198 550 1.136250 0.118144 1.158750 0.013896 
5.843837 550 1.136250 0.118144 1.158750 0.013896 
5.944474 550 1.136250 0.118144 1.158750 0.013896 
6.045115 550 1.136250 0.119280 1.158750 0.015054 
6.145755 550 1.136250 0.119280 1.158750 0.015054 
6.246455 550 1.136250 0.119280 1.158750 0.015054 
6.347098 550 1.136250 0.118144 1.158750 0.013896 
6.447740 550 1.136250 0.118144 1.158750 0.013896 
6.548382 550 1.136250 0.118144 1.158750 0.013896 
6.649026 550 1.136250 0.118144 1.158750 0.013896 
6.749663 550 1.136250 0.118144 1.158750 0.013896 
6.850297 550 1.136250 0.118144 1.158750 0.013896 
6.950963 550 1.136250 0.118144 1.158750 0.013896 
7.051604 550 1.136250 0.118144 1.158750 0.013896 
7.152249 550 1.136250 0.118144 1.158750 0.013896 
7.252887 550 1.136250 0.118144 1.158750 0.013896 
7.353519 550 1.136250 0.119280 1.158750 0.013896 
7.454164 550 1.136250 0.119280 1.158750 0.013896 
7.554812 550 1.136250 0.119280 1.158750 0.013896 
7.655450 550 1.136250 0.118144 1.158750 0.015054 
7.756171 550 1.136250 0.118144 1.158750 0.015054 
7.856808 550 1.136250 0.118144 1.158750 0.015054 
7.957448 550 1.136250 0.119280 1.158750 0.013896 
8.058089 550 1.136250 0.119280 1.158750 0.013896 
8.158726 550 1.136250 0.119280 1.158750 0.013896 
8.259504 550 1.136250 0.119280 1.158750 0.013896 
8.360161 550 1.136250 0.119280 1.158750 0.013896 
8.460803 550 1.136250 0.118144 1.158750 0.015054 
8.561496 550 1.136250 0.118144 1.158750 0.015054 
8.662139 550 1.136250 0.118144 1.158750 0.015054 
8.762813 550 1.136250 0.118144 1.158750 0.015054 
8.863509 550 1.136250 0.118144 1.158750 0.015054 
8.964148 550 1.136250 0.119280 1.158750 0.013896 
9.064781 550 1.136250 0.119280 1.158750 0.013896 
9.165421 550 1.136250 0.119280 1.158750 0.013896 
9.266140 550 1.136250 0.118144 1.158750 0.015054 
9.366770 550 1.136250 0.118144 1.158750 0.015054 
9.467401 550 1.136250 0.121552 1.158750 0.015054 
9.568033 550 1.136250 0.121552 1.158750 0.015054 
9.668668 550 1.136250 0.121552 1.158750 0.015054 
9.769299 550 1.136250 0.124960 1.158750 0.013896 
9.869932 550 1.136250 0.124960 1.158750 0.013896 
9.970608 550 1.136250 0.124960 1.158750 0.013896 
10.071292 550 1.136250 0.118144 1.158750 0.013896 
10.171932 550 1.136250 0.118144 1.158750 0.013896 
10.272568 550 1.136250 0.118144 1.158750 0.013896 
10.373193 550 1.136250 0.118144 1.158750 0.013896 
10.473827 550 1.136250 0.118144 1.158750 0.013896 
10.574465 550 1.136250 0.119280 1.158750 0.013896 
10.675103 550 1.136250 0.119280 1.158750 0.013896 
10.775743 550 1.136250 0.119280 1.158750 0.013896 
10.876438 550 1.136250 0.118144 1.158750 0.013896 
10.977076 550 1.136250 0.118144 1.158750 0.013896 
11.077714 550 1.136250 0.118144 1.158750 0.013896 
11.178370 550 1.136250 0.118144 1.158750 0.013896 
11.279032 550 1.136250 0.118144 1.158750 0.013896 
11.379679 550 1.136250 0.119280 1.158750 0.013896 
11.480308 550 1.136250 0.119280 1.158750 0.013896 
11.580963 550 1.136250 0.124960 1.158750 0.013896 
11.681599 550 1.136250 0.124960 1.158750 0.013896 
11.782241 550 1.136250 0.124960 1.158750 0.013896 
11.882888 550 1.136250 0.120416 1.158750 0.013896 
11.983530 550 1.136250 0.120416 1.158750 0.013896 
12.084172 550 1.136250 0.120416 1.158750 0.013896 
12.184813 550 1.136250 0.118144 1.158750 0.013896 
12.285458 550 1.136250 0.118144 1.158750 0.013896 
12.386099 550 1.136250 0.118144 1.158750 0.013896 
12.486731 550 1.136250 0.118144 1.158750 0.013896 
12.587369 550 1.136250 0.118144 1.158750 0.013896 
12.688012 550 1.136250 0.118144 1.158750 0.013896 
12.788660 550 1.136250 0.118144 1.158750 0.013896 
12.889302 550 1.136250 0.118144 1.158750 0.015054 
12.989938 550 1.136250 0.118144 1.158750 0.015054 
13.090579 550 1.136250 0.118144 1.158750 0.015054 
13.191279 550 1.136250 0.119280 1.158750 0.013896 
13.291951 550 1.136250 0.119280 1.158750 0.013896 
13.392596 550 1.136250 0.119280 1.158750 0.013896 
13.493247 550 1.136250 0.119280 1.158750 0.013896 
13.593891 550 1.136250 0.119280 1.158750 0.013896 
13.694536 550 1.136250 0.118144 1.158750 0.013896 
13.795177 550 1.136250 0.118144 1.158750 0.013896 
13.895822 550 1.136250 0.118144 1.158750 0.013896 
13.996524 550 1.136250 0.118144 1.158750 0.013896 
14.097167 550 1.136250 0.118144 1.158750 0.013896 
14.197811 550 1.136250 0.118144 1.158750 0.013896 
14.298456 550 1.136250 0.119280 1.158750 0.013896 
14.399104 550 1.136250 0.119280 1.158750 0.013896 
14.499787 550 1.136250 0.118144 1.158750 0.013896 
14.600439 550 1.136250 0.118144 1.158750 0.013896 
14.701155 550 1.136250 0.118144 1.158750 0.013896 
14.801809 550 1.136250 0.118144 1.158750 0.013896 
14.902460 550 1.136250 0.118144 1.158750 0.013896 
15.003093 550 1.136250 0.119280 1.158750 0.013896 
15.103740 550 1.136250 0.119280 1.158750 0.013896 
15.204399 550 1.136250 0.119280 1.158750 0.013896 
15.305052 550 1.136250 0.118144 1.158750 0.013896 
15.405706 550 1.136250 0.118144 1.158750 0.013896 
15.506402 550 1.136250 0.118144 1.158750 0.013896 
15.607051 550 1.136250 0.118144 1.158750 0.013896 
15.707698 550 1.136250 0.118144 1.158750 0.013896 
