0.000306 600 1.198750 0.178502 1.158750 0.013896 
0.100840 600 1.198750 0.178502 1.158750 0.013896 
0.201417 600 1.198750 0.178502 1.158750 0.015054 
0.302000 600 1.198750 0.178502 1.158750 0.015054 
0.402532 600 1.198750 0.178502 1.158750 0.015054 
0.503075 600 1.198750 0.176106 1.158750 0.015054 
0.603617 600 1.198750 0.176106 1.158750 0.015054 
0.704168 600 1.198750 0.176106 1.158750 0.015054 
0.804715 600 1.198750 0.183294 1.158750 0.013896 
0.905295 600 1.198750 0.183294 1.158750 0.013896 
1.005879 600 1.198750 0.183294 1.158750 0.015054 
1.106505 600 1.198750 0.183294 1.158750 0.015054 
1.207168 600 1.198750 0.183294 1.158750 0.015054 
1.307768 600 1.198750 0.174908 1.158750 0.015054 
1.408368 600 1.198750 0.174908 1.158750 0.015054 
1.508945 600 1.198750 0.148552 1.158750 0.015054 
1.609538 600 1.198750 0.148552 1.158750 0.015054 
1.710141 600 1.198750 0.148552 1.158750 0.015054 
1.810751 600 1.198750 0.146156 1.158750 0.015054 
1.911357 600 1.198750 0.146156 1.158750 0.015054 
2.012015 600 1.198750 0.146156 1.158750 0.015054 
2.112620 600 1.198750 0.146156 1.158750 0.015054 
2.213230 600 1.198750 0.146156 1.158750 0.015054 
2.313835 600 1.198750 0.146156 1.158750 0.015054 
2.414432 600 1.198750 0.146156 1.158750 0.015054 
2.515018 600 1.198750 0.146156 1.158750 0.015054 
2.615618 600 1.198750 0.146156 1.158750 0.015054 
2.716241 600 1.198750 0.146156 1.158750 0.015054 
2.816895 600 1.198750 0.146156 1.158750 0.015054 
2.917529 600 1.198750 0.146156 1.158750 0.015054 
3.018145 600 1.198750 0.146156 1.158750 0.015054 
3.118748 600 1.198750 0.153344 1.158750 0.015054 
3.219356 600 1.198750 0.153344 1.158750 0.015054 
3.319965 600 1.198750 0.153344 1.158750 0.015054 
3.420571 600 1.198750 0.146156 1.158750 0.013896 
3.521173 600 1.198750 0.146156 1.158750 0.013896 
3.621844 600 1.198750 0.146156 1.158750 0.015054 
3.722444 600 1.198750 0.146156 1.158750 0.015054 
3.823053 600 1.198750 0.146156 1.158750 0.015054 
3.923670 600 1.198750 0.147354 1.158750 0.015054 
4.024279 600 1.198750 0.147354 1.158750 0.015054 
4.124891 600 1.198750 0.147354 1.158750 0.015054 
4.225497 600 1.198750 0.147354 1.158750 0.015054 
4.326108 600 1.198750 0.147354 1.158750 0.015054 
4.426811 600 1.198750 0.146156 1.158750 0.015054 
4.527403 600 1.198750 0.146156 1.158750 0.015054 
4.628004 600 1.198750 0.146156 1.158750 0.015054 
4.728615 600 1.198750 0.146156 1.158750 0.015054 
4.829219 600 1.198750 0.146156 1.158750 0.015054 
4.929818 600 1.198750 0.146156 1.158750 0.015054 
5.030430 600 1.198750 0.146156 1.158750 0.015054 
5.131044 600 1.198750 0.146156 1.158750 0.015054 
5.231669 600 1.198750 0.146156 1.158750 0.015054 
5.332278 600 1.198750 0.146156 1.158750 0.015054 
5.432891 600 1.198750 0.146156 1.158750 0.015054 
5.533493 600 1.198750 0.146156 1.158750 0.015054 
5.634101 600 1.198750 0.146156 1.158750 0.015054 
5.734708 600 1.198750 0.146156 1.158750 0.013896 
5.835316 600 1.198750 0.146156 1.158750 0.013896 
5.935926 600 1.198750 0.146156 1.158750 0.013896 
6.036534 600 1.198750 0.146156 1.158750 0.015054 
6.137196 600 1.198750 0.146156 1.158750 0.015054 
6.237799 600 1.198750 0.146156 1.158750 0.015054 
6.338412 600 1.198750 0.146156 1.158750 0.015054 
6.439022 600 1.198750 0.146156 1.158750 0.015054 
6.539621 600 1.198750 0.146156 1.158750 0.015054 
6.640233 600 1.198750 0.146156 1.158750 0.015054 
6.740852 600 1.198750 0.146156 1.158750 0.015054 
6.841455 600 1.198750 0.146156 1.158750 0.015054 
6.942126 600 1.198750 0.146156 1.158750 0.015054 
7.042727 600 1.198750 0.146156 1.158750 0.013896 
7.143335 600 1.198750 0.146156 1.158750 0.013896 
7.243941 600 1.198750 0.146156 1.158750 0.013896 
7.344552 600 1.198750 0.146156 1.158750 0.015054 
7.445165 600 1.198750 0.146156 1.158750 0.015054 
7.545766 600 1.198750 0.146156 1.158750 0.015054 
7.646364 600 1.198750 0.146156 1.158750 0.015054 
7.747031 600 1.198750 0.146156 1.158750 0.015054 
7.847638 600 1.198750 0.147354 1.158750 0.015054 
7.948245 600 1.198750 0.147354 1.158750 0.015054 
8.048861 600 1.198750 0.147354 1.158750 0.015054 
8.149479 600 1.198750 0.147354 1.158750 0.015054 
8.250223 600 1.198750 0.147354 1.158750 0.015054 
8.350844 600 1.198750 0.147354 1.158750 0.015054 
8.451454 600 1.198750 0.146156 1.158750 0.015054 
8.552120 600 1.198750 0.146156 1.158750 0.015054 
8.652726 600 1.198750 0.146156 1.158750 0.015054 
8.753340 600 1.198750 0.146156 1.158750 0.015054 
8.853943 600 1.198750 0.146156 1.158750 0.015054 
8.954548 600 1.198750 0.146156 1.158750 0.015054 
9.055162 600 1.198750 0.146156 1.158750 0.015054 
9.155770 600 1.198750 0.147354 1.158750 0.015054 
9.256384 600 1.198750 0.147354 1.158750 0.015054 
9.357051 600 1.198750 0.147354 1.158750 0.015054 
9.457669 600 1.198750 0.146156 1.158750 0.015054 
9.558281 600 1.198750 0.146156 1.158750 0.015054 
9.658894 600 1.198750 0.146156 1.158750 0.015054 
9.759506 600 1.198750 0.152146 1.158750 0.015054 
9.860118 600 1.198750 0.152146 1.158750 0.015054 
9.960726 600 1.198750 0.147354 1.158750 0.015054 
10.061345 600 1.198750 0.147354 1.158750 0.015054 
10.162017 600 1.198750 0.147354 1.158750 0.015054 
10.262632 600 1.198750 0.146156 1.158750 0.015054 
10.363249 600 1.198750 0.146156 1.158750 0.015054 
10.463867 600 1.198750 0.146156 1.158750 0.015054 
10.564484 600 1.198750 0.146156 1.158750 0.013896 
10.665110 600 1.198750 0.146156 1.158750 0.013896 
10.765735 600 1.198750 0.142562 1.158750 0.013896 
10.866345 600 1.198750 0.142562 1.158750 0.013896 
10.967017 600 1.198750 0.142562 1.158750 0.013896 
11.067638 600 1.198750 0.142562 1.158750 0.013896 
11.168265 600 1.198750 0.142562 1.158750 0.013896 
11.268925 600 1.198750 0.146156 1.158750 0.015054 
11.369524 600 1.198750 0.146156 1.158750 0.015054 
11.470161 600 1.198750 0.146156 1.158750 0.015054 
11.570779 600 1.198750 0.154542 1.158750 0.015054 
11.671423 600 1.198750 0.154542 1.158750 0.015054 
11.772110 600 1.198750 0.154542 1.158750 0.015054 
11.872735 600 1.198750 0.146156 1.158750 0.015054 
11.973365 600 1.198750 0.146156 1.158750 0.015054 
12.074000 600 1.198750 0.147354 1.158750 0.013896 
12.174625 600 1.198750 0.147354 1.158750 0.013896 
12.275259 600 1.198750 0.147354 1.158750 0.013896 
12.375887 600 1.198750 0.146156 1.158750 0.015054 
12.476510 600 1.198750 0.146156 1.158750 0.015054 
12.577192 600 1.198750 0.146156 1.158750 0.015054 
12.677819 600 1.198750 0.146156 1.158750 0.013896 
12.778448 600 1.198750 0.146156 1.158750 0.013896 
12.879066 600 1.198750 0.147354 1.158750 0.013896 
12.979695 600 1.198750 0.147354 1.158750 0.013896 
13.080322 600 1.198750 0.147354 1.158750 0.013896 
13.180948 600 1.198750 0.146156 1.158750 0.015054 
13.281585 600 1.198750 0.146156 1.158750 0.015054 
13.382242 600 1.198750 0.147354 1.158750 0.015054 
13.482864 600 1.198750 0.147354 1.158750 0.015054 
13.583467 600 1.198750 0.147354 1.158750 0.015054 
13.684087 600 1.198750 0.147354 1.158750 0.015054 
13.784713 600 1.198750 0.147354 1.158750 0.015054 
13.885339 600 1.198750 0.147354 1.158750 0.015054 
13.985960 600 1.198750 0.146156 1.158750 0.015054 
14.086586 600 1.198750 0.146156 1.158750 0.015054 
14.187249 600 1.198750 0.147354 1.158750 0.015054 
14.287874 600 1.198750 0.147354 1.158750 0.015054 
14.388501 600 1.198750 0.147354 1.158750 0.015054 
14.489132 600 1.198750 0.147354 1.158750 0.015054 
14.589758 600 1.198750 0.147354 1.158750 0.015054 
14.690768 600 1.198750 0.146156 1.158750 0.013896 
14.791396 600 1.198750 0.146156 1.158750 0.013896 
14.892068 600 1.198750 0.146156 1.158750 0.013896 
14.992690 600 1.198750 0.146156 1.158750 0.015054 
15.093319 600 1.198750 0.146156 1.158750 0.015054 
15.193948 600 1.198750 0.146156 1.158750 0.015054 
15.294562 600 1.198750 0.146156 1.158750 0.015054 
15.395139 600 1.198750 0.146156 1.158750 0.015054 
15.495759 600 1.198750 0.179700 1.158750 0.015054 
