0.000199 1300 1.200000 0.018000 1.051250 1.129825 
0.100676 1300 1.200000 0.018000 1.051250 1.129825 
0.201116 1300 1.200000 0.018000 1.051250 1.129825 
0.301557 1300 1.200000 0.018000 1.051250 0.965869 
0.401992 1300 1.200000 0.018000 1.051250 0.965869 
0.502440 1300 1.200000 0.018000 1.051250 0.965869 
0.602955 1300 1.200000 0.018000 1.050000 0.994350 
0.703400 1300 1.200000 0.018000 1.050000 0.994350 
0.803842 1300 1.200000 0.018000 1.051250 1.108805 
0.904257 1300 1.200000 0.018000 1.051250 1.108805 
1.004747 1300 1.200000 0.018000 1.051250 1.108805 
1.105234 1300 1.200000 0.018000 1.051250 1.089887 
1.205669 1300 1.200000 0.018000 1.051250 1.089887 
1.306090 1300 1.200000 0.018000 1.052500 1.167720 
1.406489 1300 1.200000 0.018000 1.052500 1.167720 
1.506888 1300 1.200000 0.018000 1.052500 1.167720 
1.607297 1300 1.200000 0.018000 1.052500 1.169824 
1.707701 1300 1.200000 0.018000 1.052500 1.169824 
1.808093 1300 1.200000 0.018000 1.052500 1.169824 
1.908486 1300 1.200000 0.018000 1.052500 1.170876 
2.008912 1300 1.200000 0.018000 1.052500 1.170876 
2.109304 1300 1.200000 0.018000 1.051250 1.168712 
2.209720 1300 1.200000 0.018000 1.051250 1.168712 
2.310122 1300 1.200000 0.018000 1.051250 1.168712 
2.410514 1300 1.200000 0.018000 1.052500 1.167720 
2.510917 1300 1.200000 0.018000 1.052500 1.167720 
2.611348 1300 1.200000 0.018000 1.052500 1.167720 
2.711753 1300 1.200000 0.018000 1.051250 1.171865 
2.812149 1300 1.200000 0.018000 1.051250 1.171865 
2.912547 1300 1.200000 0.018000 1.051250 1.135080 
3.013056 1300 1.200000 0.018000 1.051250 1.135080 
3.113520 1300 1.200000 0.018000 1.051250 1.135080 
3.213971 1300 1.200000 0.018000 1.052500 1.141420 
3.314385 1300 1.200000 0.018000 1.052500 1.141420 
3.414794 1300 1.200000 0.018000 1.052500 1.141420 
3.515197 1300 1.200000 0.018000 1.052500 1.141420 
3.615617 1300 1.200000 0.018000 1.052500 1.141420 
3.716019 1300 1.200000 0.018000 1.052500 1.168772 
3.816439 1300 1.200000 0.018000 1.052500 1.168772 
3.916843 1300 1.200000 0.018000 1.052500 1.168772 
4.017238 1300 1.200000 0.018000 1.051250 1.165559 
4.117650 1300 1.200000 0.018000 1.051250 1.165559 
4.218053 1300 1.200000 0.018000 1.051250 1.167661 
4.318452 1300 1.200000 0.018000 1.051250 1.167661 
