0.000314 800 1.200000 0.018000 0.917500 0.488761 
0.100985 800 1.200000 0.018000 0.917500 0.488761 
0.201622 800 1.200000 0.018000 0.917500 0.488761 
0.302234 800 1.200000 0.018000 0.917500 0.452081 
0.402842 800 1.200000 0.018000 0.917500 0.452081 
0.503498 800 1.200000 0.018000 0.917500 0.452081 
0.604099 800 1.200000 0.018000 0.917500 0.467670 
0.704713 800 1.200000 0.018000 0.917500 0.467670 
0.805333 800 1.200000 0.018000 0.917500 0.468587 
0.906021 800 1.200000 0.018000 0.917500 0.468587 
1.006725 800 1.200000 0.018000 0.917500 0.468587 
1.107355 800 1.200000 0.018000 0.917500 0.471338 
1.207970 800 1.200000 0.018000 0.917500 0.471338 
1.308559 800 1.200000 0.018000 0.917500 0.539196 
1.409134 800 1.200000 0.018000 0.917500 0.539196 
1.509710 800 1.200000 0.018000 0.917500 0.539196 
1.610305 800 1.200000 0.018000 0.917500 0.539196 
1.710882 800 1.200000 0.018000 0.917500 0.539196 
1.811475 800 1.200000 0.018000 0.917500 0.539196 
1.912049 800 1.200000 0.018000 0.917500 0.541030 
2.012631 800 1.200000 0.018000 0.917500 0.541030 
2.113267 800 1.200000 0.018000 0.917500 0.540113 
2.213849 800 1.200000 0.018000 0.917500 0.540113 
2.314445 800 1.200000 0.018000 0.917500 0.540113 
2.415030 800 1.200000 0.018000 0.917500 0.541030 
2.515623 800 1.200000 0.018000 0.917500 0.541030 
2.616207 800 1.200000 0.018000 0.917500 0.541030 
2.716832 800 1.200000 0.018000 0.917500 0.540113 
2.817426 800 1.200000 0.018000 0.917500 0.540113 
2.918172 800 1.200000 0.018000 0.917500 0.509852 
3.018852 800 1.200000 0.018000 0.917500 0.509852 
3.119459 800 1.200000 0.018000 0.917500 0.509852 
3.220044 800 1.200000 0.018000 0.917500 0.509852 
3.320646 800 1.200000 0.018000 0.917500 0.509852 
3.421220 800 1.200000 0.018000 0.917500 0.535528 
3.521791 800 1.200000 0.018000 0.917500 0.535528 
3.622372 800 1.200000 0.018000 0.917500 0.535528 
3.722958 800 1.200000 0.018000 0.917500 0.541947 
3.823531 800 1.200000 0.018000 0.917500 0.541947 
3.924095 800 1.200000 0.018000 0.917500 0.541947 
4.024671 800 1.200000 0.018000 0.917500 0.540113 
4.125269 800 1.200000 0.018000 0.917500 0.540113 
4.225845 800 1.200000 0.018000 0.917500 0.541947 
4.326417 800 1.200000 0.018000 0.917500 0.541947 
4.426994 800 1.200000 0.018000 0.917500 0.541947 
4.527558 800 1.200000 0.018000 0.917500 0.541947 
4.628167 800 1.200000 0.018000 0.917500 0.541947 
4.728733 800 1.200000 0.018000 0.917500 0.541947 
4.829297 800 1.200000 0.018000 0.917500 0.541947 
4.929862 800 1.200000 0.018000 0.917500 0.541947 
5.030430 800 1.200000 0.018000 0.917500 0.540113 
5.131025 800 1.200000 0.018000 0.917500 0.540113 
5.231605 800 1.200000 0.018000 0.917500 0.540113 
5.332184 800 1.200000 0.018000 0.917500 0.542864 
5.432773 800 1.200000 0.018000 0.917500 0.542864 
5.533405 800 1.200000 0.018000 0.917500 0.538279 
5.633986 800 1.200000 0.018000 0.917500 0.538279 
5.734583 800 1.200000 0.018000 0.917500 0.538279 
5.835157 800 1.200000 0.018000 0.917500 0.540113 
5.935729 800 1.200000 0.018000 0.917500 0.540113 
6.036303 800 1.200000 0.018000 0.917500 0.540113 
6.136897 800 1.200000 0.018000 0.917500 0.541030 
6.237472 800 1.200000 0.018000 0.917500 0.541030 
6.338084 800 1.200000 0.018000 0.917500 0.542864 
6.438658 800 1.200000 0.018000 0.917500 0.542864 
6.539234 800 1.200000 0.018000 0.917500 0.542864 
6.639815 800 1.200000 0.018000 0.917500 0.541947 
6.740388 800 1.200000 0.018000 0.917500 0.541947 
6.840957 800 1.200000 0.018000 0.917500 0.541947 
6.941542 800 1.200000 0.018000 0.917500 0.540113 
7.042241 800 1.200000 0.018000 0.917500 0.540113 
7.142964 800 1.200000 0.018000 0.917500 0.506184 
