0.000582 250 0.950000 0.049400 1.158750 0.013896 
0.101940 250 0.950000 0.049400 1.158750 0.013896 
0.202937 250 0.950000 0.046550 1.158750 0.013896 
0.303888 250 0.950000 0.046550 1.158750 0.013896 
0.404910 250 0.950000 0.046550 1.158750 0.013896 
0.505982 250 0.950000 0.048450 1.158750 0.013896 
0.607117 250 0.950000 0.048450 1.158750 0.013896 
0.708222 250 0.950000 0.048450 1.158750 0.013896 
0.809246 250 0.950000 0.048450 1.158750 0.013896 
0.910310 250 0.950000 0.048450 1.158750 0.013896 
1.011251 250 0.950000 0.049400 1.158750 0.013896 
1.112254 250 0.950000 0.049400 1.158750 0.013896 
1.213198 250 0.950000 0.048450 1.158750 0.013896 
1.314143 250 0.950000 0.048450 1.158750 0.013896 
1.415108 250 0.950000 0.048450 1.158750 0.013896 
1.516056 250 0.950000 0.048450 1.158750 0.013896 
1.617068 250 0.950000 0.048450 1.158750 0.013896 
1.718040 250 0.950000 0.048450 1.158750 0.013896 
1.818984 250 0.950000 0.048450 1.158750 0.013896 
1.919953 250 0.950000 0.048450 1.158750 0.013896 
2.020913 250 0.950000 0.048450 1.158750 0.013896 
2.121935 250 0.950000 0.048450 1.158750 0.013896 
2.222895 250 0.950000 0.048450 1.158750 0.013896 
2.323877 250 0.950000 0.048450 1.158750 0.013896 
2.424931 250 0.950000 0.048450 1.158750 0.013896 
2.525982 250 0.950000 0.048450 1.158750 0.013896 
2.627153 250 0.950000 0.048450 1.158750 0.013896 
2.728238 250 0.950000 0.048450 1.158750 0.013896 
2.829334 250 0.950000 0.048450 1.158750 0.013896 
2.930418 250 0.950000 0.048450 1.158750 0.013896 
3.031488 250 0.950000 0.048450 1.158750 0.013896 
3.132630 250 0.950000 0.043700 1.158750 0.013896 
3.233707 250 0.950000 0.043700 1.158750 0.013896 
3.334771 250 0.950000 0.038950 1.158750 0.013896 
3.435843 250 0.950000 0.038950 1.158750 0.013896 
3.536999 250 0.950000 0.038950 1.158750 0.013896 
3.638070 250 0.950000 0.039900 1.158750 0.013896 
3.739164 250 0.950000 0.039900 1.158750 0.013896 
3.840226 250 0.950000 0.038950 1.158750 0.013896 
3.941297 250 0.950000 0.038950 1.158750 0.013896 
4.042466 250 0.950000 0.038950 1.158750 0.013896 
4.143539 250 0.950000 0.038950 1.158750 0.013896 
4.244605 250 0.950000 0.038950 1.158750 0.013896 
4.345665 250 0.950000 0.038950 1.158750 0.013896 
4.446761 250 0.950000 0.038950 1.158750 0.013896 
4.547834 250 0.950000 0.038950 1.158750 0.013896 
4.648898 250 0.950000 0.038950 1.158750 0.013896 
4.749972 250 0.950000 0.038950 1.158750 0.013896 
4.851054 250 0.950000 0.038950 1.158750 0.013896 
4.952214 250 0.950000 0.038950 1.158750 0.013896 
5.053283 250 0.950000 0.038950 1.158750 0.013896 
5.154353 250 0.950000 0.038950 1.158750 0.013896 
5.255436 250 0.950000 0.038950 1.158750 0.013896 
5.356500 250 0.950000 0.038950 1.158750 0.013896 
5.457653 250 0.950000 0.038950 1.158750 0.013896 
5.558730 250 0.950000 0.038950 1.158750 0.013896 
5.659794 250 0.950000 0.038950 1.158750 0.013896 
5.760862 250 0.950000 0.038950 1.158750 0.013896 
5.862022 250 0.950000 0.038950 1.158750 0.013896 
5.963093 250 0.950000 0.039900 1.158750 0.013896 
6.064162 250 0.950000 0.039900 1.158750 0.013896 
6.165229 250 0.950000 0.039900 1.158750 0.013896 
6.266311 250 0.950000 0.038950 1.158750 0.013896 
6.367469 250 0.950000 0.038950 1.158750 0.013896 
6.468525 250 0.950000 0.038950 1.158750 0.013896 
6.569604 250 0.950000 0.039900 1.158750 0.013896 
6.670680 250 0.950000 0.039900 1.158750 0.013896 
6.771770 250 0.950000 0.039900 1.158750 0.013896 
6.872844 250 0.950000 0.039900 1.158750 0.013896 
6.973911 250 0.950000 0.039900 1.158750 0.013896 
7.074976 250 0.950000 0.038950 1.158750 0.013896 
7.176053 250 0.950000 0.038950 1.158750 0.013896 
7.277241 250 0.950000 0.039900 1.158750 0.013896 
7.378307 250 0.950000 0.039900 1.158750 0.013896 
7.479400 250 0.950000 0.039900 1.158750 0.013896 
7.580464 250 0.950000 0.038950 1.158750 0.013896 
7.681531 250 0.950000 0.038950 1.158750 0.013896 
7.782677 250 0.950000 0.038950 1.158750 0.013896 
7.883745 250 0.950000 0.038950 1.158750 0.013896 
7.984804 250 0.950000 0.038950 1.158750 0.013896 
8.085871 250 0.950000 0.038950 1.158750 0.013896 
8.187032 250 0.950000 0.038950 1.158750 0.013896 
8.288303 250 0.950000 0.038950 1.158750 0.013896 
8.389383 250 0.950000 0.039900 1.158750 0.013896 
8.490452 250 0.950000 0.039900 1.158750 0.013896 
8.591511 250 0.950000 0.039900 1.158750 0.013896 
8.692634 250 0.950000 0.039900 1.158750 0.013896 
8.793689 250 0.950000 0.039900 1.158750 0.013896 
8.894756 250 0.950000 0.039900 1.158750 0.013896 
8.995825 250 0.950000 0.039900 1.158750 0.013896 
9.096979 250 0.950000 0.039900 1.158750 0.013896 
9.198087 250 0.950000 0.039900 1.158750 0.013896 
9.299154 250 0.950000 0.039900 1.158750 0.013896 
9.400224 250 0.950000 0.039900 1.158750 0.013896 
9.501293 250 0.950000 0.039900 1.158750 0.013896 
9.602667 250 0.950000 0.039900 1.158750 0.013896 
9.703756 250 0.950000 0.042750 1.158750 0.013896 
9.804869 250 0.950000 0.042750 1.158750 0.013896 
9.906057 250 0.950000 0.044650 1.158750 0.013896 
10.007414 250 0.950000 0.044650 1.158750 0.013896 
10.108521 250 0.950000 0.044650 1.158750 0.013896 
10.209605 250 0.950000 0.042750 1.158750 0.013896 
10.310669 250 0.950000 0.042750 1.158750 0.013896 
10.411784 250 0.950000 0.042750 1.158750 0.013896 
10.512910 250 0.950000 0.041800 1.158750 0.013896 
10.613996 250 0.950000 0.041800 1.158750 0.013896 
10.715079 250 0.950000 0.039900 1.158750 0.013896 
10.816157 250 0.950000 0.039900 1.158750 0.013896 
10.917298 250 0.950000 0.039900 1.158750 0.013896 
11.018382 250 0.950000 0.039900 1.158750 0.013896 
11.119469 250 0.950000 0.039900 1.158750 0.013896 
11.220556 250 0.950000 0.039900 1.158750 0.013896 
11.321670 250 0.950000 0.039900 1.158750 0.013896 
11.422876 250 0.950000 0.039900 1.158750 0.013896 
11.524004 250 0.950000 0.041800 1.158750 0.013896 
11.625094 250 0.950000 0.041800 1.158750 0.013896 
11.726172 250 0.950000 0.041800 1.158750 0.013896 
11.827327 250 0.950000 0.042750 1.158750 0.013896 
11.928421 250 0.950000 0.042750 1.158750 0.013896 
12.029507 250 0.950000 0.039900 1.158750 0.013896 
12.130593 250 0.950000 0.039900 1.158750 0.013896 
12.231681 250 0.950000 0.039900 1.158750 0.013896 
12.332816 250 0.950000 0.038950 1.158750 0.013896 
12.433911 250 0.950000 0.038950 1.158750 0.013896 
12.535010 250 0.950000 0.038950 1.158750 0.013896 
12.636105 250 0.950000 0.038950 1.158750 0.013896 
12.737280 250 0.950000 0.038950 1.158750 0.013896 
12.838377 250 0.950000 0.039900 1.158750 0.013896 
12.939478 250 0.950000 0.039900 1.158750 0.013896 
13.040569 250 0.950000 0.039900 1.158750 0.013896 
13.141668 250 0.950000 0.039900 1.158750 0.013896 
13.242804 250 0.950000 0.039900 1.158750 0.013896 
13.343880 250 0.950000 0.039900 1.158750 0.013896 
13.444970 250 0.950000 0.039900 1.158750 0.013896 
13.546063 250 0.950000 0.039900 1.158750 0.013896 
13.647245 250 0.950000 0.039900 1.158750 0.013896 
13.748334 250 0.950000 0.039900 1.158750 0.013896 
13.849428 250 0.950000 0.039900 1.158750 0.013896 
13.950523 250 0.950000 0.039900 1.158750 0.013896 
14.051624 250 0.950000 0.039900 1.158750 0.013896 
14.152782 250 0.950000 0.038950 1.158750 0.013896 
14.253880 250 0.950000 0.038950 1.158750 0.013896 
14.354970 250 0.950000 0.038950 1.158750 0.013896 
14.456074 250 0.950000 0.038950 1.158750 0.013896 
14.557251 250 0.950000 0.038950 1.158750 0.013896 
14.658335 250 0.950000 0.039900 1.158750 0.013896 
14.759409 250 0.950000 0.039900 1.158750 0.013896 
14.860489 250 0.950000 0.039900 1.158750 0.013896 
14.961585 250 0.950000 0.038950 1.158750 0.013896 
15.062743 250 0.950000 0.038950 1.158750 0.013896 
15.163834 250 0.950000 0.038950 1.158750 0.013896 
15.264927 250 0.950000 0.039900 1.158750 0.013896 
15.366029 250 0.950000 0.039900 1.158750 0.013896 
15.467203 250 0.950000 0.039900 1.158750 0.013896 
15.568288 250 0.950000 0.039900 1.158750 0.013896 
15.669387 250 0.950000 0.039900 1.158750 0.013896 
15.770481 250 0.950000 0.039900 1.158750 0.013896 
15.871571 250 0.950000 0.039900 1.158750 0.013896 
15.972750 250 0.950000 0.039900 1.158750 0.013896 
16.073836 250 0.950000 0.038950 1.158750 0.013896 
16.174925 250 0.950000 0.038950 1.158750 0.013896 
16.276018 250 0.950000 0.039900 1.158750 0.013896 
16.377203 250 0.950000 0.039900 1.158750 0.013896 
16.478490 250 0.950000 0.039900 1.158750 0.013896 
16.579621 250 0.950000 0.038950 1.158750 0.013896 
16.680704 250 0.950000 0.038950 1.158750 0.013896 
16.781779 250 0.950000 0.038950 1.158750 0.013896 
16.882915 250 0.950000 0.038950 1.158750 0.013896 
16.984015 250 0.950000 0.038950 1.158750 0.013896 
17.085100 250 0.950000 0.038950 1.158750 0.013896 
17.186182 250 0.950000 0.038950 1.158750 0.013896 
17.287347 250 0.950000 0.038950 1.158750 0.013896 
17.388421 250 0.950000 0.039900 1.158750 0.013896 
17.489542 250 0.950000 0.039900 1.158750 0.013896 
17.590622 250 0.950000 0.039900 1.158750 0.013896 
17.691760 250 0.950000 0.039900 1.158750 0.013896 
17.792844 250 0.950000 0.039900 1.158750 0.013896 
17.893924 250 0.950000 0.042750 1.158750 0.013896 
17.995003 250 0.950000 0.042750 1.158750 0.013896 
18.096083 250 0.950000 0.040850 1.158750 0.013896 
18.197238 250 0.950000 0.040850 1.158750 0.013896 
18.298323 250 0.950000 0.040850 1.158750 0.013896 
18.399401 250 0.950000 0.039900 1.158750 0.013896 
18.500499 250 0.950000 0.039900 1.158750 0.013896 
18.601587 250 0.950000 0.039900 1.158750 0.013896 
18.702717 250 0.950000 0.039900 1.158750 0.013896 
18.803799 250 0.950000 0.039900 1.158750 0.013896 
18.904884 250 0.950000 0.038950 1.158750 0.013896 
19.005994 250 0.950000 0.038950 1.158750 0.013896 
19.107148 250 0.950000 0.038950 1.158750 0.013896 
19.208238 250 0.950000 0.039900 1.158750 0.013896 
19.309318 250 0.950000 0.039900 1.158750 0.013896 
19.410403 250 0.950000 0.038950 1.158750 0.013896 
19.511521 250 0.950000 0.038950 1.158750 0.013896 
19.612725 250 0.950000 0.038950 1.158750 0.013896 
19.713836 250 0.950000 0.040850 1.158750 0.013896 
19.814933 250 0.950000 0.040850 1.158750 0.013896 
19.916022 250 0.950000 0.040850 1.158750 0.013896 
20.017205 250 0.950000 0.044650 1.158750 0.013896 
20.118295 250 0.950000 0.044650 1.158750 0.013896 
20.219379 250 0.950000 0.038950 1.158750 0.013896 
20.320468 250 0.950000 0.038950 1.158750 0.013896 
20.421556 250 0.950000 0.038950 1.158750 0.013896 
20.522744 250 0.950000 0.038950 1.158750 0.013896 
20.623833 250 0.950000 0.038950 1.158750 0.013896 
20.724909 250 0.950000 0.038950 1.158750 0.013896 
20.826001 250 0.950000 0.038950 1.158750 0.013896 
20.927175 250 0.950000 0.038950 1.158750 0.013896 
21.028272 250 0.950000 0.038950 1.158750 0.013896 
21.129367 250 0.950000 0.038950 1.158750 0.013896 
21.230449 250 0.950000 0.038950 1.158750 0.013896 
21.331539 250 0.950000 0.038950 1.158750 0.013896 
21.432703 250 0.950000 0.038950 1.158750 0.013896 
21.533792 250 0.950000 0.038950 1.158750 0.013896 
21.634891 250 0.950000 0.038950 1.158750 0.013896 
21.735992 250 0.950000 0.038950 1.158750 0.013896 
21.837171 250 0.950000 0.039900 1.158750 0.013896 
21.938262 250 0.950000 0.039900 1.158750 0.013896 
22.039375 250 0.950000 0.039900 1.158750 0.013896 
22.140460 250 0.950000 0.039900 1.158750 0.013896 
22.241549 250 0.950000 0.039900 1.158750 0.013896 
22.342715 250 0.950000 0.038950 1.158750 0.013896 
22.443811 250 0.950000 0.038950 1.158750 0.013896 
22.544898 250 0.950000 0.038950 1.158750 0.013896 
22.645993 250 0.950000 0.039900 1.158750 0.013896 
22.747174 250 0.950000 0.039900 1.158750 0.013896 
22.848260 250 0.950000 0.039900 1.158750 0.013896 
22.949354 250 0.950000 0.039900 1.158750 0.013896 
23.050446 250 0.950000 0.039900 1.158750 0.013896 
23.151544 250 0.950000 0.038950 1.158750 0.013896 
23.252892 250 0.950000 0.038950 1.158750 0.013896 
23.353979 250 0.950000 0.038950 1.158750 0.013896 
23.455080 250 0.950000 0.039900 1.158750 0.013896 
23.556198 250 0.950000 0.039900 1.158750 0.013896 
23.657356 250 0.950000 0.038950 1.158750 0.013896 
23.758444 250 0.950000 0.038950 1.158750 0.013896 
23.859515 250 0.950000 0.038950 1.158750 0.013896 
23.960607 250 0.950000 0.038950 1.158750 0.013896 
24.061786 250 0.950000 0.038950 1.158750 0.013896 
24.162865 250 0.950000 0.038950 1.158750 0.013896 
24.263959 250 0.950000 0.038950 1.158750 0.013896 
24.365050 250 0.950000 0.038950 1.158750 0.013896 
24.466146 250 0.950000 0.039900 1.158750 0.013896 
24.567495 250 0.950000 0.039900 1.158750 0.013896 
24.668596 250 0.950000 0.039900 1.158750 0.013896 
24.769688 250 0.950000 0.039900 1.158750 0.013896 
24.870784 250 0.950000 0.039900 1.158750 0.013896 
24.971995 250 0.950000 0.039900 1.158750 0.013896 
25.073102 250 0.950000 0.039900 1.158750 0.013896 
25.174189 250 0.950000 0.039900 1.158750 0.013896 
25.275283 250 0.950000 0.038950 1.158750 0.013896 
25.376382 250 0.950000 0.038950 1.158750 0.013896 
25.477550 250 0.950000 0.039900 1.158750 0.013896 
25.578652 250 0.950000 0.039900 1.158750 0.013896 
25.679726 250 0.950000 0.039900 1.158750 0.013896 
25.780836 250 0.950000 0.038950 1.158750 0.013896 
25.882047 250 0.950000 0.038950 1.158750 0.013896 
25.983147 250 0.950000 0.038950 1.158750 0.013896 
26.084231 250 0.950000 0.043700 1.158750 0.013896 
26.185324 250 0.950000 0.043700 1.158750 0.013896 
26.286405 250 0.950000 0.039900 1.158750 0.013896 
26.387562 250 0.950000 0.039900 1.158750 0.013896 
26.488646 250 0.950000 0.039900 1.158750 0.013896 
26.589737 250 0.950000 0.039900 1.158750 0.013896 
26.690816 250 0.950000 0.039900 1.158750 0.013896 
26.792487 250 0.950000 0.039900 1.158750 0.013896 
26.893566 250 0.950000 0.039900 1.158750 0.013896 
26.994650 250 0.950000 0.039900 1.158750 0.013896 
27.095730 250 0.950000 0.038950 1.158750 0.013896 
27.196786 250 0.950000 0.038950 1.158750 0.013896 
27.297901 250 0.950000 0.038950 1.158750 0.013896 
27.398981 250 0.950000 0.039900 1.158750 0.013896 
27.500079 250 0.950000 0.039900 1.158750 0.013896 
27.601180 250 0.950000 0.039900 1.158750 0.013896 
27.702420 250 0.950000 0.039900 1.158750 0.013896 
27.803527 250 0.950000 0.039900 1.158750 0.013896 
27.904621 250 0.950000 0.043700 1.158750 0.013896 
28.005759 250 0.950000 0.043700 1.158750 0.013896 
28.106933 250 0.950000 0.043700 1.158750 0.013896 
28.208020 250 0.950000 0.040850 1.158750 0.013896 
28.309110 250 0.950000 0.040850 1.158750 0.013896 
28.410196 250 0.950000 0.039900 1.158750 0.013896 
28.511281 250 0.950000 0.039900 1.158750 0.013896 
28.612453 250 0.950000 0.039900 1.158750 0.013896 
28.713536 250 0.950000 0.038950 1.158750 0.013896 
28.814625 250 0.950000 0.038950 1.158750 0.013896 
28.915683 250 0.950000 0.038950 1.158750 0.013896 
29.016786 250 0.950000 0.038950 1.158750 0.013896 
29.117872 250 0.950000 0.038950 1.158750 0.013896 
29.218951 250 0.950000 0.039900 1.158750 0.013896 
29.320035 250 0.950000 0.039900 1.158750 0.013896 
29.421121 250 0.950000 0.039900 1.158750 0.013896 
29.522302 250 0.950000 0.039900 1.158750 0.013896 
29.623394 250 0.950000 0.039900 1.158750 0.013896 
29.724525 250 0.950000 0.040850 1.158750 0.013896 
29.825650 250 0.950000 0.040850 1.158750 0.013896 
29.926827 250 0.950000 0.040850 1.158750 0.013896 
30.027950 250 0.950000 0.042750 1.158750 0.013896 
30.129078 250 0.950000 0.042750 1.158750 0.013896 
30.230175 250 0.950000 0.041800 1.158750 0.013896 
30.331273 250 0.950000 0.041800 1.158750 0.013896 
30.432442 250 0.950000 0.041800 1.158750 0.013896 
30.533540 250 0.950000 0.039900 1.158750 0.013896 
30.634633 250 0.950000 0.039900 1.158750 0.013896 
30.735731 250 0.950000 0.039900 1.158750 0.013896 
30.836781 250 0.950000 0.039900 1.158750 0.013896 
30.937906 250 0.950000 0.039900 1.158750 0.013896 
31.039009 250 0.950000 0.038950 1.158750 0.013896 
31.140107 250 0.950000 0.038950 1.158750 0.013896 
31.241193 250 0.950000 0.038950 1.158750 0.013896 
31.342350 250 0.950000 0.039900 1.158750 0.013896 
31.443449 250 0.950000 0.039900 1.158750 0.013896 
31.544534 250 0.950000 0.039900 1.158750 0.013896 
31.645623 250 0.950000 0.039900 1.158750 0.013896 
31.746684 250 0.950000 0.039900 1.158750 0.013896 
31.848084 250 0.950000 0.039900 1.158750 0.013896 
31.949181 250 0.950000 0.039900 1.158750 0.013896 
32.050276 250 0.950000 0.039900 1.158750 0.013896 
32.151383 250 0.950000 0.039900 1.158750 0.013896 
32.252540 250 0.950000 0.039900 1.158750 0.013896 
32.353630 250 0.950000 0.039900 1.158750 0.013896 
32.454717 250 0.950000 0.039900 1.158750 0.013896 
32.555835 250 0.950000 0.039900 1.158750 0.013896 
32.657017 250 0.950000 0.039900 1.158750 0.013896 
32.758295 250 0.950000 0.039900 1.158750 0.013896 
32.859393 250 0.950000 0.039900 1.158750 0.013896 
32.960569 250 0.950000 0.038950 1.158750 0.013896 
33.061664 250 0.950000 0.038950 1.158750 0.013896 
33.162807 250 0.950000 0.039900 1.158750 0.013896 
33.263898 250 0.950000 0.039900 1.158750 0.013896 
33.364990 250 0.950000 0.039900 1.158750 0.013896 
33.466080 250 0.950000 0.039900 1.158750 0.013896 
33.567267 250 0.950000 0.039900 1.158750 0.013896 
33.668349 250 0.950000 0.039900 1.158750 0.013896 
33.769443 250 0.950000 0.039900 1.158750 0.013896 
33.870535 250 0.950000 0.039900 1.158750 0.013896 
33.971632 250 0.950000 0.039900 1.158750 0.013896 
34.072816 250 0.950000 0.039900 1.158750 0.013896 
34.173913 250 0.950000 0.039900 1.158750 0.013896 
34.275006 250 0.950000 0.043700 1.158750 0.013896 
34.376103 250 0.950000 0.043700 1.158750 0.013896 
34.477268 250 0.950000 0.039900 1.158750 0.013896 
34.578365 250 0.950000 0.039900 1.158750 0.013896 
34.679514 250 0.950000 0.039900 1.158750 0.013896 
34.780612 250 0.950000 0.039900 1.158750 0.013896 
34.881761 250 0.950000 0.039900 1.158750 0.013896 
34.982849 250 0.950000 0.039900 1.158750 0.013896 
35.083985 250 0.950000 0.039900 1.158750 0.013896 
35.185080 250 0.950000 0.039900 1.158750 0.013896 
35.286168 250 0.950000 0.039900 1.158750 0.013896 
35.387326 250 0.950000 0.039900 1.158750 0.013896 
35.488419 250 0.950000 0.039900 1.158750 0.013896 
