0.000347 500 1.073750 0.109446 1.158750 0.013896 
0.101078 500 1.073750 0.109446 1.158750 0.013896 
0.201704 500 1.073750 0.116957 1.158750 0.013896 
0.302325 500 1.073750 0.116957 1.158750 0.013896 
0.402944 500 1.073750 0.116957 1.158750 0.013896 
0.503562 500 1.073750 0.119103 1.158750 0.013896 
0.604175 500 1.073750 0.119103 1.158750 0.013896 
0.704782 500 1.073750 0.119103 1.158750 0.013896 
0.805433 500 1.073750 0.119103 1.158750 0.013896 
0.906136 500 1.073750 0.119103 1.158750 0.013896 
1.006776 500 1.073750 0.116957 1.158750 0.013896 
1.107405 500 1.073750 0.116957 1.158750 0.013896 
1.208077 500 1.073750 0.116957 1.158750 0.013896 
1.308781 500 1.073750 0.116957 1.158750 0.015054 
1.409457 500 1.073750 0.116957 1.158750 0.015054 
1.510139 500 1.073750 0.098716 1.158750 0.013896 
1.610885 500 1.073750 0.098716 1.158750 0.013896 
1.711568 500 1.073750 0.098716 1.158750 0.013896 
1.812257 500 1.073750 0.094424 1.158750 0.013896 
1.912954 500 1.073750 0.094424 1.158750 0.013896 
2.013863 500 1.073750 0.095497 1.158750 0.013896 
2.114550 500 1.073750 0.095497 1.158750 0.013896 
2.215229 500 1.073750 0.095497 1.158750 0.013896 
2.315973 500 1.073750 0.094424 1.158750 0.013896 
2.416657 500 1.073750 0.094424 1.158750 0.013896 
2.517339 500 1.073750 0.094424 1.158750 0.013896 
2.618022 500 1.073750 0.094424 1.158750 0.013896 
2.718727 500 1.073750 0.094424 1.158750 0.013896 
2.819419 500 1.073750 0.100862 1.158750 0.015054 
2.920109 500 1.073750 0.100862 1.158750 0.015054 
3.020909 500 1.073750 0.100862 1.158750 0.015054 
3.121596 500 1.073750 0.100862 1.158750 0.013896 
3.222289 500 1.073750 0.100862 1.158750 0.013896 
3.322972 500 1.073750 0.100862 1.158750 0.013896 
3.423650 500 1.075000 0.095675 1.158750 0.013896 
3.524341 500 1.075000 0.095675 1.158750 0.013896 
3.625026 500 1.073750 0.094424 1.158750 0.013896 
3.725898 500 1.073750 0.094424 1.158750 0.013896 
3.826588 500 1.073750 0.094424 1.158750 0.013896 
3.927274 500 1.073750 0.094424 1.158750 0.013896 
4.027964 500 1.073750 0.094424 1.158750 0.013896 
4.128643 500 1.073750 0.095497 1.158750 0.015054 
4.229331 500 1.073750 0.095497 1.158750 0.015054 
4.330028 500 1.073750 0.095497 1.158750 0.015054 
4.430767 500 1.075000 0.095675 1.158750 0.013896 
4.531441 500 1.075000 0.095675 1.158750 0.013896 
4.632118 500 1.075000 0.095675 1.158750 0.013896 
4.732797 500 1.073750 0.094424 1.158750 0.013896 
4.833471 500 1.073750 0.094424 1.158750 0.013896 
4.934148 500 1.073750 0.095497 1.158750 0.013896 
5.034835 500 1.073750 0.095497 1.158750 0.013896 
5.135511 500 1.073750 0.095497 1.158750 0.013896 
5.236248 500 1.073750 0.095497 1.158750 0.013896 
5.336924 500 1.073750 0.095497 1.158750 0.013896 
5.437602 500 1.073750 0.095497 1.158750 0.013896 
5.538289 500 1.075000 0.095675 1.158750 0.015054 
5.638966 500 1.075000 0.095675 1.158750 0.015054 
5.739648 500 1.075000 0.095675 1.158750 0.013896 
5.840330 500 1.075000 0.095675 1.158750 0.013896 
5.941058 500 1.075000 0.095675 1.158750 0.013896 
6.041734 500 1.073750 0.094424 1.158750 0.015054 
6.142446 500 1.073750 0.094424 1.158750 0.015054 
6.243118 500 1.073750 0.094424 1.158750 0.013896 
6.343805 500 1.073750 0.094424 1.158750 0.013896 
6.444494 500 1.073750 0.094424 1.158750 0.013896 
6.545179 500 1.073750 0.095497 1.158750 0.013896 
6.645927 500 1.073750 0.095497 1.158750 0.013896 
6.746616 500 1.073750 0.095497 1.158750 0.013896 
6.847293 500 1.073750 0.094424 1.158750 0.013896 
6.947978 500 1.073750 0.094424 1.158750 0.013896 
7.050491 500 1.073750 0.094424 1.158750 0.013896 
7.151293 500 1.073750 0.094424 1.158750 0.013896 
7.251974 500 1.073750 0.094424 1.158750 0.013896 
7.352653 500 1.073750 0.095497 1.158750 0.013896 
7.453339 500 1.073750 0.095497 1.158750 0.013896 
7.554513 500 1.073750 0.094424 1.158750 0.013896 
7.655198 500 1.073750 0.094424 1.158750 0.013896 
7.755948 500 1.073750 0.094424 1.158750 0.013896 
7.856631 500 1.073750 0.095497 1.158750 0.013896 
7.957310 500 1.073750 0.095497 1.158750 0.013896 
8.057975 500 1.073750 0.095497 1.158750 0.013896 
8.158664 500 1.073750 0.095497 1.158750 0.013896 
8.259471 500 1.073750 0.095497 1.158750 0.013896 
8.360161 500 1.075000 0.095675 1.158750 0.013896 
8.460912 500 1.075000 0.095675 1.158750 0.013896 
8.561591 500 1.075000 0.095675 1.158750 0.013896 
8.662262 500 1.073750 0.095497 1.158750 0.013896 
8.762951 500 1.073750 0.095497 1.158750 0.013896 
8.863626 500 1.073750 0.095497 1.158750 0.013896 
8.964304 500 1.075000 0.095675 1.158750 0.015054 
9.064982 500 1.075000 0.095675 1.158750 0.015054 
9.165665 500 1.073750 0.095497 1.158750 0.015054 
9.266388 500 1.073750 0.095497 1.158750 0.015054 
9.367061 500 1.073750 0.095497 1.158750 0.015054 
9.467748 500 1.073750 0.101935 1.158750 0.013896 
9.568419 500 1.073750 0.101935 1.158750 0.013896 
9.669092 500 1.075000 0.095675 1.158750 0.013896 
9.769776 500 1.075000 0.095675 1.158750 0.013896 
9.870450 500 1.075000 0.095675 1.158750 0.013896 
9.971192 500 1.073750 0.095497 1.158750 0.013896 
10.071873 500 1.073750 0.095497 1.158750 0.013896 
10.172560 500 1.073750 0.095497 1.158750 0.013896 
10.273244 500 1.075000 0.094600 1.158750 0.015054 
10.373929 500 1.075000 0.094600 1.158750 0.015054 
10.474617 500 1.073750 0.094424 1.158750 0.013896 
10.575303 500 1.073750 0.094424 1.158750 0.013896 
10.676056 500 1.073750 0.094424 1.158750 0.013896 
10.776731 500 1.073750 0.094424 1.158750 0.013896 
10.877404 500 1.073750 0.094424 1.158750 0.013896 
10.978086 500 1.073750 0.094424 1.158750 0.013896 
11.078773 500 1.073750 0.094424 1.158750 0.013896 
11.179466 500 1.073750 0.094424 1.158750 0.013896 
11.280141 500 1.075000 0.094600 1.158750 0.015054 
11.380898 500 1.075000 0.094600 1.158750 0.015054 
11.481580 500 1.075000 0.094600 1.158750 0.015054 
11.582260 500 1.073750 0.098716 1.158750 0.013896 
11.682942 500 1.073750 0.098716 1.158750 0.013896 
11.783617 500 1.073750 0.098716 1.158750 0.013896 
11.884297 500 1.073750 0.098716 1.158750 0.013896 
11.984983 500 1.073750 0.098716 1.158750 0.013896 
12.085675 500 1.073750 0.094424 1.158750 0.013896 
12.186403 500 1.073750 0.094424 1.158750 0.013896 
12.287125 500 1.073750 0.094424 1.158750 0.013896 
12.387817 500 1.075000 0.095675 1.158750 0.013896 
12.488509 500 1.075000 0.095675 1.158750 0.013896 
12.589195 500 1.075000 0.094600 1.158750 0.013896 
12.689876 500 1.075000 0.094600 1.158750 0.013896 
12.790567 500 1.075000 0.094600 1.158750 0.013896 
12.891313 500 1.073750 0.094424 1.158750 0.015054 
12.991998 500 1.073750 0.094424 1.158750 0.015054 
13.092691 500 1.073750 0.094424 1.158750 0.015054 
13.193386 500 1.073750 0.094424 1.158750 0.013896 
13.294076 500 1.073750 0.094424 1.158750 0.013896 
13.394766 500 1.073750 0.094424 1.158750 0.013896 
13.495462 500 1.073750 0.094424 1.158750 0.013896 
13.596227 500 1.073750 0.094424 1.158750 0.013896 
13.696903 500 1.073750 0.094424 1.158750 0.013896 
13.797592 500 1.073750 0.094424 1.158750 0.013896 
13.898278 500 1.075000 0.095675 1.158750 0.013896 
13.998968 500 1.075000 0.095675 1.158750 0.013896 
14.099658 500 1.075000 0.095675 1.158750 0.013896 
14.200350 500 1.075000 0.095675 1.158750 0.013896 
14.301102 500 1.075000 0.095675 1.158750 0.013896 
14.401786 500 1.075000 0.095675 1.158750 0.013896 
14.502474 500 1.073750 0.095497 1.158750 0.013896 
14.603160 500 1.073750 0.095497 1.158750 0.013896 
14.703844 500 1.073750 0.094424 1.158750 0.013896 
14.804540 500 1.073750 0.094424 1.158750 0.013896 
14.905236 500 1.073750 0.094424 1.158750 0.013896 
15.005992 500 1.073750 0.095497 1.158750 0.013896 
15.106685 500 1.073750 0.095497 1.158750 0.013896 
15.207362 500 1.075000 0.095675 1.158750 0.013896 
15.308042 500 1.075000 0.095675 1.158750 0.013896 
15.408733 500 1.075000 0.095675 1.158750 0.013896 
15.509419 500 1.075000 0.094600 1.158750 0.015054 
15.610112 500 1.075000 0.094600 1.158750 0.015054 
15.710773 500 1.075000 0.094600 1.158750 0.015054 
15.811496 500 1.073750 0.095497 1.158750 0.013896 
15.912182 500 1.073750 0.095497 1.158750 0.013896 
16.012886 500 1.075000 0.095675 1.158750 0.015054 
16.113573 500 1.075000 0.095675 1.158750 0.015054 
16.214266 500 1.075000 0.095675 1.158750 0.015054 
16.315029 500 1.073750 0.095497 1.158750 0.013896 
16.415776 500 1.073750 0.095497 1.158750 0.013896 
16.516491 500 1.073750 0.095497 1.158750 0.013896 
16.617183 500 1.073750 0.096570 1.158750 0.013896 
16.717881 500 1.073750 0.096570 1.158750 0.013896 
16.818575 500 1.073750 0.095497 1.158750 0.013896 
16.919271 500 1.073750 0.095497 1.158750 0.013896 
17.019960 500 1.073750 0.095497 1.158750 0.013896 
17.120671 500 1.075000 0.094600 1.158750 0.013896 
17.221418 500 1.075000 0.094600 1.158750 0.013896 
17.322129 500 1.073750 0.094424 1.158750 0.015054 
17.422831 500 1.073750 0.094424 1.158750 0.015054 
17.523513 500 1.073750 0.094424 1.158750 0.015054 
17.624209 500 1.073750 0.098716 1.158750 0.013896 
17.724844 500 1.073750 0.098716 1.158750 0.013896 
17.825538 500 1.073750 0.098716 1.158750 0.013896 
17.926295 500 1.073750 0.095497 1.158750 0.013896 
18.026986 500 1.073750 0.095497 1.158750 0.013896 
18.127660 500 1.075000 0.094600 1.158750 0.015054 
18.228302 500 1.075000 0.094600 1.158750 0.015054 
18.328939 500 1.075000 0.094600 1.158750 0.015054 
18.429593 500 1.073750 0.119103 1.158750 0.015054 
