0.000413 400 0.961250 0.063426 1.158750 0.013896 
0.101172 400 0.961250 0.075919 1.158750 0.013896 
0.201891 400 0.961250 0.075919 1.158750 0.013896 
0.302627 400 0.961250 0.075919 1.158750 0.013896 
0.403309 400 0.961250 0.073036 1.158750 0.013896 
0.504006 400 0.961250 0.073036 1.158750 0.013896 
0.604706 400 0.961250 0.075919 1.158750 0.013896 
0.705452 400 0.961250 0.075919 1.158750 0.013896 
0.806201 400 0.961250 0.075919 1.158750 0.013896 
0.906960 400 0.961250 0.074958 1.158750 0.013896 
1.007710 400 0.961250 0.074958 1.158750 0.013896 
1.108394 400 0.961250 0.075919 1.158750 0.013896 
1.209083 400 0.961250 0.075919 1.158750 0.013896 
1.309768 400 0.961250 0.075919 1.158750 0.013896 
1.410480 400 0.961250 0.075919 1.158750 0.013896 
1.511279 400 0.961250 0.075919 1.158750 0.013896 
1.612056 400 0.961250 0.075919 1.158750 0.013896 
1.712896 400 0.961250 0.073036 1.158750 0.013896 
1.813674 400 0.961250 0.073036 1.158750 0.013896 
1.914455 400 0.961250 0.060543 1.158750 0.013896 
2.015246 400 0.961250 0.060543 1.158750 0.013896 
2.116028 400 0.961250 0.060543 1.158750 0.013896 
2.216818 400 0.961250 0.060543 1.158750 0.013896 
2.317678 400 0.961250 0.060543 1.158750 0.013896 
2.418454 400 0.961250 0.060543 1.158750 0.013896 
2.519232 400 0.961250 0.060543 1.158750 0.013896 
2.620003 400 0.961250 0.060543 1.158750 0.013896 
2.720783 400 0.961250 0.060543 1.158750 0.013896 
2.821580 400 0.961250 0.060543 1.158750 0.013896 
2.922365 400 0.961250 0.060543 1.158750 0.013896 
3.023508 400 0.961250 0.065348 1.158750 0.013896 
3.124317 400 0.961250 0.065348 1.158750 0.013896 
3.225088 400 0.961250 0.060543 1.158750 0.013896 
3.325861 400 0.961250 0.060543 1.158750 0.013896 
3.426638 400 0.961250 0.060543 1.158750 0.013896 
3.527415 400 0.961250 0.060543 1.158750 0.013896 
3.628243 400 0.961250 0.060543 1.158750 0.013896 
3.729012 400 0.961250 0.060543 1.158750 0.013896 
3.829764 400 0.961250 0.060543 1.158750 0.013896 
3.930537 400 0.961250 0.060543 1.158750 0.013896 
4.032565 400 0.961250 0.060543 1.158750 0.013896 
4.133319 400 0.961250 0.060543 1.158750 0.013896 
4.234100 400 0.961250 0.060543 1.158750 0.013896 
4.334874 400 0.961250 0.060543 1.158750 0.013896 
4.435643 400 0.961250 0.060543 1.158750 0.013896 
4.536421 400 0.961250 0.060543 1.158750 0.013896 
4.637184 400 0.961250 0.060543 1.158750 0.013896 
4.738007 400 0.961250 0.060543 1.158750 0.013896 
4.838796 400 0.961250 0.060543 1.158750 0.013896 
4.939606 400 0.961250 0.060543 1.158750 0.013896 
5.040387 400 0.961250 0.060543 1.158750 0.013896 
5.141151 400 0.961250 0.060543 1.158750 0.013896 
5.241927 400 0.961250 0.060543 1.158750 0.013896 
5.342757 400 0.961250 0.060543 1.158750 0.013896 
5.443540 400 0.961250 0.060543 1.158750 0.013896 
5.544308 400 0.961250 0.060543 1.158750 0.013896 
5.645073 400 0.961250 0.060543 1.158750 0.013896 
5.745851 400 0.961250 0.060543 1.158750 0.013896 
5.846620 400 0.961250 0.060543 1.158750 0.013896 
5.947400 400 0.961250 0.060543 1.158750 0.013896 
6.048231 400 0.961250 0.060543 1.158750 0.013896 
6.149005 400 0.961250 0.060543 1.158750 0.013896 
6.249825 400 0.961250 0.060543 1.158750 0.013896 
6.350606 400 0.961250 0.060543 1.158750 0.013896 
6.451395 400 0.961250 0.060543 1.158750 0.013896 
6.552175 400 0.961250 0.060543 1.158750 0.013896 
6.653021 400 0.961250 0.060543 1.158750 0.013896 
6.753804 400 0.961250 0.060543 1.158750 0.013896 
6.854591 400 0.961250 0.060543 1.158750 0.013896 
6.955380 400 0.961250 0.060543 1.158750 0.013896 
7.056167 400 0.961250 0.060543 1.158750 0.013896 
7.156960 400 0.961250 0.060543 1.158750 0.013896 
7.257815 400 0.961250 0.060543 1.158750 0.013896 
7.358602 400 0.961250 0.060543 1.158750 0.013896 
7.459395 400 0.961250 0.060543 1.158750 0.013896 
7.560184 400 0.961250 0.060543 1.158750 0.013896 
7.660971 400 0.961250 0.060543 1.158750 0.013896 
7.761765 400 0.961250 0.060543 1.158750 0.013896 
7.862534 400 0.961250 0.060543 1.158750 0.013896 
7.963345 400 0.961250 0.060543 1.158750 0.013896 
8.064129 400 0.961250 0.060543 1.158750 0.013896 
8.164930 400 0.961250 0.060543 1.158750 0.013896 
8.265877 400 0.961250 0.060543 1.158750 0.013896 
8.366674 400 0.961250 0.060543 1.158750 0.013896 
8.467464 400 0.961250 0.060543 1.158750 0.013896 
8.568264 400 0.961250 0.060543 1.158750 0.013896 
8.669054 400 0.961250 0.060543 1.158750 0.013896 
8.769845 400 0.961250 0.060543 1.158750 0.013896 
8.870636 400 0.961250 0.060543 1.158750 0.013896 
8.971427 400 0.961250 0.060543 1.158750 0.013896 
9.072220 400 0.961250 0.060543 1.158750 0.013896 
9.173087 400 0.961250 0.060543 1.158750 0.013896 
9.273881 400 0.961250 0.060543 1.158750 0.013896 
9.374652 400 0.961250 0.060543 1.158750 0.013896 
9.475447 400 0.961250 0.060543 1.158750 0.013896 
9.576243 400 0.961250 0.064387 1.158750 0.013896 
9.677038 400 0.961250 0.064387 1.158750 0.013896 
9.777926 400 0.961250 0.064387 1.158750 0.013896 
9.878720 400 0.961250 0.060543 1.158750 0.013896 
9.979516 400 0.961250 0.060543 1.158750 0.013896 
10.080302 400 0.961250 0.060543 1.158750 0.013896 
10.181098 400 0.961250 0.060543 1.158750 0.013896 
10.281904 400 0.961250 0.060543 1.158750 0.013896 
10.382933 400 0.961250 0.060543 1.158750 0.013896 
10.483730 400 0.961250 0.060543 1.158750 0.013896 
10.584534 400 0.961250 0.060543 1.158750 0.013896 
10.685332 400 0.961250 0.060543 1.158750 0.013896 
10.786126 400 0.961250 0.060543 1.158750 0.013896 
10.886917 400 0.961250 0.060543 1.158750 0.013896 
10.987779 400 0.961250 0.060543 1.158750 0.013896 
11.088578 400 0.961250 0.060543 1.158750 0.013896 
11.189381 400 0.961250 0.060543 1.158750 0.013896 
11.290191 400 0.961250 0.060543 1.158750 0.013896 
11.390989 400 0.961250 0.063426 1.158750 0.013896 
11.491784 400 0.961250 0.063426 1.158750 0.013896 
11.592540 400 0.961250 0.063426 1.158750 0.013896 
11.693364 400 0.961250 0.062465 1.158750 0.013896 
11.794149 400 0.961250 0.062465 1.158750 0.013896 
11.894947 400 0.961250 0.062465 1.158750 0.013896 
11.995748 400 0.961250 0.060543 1.158750 0.013896 
12.096550 400 0.961250 0.060543 1.158750 0.013896 
12.197346 400 0.961250 0.060543 1.158750 0.013896 
12.298210 400 0.961250 0.060543 1.158750 0.013896 
12.399015 400 0.961250 0.060543 1.158750 0.013896 
12.499804 400 0.961250 0.060543 1.158750 0.013896 
12.600593 400 0.961250 0.060543 1.158750 0.013896 
12.701358 400 0.961250 0.060543 1.158750 0.013896 
12.802167 400 0.961250 0.060543 1.158750 0.013896 
12.903026 400 0.961250 0.060543 1.158750 0.013896 
13.003824 400 0.961250 0.060543 1.158750 0.013896 
13.104619 400 0.961250 0.060543 1.158750 0.013896 
13.205421 400 0.961250 0.060543 1.158750 0.013896 
13.306220 400 0.961250 0.060543 1.158750 0.013896 
13.407028 400 0.961250 0.060543 1.158750 0.013896 
13.507884 400 0.961250 0.060543 1.158750 0.013896 
13.608691 400 0.961250 0.060543 1.158750 0.013896 
13.709491 400 0.961250 0.060543 1.158750 0.013896 
13.810289 400 0.961250 0.060543 1.158750 0.013896 
13.911089 400 0.961250 0.060543 1.158750 0.013896 
14.011891 400 0.961250 0.060543 1.158750 0.013896 
14.112760 400 0.961250 0.060543 1.158750 0.013896 
14.213557 400 0.961250 0.060543 1.158750 0.013896 
14.314348 400 0.961250 0.060543 1.158750 0.013896 
14.415159 400 0.961250 0.060543 1.158750 0.013896 
14.515962 400 0.961250 0.060543 1.158750 0.013896 
14.616763 400 0.961250 0.060543 1.158750 0.013896 
14.717536 400 0.961250 0.060543 1.158750 0.013896 
14.818346 400 0.961250 0.060543 1.158750 0.013896 
14.919142 400 0.961250 0.060543 1.158750 0.013896 
15.019941 400 0.961250 0.060543 1.158750 0.013896 
15.120746 400 0.961250 0.060543 1.158750 0.013896 
15.221544 400 0.961250 0.060543 1.158750 0.013896 
15.322341 400 0.961250 0.060543 1.158750 0.013896 
15.423193 400 0.961250 0.060543 1.158750 0.013896 
15.524002 400 0.961250 0.060543 1.158750 0.013896 
15.624799 400 0.961250 0.060543 1.158750 0.013896 
15.725603 400 0.961250 0.060543 1.158750 0.013896 
15.826400 400 0.961250 0.060543 1.158750 0.013896 
15.927202 400 0.961250 0.060543 1.158750 0.013896 
16.028076 400 0.961250 0.060543 1.158750 0.013896 
16.128864 400 0.961250 0.060543 1.158750 0.013896 
16.229657 400 0.961250 0.060543 1.158750 0.013896 
16.330446 400 0.961250 0.060543 1.158750 0.013896 
16.431384 400 0.961250 0.060543 1.158750 0.013896 
16.532175 400 0.961250 0.060543 1.158750 0.013896 
16.633062 400 0.961250 0.060543 1.158750 0.013896 
16.733853 400 0.961250 0.060543 1.158750 0.013896 
16.834642 400 0.961250 0.060543 1.158750 0.013896 
16.935429 400 0.961250 0.060543 1.158750 0.013896 
17.036218 400 0.961250 0.060543 1.158750 0.013896 
17.137004 400 0.961250 0.060543 1.158750 0.013896 
17.237880 400 0.961250 0.060543 1.158750 0.013896 
17.338666 400 0.961250 0.060543 1.158750 0.013896 
17.439474 400 0.961250 0.060543 1.158750 0.013896 
17.540288 400 0.961250 0.060543 1.158750 0.013896 
17.641068 400 0.961250 0.060543 1.158750 0.013896 
17.741887 400 0.961250 0.064387 1.158750 0.013896 
17.842744 400 0.961250 0.064387 1.158750 0.013896 
17.943539 400 0.961250 0.064387 1.158750 0.013896 
18.044334 400 0.961250 0.060543 1.158750 0.013896 
18.145126 400 0.961250 0.060543 1.158750 0.013896 
18.245915 400 0.961250 0.060543 1.158750 0.013896 
18.346763 400 0.961250 0.060543 1.158750 0.013896 
18.447535 400 0.961250 0.060543 1.158750 0.013896 
18.548369 400 0.961250 0.060543 1.158750 0.013896 
18.649188 400 0.961250 0.060543 1.158750 0.013896 
18.749994 400 0.961250 0.060543 1.158750 0.013896 
18.850818 400 0.961250 0.061504 1.158750 0.013896 
18.951643 400 0.961250 0.061504 1.158750 0.013896 
19.052437 400 0.961250 0.061504 1.158750 0.013896 
19.153274 400 0.961250 0.061504 1.158750 0.013896 
19.254068 400 0.961250 0.061504 1.158750 0.013896 
19.354865 400 0.961250 0.060543 1.158750 0.013896 
19.455675 400 0.961250 0.060543 1.158750 0.013896 
19.556515 400 0.961250 0.060543 1.158750 0.013896 
19.657315 400 0.961250 0.065348 1.158750 0.013896 
19.758173 400 0.961250 0.065348 1.158750 0.013896 
19.858972 400 0.961250 0.060543 1.158750 0.013896 
19.959770 400 0.961250 0.060543 1.158750 0.013896 
20.060570 400 0.961250 0.060543 1.158750 0.013896 
20.161368 400 0.961250 0.060543 1.158750 0.013896 
20.262168 400 0.961250 0.060543 1.158750 0.013896 
20.363018 400 0.961250 0.060543 1.158750 0.013896 
20.463814 400 0.961250 0.060543 1.158750 0.013896 
20.564630 400 0.961250 0.060543 1.158750 0.013896 
20.665424 400 0.961250 0.060543 1.158750 0.013896 
20.766221 400 0.961250 0.060543 1.158750 0.013896 
20.867018 400 0.961250 0.060543 1.158750 0.013896 
20.967889 400 0.961250 0.060543 1.158750 0.013896 
21.068691 400 0.961250 0.060543 1.158750 0.013896 
21.169486 400 0.961250 0.060543 1.158750 0.013896 
21.270285 400 0.961250 0.060543 1.158750 0.013896 
21.371103 400 0.961250 0.060543 1.158750 0.013896 
21.471893 400 0.961250 0.060543 1.158750 0.013896 
21.572878 400 0.961250 0.060543 1.158750 0.013896 
21.673675 400 0.961250 0.060543 1.158750 0.013896 
21.774476 400 0.961250 0.060543 1.158750 0.013896 
21.875276 400 0.961250 0.060543 1.158750 0.013896 
21.976076 400 0.961250 0.060543 1.158750 0.013896 
22.076883 400 0.961250 0.060543 1.158750 0.013896 
22.177752 400 0.961250 0.060543 1.158750 0.013896 
22.278548 400 0.961250 0.060543 1.158750 0.013896 
22.379348 400 0.961250 0.060543 1.158750 0.013896 
22.480138 400 0.961250 0.060543 1.158750 0.013896 
22.580869 400 0.961250 0.060543 1.158750 0.013896 
22.681612 400 0.961250 0.060543 1.158750 0.013896 
22.782579 400 0.961250 0.063426 1.158750 0.013896 
