0.000250 1000 1.200000 0.018000 0.952500 0.727328 
0.100843 1000 1.200000 0.018000 0.952500 0.727328 
0.201370 1000 1.200000 0.018000 0.953750 0.652805 
0.301901 1000 1.200000 0.018000 0.953750 0.652805 
0.402421 1000 1.200000 0.018000 0.953750 0.652805 
0.502935 1000 1.200000 0.018000 0.953750 0.617544 
0.603495 1000 1.200000 0.018000 0.953750 0.617544 
0.704063 1000 1.200000 0.018000 0.953750 0.628980 
0.804647 1000 1.200000 0.018000 0.953750 0.628980 
0.905218 1000 1.200000 0.018000 0.953750 0.628980 
1.005818 1000 1.200000 0.018000 0.953750 0.653758 
1.106330 1000 1.200000 0.018000 0.953750 0.653758 
1.206840 1000 1.200000 0.018000 0.952500 0.699720 
1.307353 1000 1.200000 0.018000 0.952500 0.699720 
1.407887 1000 1.200000 0.018000 0.952500 0.699720 
1.508354 1000 1.200000 0.018000 0.952500 0.720664 
1.608836 1000 1.200000 0.018000 0.952500 0.720664 
1.709318 1000 1.200000 0.018000 0.952500 0.720664 
1.809799 1000 1.200000 0.018000 0.952500 0.726376 
1.910302 1000 1.200000 0.018000 0.952500 0.726376 
2.010796 1000 1.200000 0.018000 0.952500 0.726376 
2.111279 1000 1.200000 0.018000 0.952500 0.726376 
2.211769 1000 1.200000 0.018000 0.952500 0.726376 
2.312270 1000 1.200000 0.018000 0.952500 0.723520 
2.412750 1000 1.200000 0.018000 0.952500 0.723520 
2.513242 1000 1.200000 0.018000 0.952500 0.723520 
2.613750 1000 1.200000 0.018000 0.952500 0.723520 
2.714225 1000 1.200000 0.018000 0.952500 0.723520 
2.814707 1000 1.200000 0.018000 0.952500 0.727328 
2.915275 1000 1.200000 0.018000 0.952500 0.727328 
3.015859 1000 1.200000 0.018000 0.952500 0.727328 
3.116372 1000 1.200000 0.018000 0.952500 0.694960 
3.216890 1000 1.200000 0.018000 0.952500 0.694960 
3.317399 1000 1.200000 0.018000 0.952500 0.722568 
3.417891 1000 1.200000 0.018000 0.952500 0.722568 
3.518354 1000 1.200000 0.018000 0.952500 0.722568 
3.618830 1000 1.200000 0.018000 0.952500 0.727328 
3.719313 1000 1.200000 0.018000 0.952500 0.727328 
3.819789 1000 1.200000 0.018000 0.952500 0.727328 
3.920266 1000 1.200000 0.018000 0.952500 0.725424 
4.020749 1000 1.200000 0.018000 0.952500 0.725424 
4.121223 1000 1.200000 0.018000 0.952500 0.724472 
4.221716 1000 1.200000 0.018000 0.952500 0.724472 
4.322237 1000 1.200000 0.018000 0.952500 0.724472 
4.422754 1000 1.200000 0.018000 0.952500 0.714000 
4.523246 1000 1.200000 0.018000 0.952500 0.714000 
4.623783 1000 1.200000 0.018000 0.952500 0.714000 
4.724284 1000 1.200000 0.018000 0.952500 0.726376 
4.824770 1000 1.200000 0.018000 0.952500 0.726376 
4.925255 1000 1.200000 0.018000 0.952500 0.725424 
5.025741 1000 1.200000 0.018000 0.952500 0.725424 
5.126233 1000 1.200000 0.018000 0.952500 0.725424 
5.226720 1000 1.200000 0.018000 0.952500 0.726376 
5.327231 1000 1.200000 0.018000 0.952500 0.726376 
5.427718 1000 1.200000 0.018000 0.952500 0.726376 
5.528198 1000 1.200000 0.018000 0.952500 0.726376 
5.628706 1000 1.200000 0.018000 0.952500 0.726376 
5.729197 1000 1.200000 0.018000 0.952500 0.726376 
5.829683 1000 1.200000 0.018000 0.952500 0.726376 
