0.000179 1500 1.200000 0.018000 1.130000 1.597820 
0.100607 1500 1.200000 0.018000 1.127500 1.407623 
0.201017 1500 1.200000 0.018000 1.127500 1.407623 
0.301424 1500 1.200000 0.018000 1.127500 1.407623 
0.401835 1500 1.200000 0.018000 1.127500 1.360289 
0.502274 1500 1.200000 0.018000 1.127500 1.360289 
0.602716 1500 1.200000 0.018000 1.127500 1.360289 
0.703107 1500 1.200000 0.019200 1.128750 1.479936 
0.803488 1500 1.200000 0.019200 1.128750 1.479936 
0.903863 1500 1.200000 0.019200 1.128750 1.479936 
1.004325 1500 1.200000 0.019200 1.128750 1.479936 
1.104783 1500 1.200000 0.019200 1.128750 1.479936 
1.205176 1500 1.200000 0.018000 1.130000 1.571830 
1.305548 1500 1.200000 0.018000 1.130000 1.571830 
1.405905 1500 1.200000 0.018000 1.130000 1.535670 
1.506273 1500 1.200000 0.018000 1.130000 1.535670 
1.606634 1500 1.200000 0.018000 1.130000 1.535670 
1.706985 1500 1.200000 0.019200 1.130000 1.598950 
1.807339 1500 1.200000 0.019200 1.130000 1.598950 
1.907698 1500 1.200000 0.019200 1.130000 1.598950 
2.008072 1500 1.200000 0.019200 1.130000 1.597820 
2.108440 1500 1.200000 0.019200 1.130000 1.597820 
2.208798 1500 1.200000 0.019200 1.130000 1.597820 
2.309165 1500 1.200000 0.019200 1.130000 1.597820 
2.409520 1500 1.200000 0.019200 1.130000 1.597820 
2.509914 1500 1.200000 0.019200 1.130000 1.595560 
2.610287 1500 1.200000 0.019200 1.130000 1.595560 
2.710644 1500 1.200000 0.019200 1.130000 1.595560 
2.810999 1500 1.200000 0.019200 1.130000 1.597820 
2.911360 1500 1.200000 0.019200 1.130000 1.597820 
3.011803 1500 1.200000 0.019200 1.130000 1.601210 
3.112253 1500 1.200000 0.019200 1.130000 1.601210 
3.212631 1500 1.200000 0.019200 1.130000 1.601210 
3.312990 1500 1.200000 0.018000 1.130000 1.520980 
3.413350 1500 1.200000 0.018000 1.130000 1.520980 
3.513713 1500 1.200000 0.019200 1.130000 1.600080 
3.614071 1500 1.200000 0.019200 1.130000 1.600080 
