0.000531 300 0.948750 0.052140 1.158750 0.013896 
0.101561 300 0.948750 0.057828 1.158750 0.013896 
0.202505 300 0.948750 0.057828 1.158750 0.013896 
0.303339 300 0.948750 0.054984 1.158750 0.013896 
0.404170 300 0.948750 0.054984 1.158750 0.013896 
0.505011 300 0.948750 0.054984 1.158750 0.013896 
0.606006 300 0.948750 0.056880 1.158750 0.013896 
0.707037 300 0.948750 0.056880 1.158750 0.013896 
0.807944 300 0.948750 0.056880 1.158750 0.013896 
0.908789 300 0.948750 0.056880 1.158750 0.013896 
1.009631 300 0.948750 0.056880 1.158750 0.013896 
1.110479 300 0.948750 0.057828 1.158750 0.013896 
1.211301 300 0.948750 0.057828 1.158750 0.013896 
1.312196 300 0.948750 0.057828 1.158750 0.013896 
1.413035 300 0.948750 0.056880 1.158750 0.013896 
1.513872 300 0.948750 0.056880 1.158750 0.013896 
1.614712 300 0.948750 0.056880 1.158750 0.013896 
1.715568 300 0.948750 0.056880 1.158750 0.013896 
1.816415 300 0.948750 0.056880 1.158750 0.013896 
1.917512 300 0.948750 0.056880 1.158750 0.013896 
2.018497 300 0.948750 0.056880 1.158750 0.013896 
2.119478 300 0.948750 0.056880 1.158750 0.013896 
2.220439 300 0.948750 0.054036 1.158750 0.013896 
2.321394 300 0.948750 0.054036 1.158750 0.013896 
2.422421 300 0.950000 0.047500 1.158750 0.013896 
2.523353 300 0.950000 0.047500 1.158750 0.013896 
2.624357 300 0.950000 0.047500 1.158750 0.013896 
2.725319 300 0.948750 0.048348 1.158750 0.013896 
2.826283 300 0.948750 0.048348 1.158750 0.013896 
2.927297 300 0.948750 0.048348 1.158750 0.013896 
3.028271 300 0.948750 0.048348 1.158750 0.013896 
3.129230 300 0.948750 0.048348 1.158750 0.013896 
3.230212 300 0.950000 0.048450 1.158750 0.013896 
3.331194 300 0.950000 0.048450 1.158750 0.013896 
3.432230 300 0.950000 0.048450 1.158750 0.013896 
3.533203 300 0.950000 0.048450 1.158750 0.013896 
3.634150 300 0.950000 0.048450 1.158750 0.013896 
3.735099 300 0.948750 0.046452 1.158750 0.013896 
3.836058 300 0.948750 0.046452 1.158750 0.013896 
3.937097 300 0.948750 0.046452 1.158750 0.013896 
4.038045 300 0.950000 0.045600 1.158750 0.013896 
4.138990 300 0.950000 0.045600 1.158750 0.013896 
4.239923 300 0.948750 0.045504 1.158750 0.013896 
4.340876 300 0.948750 0.045504 1.158750 0.013896 
4.441928 300 0.948750 0.045504 1.158750 0.013896 
4.542886 300 0.950000 0.045600 1.158750 0.013896 
4.643847 300 0.950000 0.045600 1.158750 0.013896 
4.744799 300 0.950000 0.045600 1.158750 0.013896 
4.845752 300 0.950000 0.045600 1.158750 0.013896 
4.946716 300 0.950000 0.045600 1.158750 0.013896 
5.047669 300 0.948750 0.046452 1.158750 0.013896 
5.148616 300 0.948750 0.046452 1.158750 0.013896 
5.249563 300 0.948750 0.046452 1.158750 0.013896 
5.350521 300 0.948750 0.045504 1.158750 0.013896 
5.451474 300 0.948750 0.045504 1.158750 0.013896 
5.552487 300 0.948750 0.045504 1.158750 0.013896 
5.653509 300 0.948750 0.045504 1.158750 0.013896 
5.754473 300 0.948750 0.045504 1.158750 0.013896 
5.855428 300 0.948750 0.045504 1.158750 0.013896 
5.956388 300 0.948750 0.045504 1.158750 0.013896 
6.057416 300 0.948750 0.045504 1.158750 0.013896 
6.158376 300 0.950000 0.045600 1.158750 0.013896 
6.259327 300 0.950000 0.045600 1.158750 0.013896 
6.360282 300 0.950000 0.045600 1.158750 0.013896 
6.461230 300 0.950000 0.045600 1.158750 0.013896 
6.562258 300 0.950000 0.045600 1.158750 0.013896 
6.663209 300 0.948750 0.045504 1.158750 0.013896 
6.764171 300 0.948750 0.045504 1.158750 0.013896 
6.865121 300 0.948750 0.045504 1.158750 0.013896 
6.966080 300 0.948750 0.045504 1.158750 0.013896 
7.067145 300 0.948750 0.045504 1.158750 0.013896 
7.168106 300 0.950000 0.045600 1.158750 0.013896 
7.269079 300 0.950000 0.045600 1.158750 0.013896 
7.370033 300 0.950000 0.045600 1.158750 0.013896 
7.470990 300 0.950000 0.045600 1.158750 0.013896 
7.572240 300 0.950000 0.045600 1.158750 0.013896 
7.673182 300 0.950000 0.046550 1.158750 0.013896 
7.774116 300 0.950000 0.046550 1.158750 0.013896 
7.875052 300 0.950000 0.046550 1.158750 0.013896 
7.975983 300 0.948750 0.045504 1.158750 0.013896 
8.076981 300 0.948750 0.045504 1.158750 0.013896 
8.177929 300 0.948750 0.045504 1.158750 0.013896 
8.279047 300 0.948750 0.045504 1.158750 0.013896 
8.379994 300 0.948750 0.045504 1.158750 0.013896 
8.480934 300 0.950000 0.045600 1.158750 0.013896 
8.581993 300 0.950000 0.045600 1.158750 0.013896 
8.682937 300 0.950000 0.045600 1.158750 0.013896 
8.783882 300 0.948750 0.045504 1.158750 0.013896 
8.884829 300 0.948750 0.045504 1.158750 0.013896 
8.985786 300 0.948750 0.046452 1.158750 0.013896 
9.086701 300 0.948750 0.046452 1.158750 0.013896 
9.187689 300 0.948750 0.046452 1.158750 0.013896 
9.288645 300 0.948750 0.046452 1.158750 0.013896 
9.389585 300 0.948750 0.046452 1.158750 0.013896 
9.490549 300 0.948750 0.046452 1.158750 0.013896 
9.591505 300 0.948750 0.049296 1.158750 0.013896 
9.692516 300 0.948750 0.049296 1.158750 0.013896 
9.793462 300 0.948750 0.047400 1.158750 0.013896 
9.894408 300 0.948750 0.047400 1.158750 0.013896 
9.995357 300 0.948750 0.047400 1.158750 0.013896 
10.096298 300 0.948750 0.045504 1.158750 0.013896 
10.197329 300 0.948750 0.045504 1.158750 0.013896 
10.298280 300 0.948750 0.045504 1.158750 0.013896 
10.399236 300 0.950000 0.045600 1.158750 0.013896 
10.500184 300 0.950000 0.045600 1.158750 0.013896 
10.601137 300 0.950000 0.045600 1.158750 0.013896 
10.702179 300 0.950000 0.045600 1.158750 0.013896 
10.803130 300 0.950000 0.045600 1.158750 0.013896 
10.904083 300 0.948750 0.045504 1.158750 0.013896 
11.005043 300 0.948750 0.045504 1.158750 0.013896 
11.105995 300 0.950000 0.046550 1.158750 0.013896 
11.207024 300 0.950000 0.046550 1.158750 0.013896 
11.307976 300 0.950000 0.046550 1.158750 0.013896 
11.408952 300 0.950000 0.047500 1.158750 0.013896 
11.509925 300 0.950000 0.047500 1.158750 0.013896 
11.610887 300 0.950000 0.047500 1.158750 0.013896 
11.711901 300 0.948750 0.048348 1.158750 0.013896 
11.812859 300 0.948750 0.048348 1.158750 0.013896 
11.913816 300 0.950000 0.046550 1.158750 0.013896 
12.014774 300 0.950000 0.046550 1.158750 0.013896 
12.115730 300 0.950000 0.046550 1.158750 0.013896 
12.216720 300 0.948750 0.045504 1.158750 0.013896 
12.317680 300 0.948750 0.045504 1.158750 0.013896 
12.418645 300 0.948750 0.045504 1.158750 0.013896 
12.519601 300 0.948750 0.045504 1.158750 0.013896 
12.620555 300 0.948750 0.045504 1.158750 0.013896 
12.721517 300 0.950000 0.046550 1.158750 0.013896 
12.822546 300 0.950000 0.046550 1.158750 0.013896 
12.923504 300 0.950000 0.046550 1.158750 0.013896 
13.024419 300 0.948750 0.045504 1.158750 0.013896 
13.125381 300 0.948750 0.045504 1.158750 0.013896 
13.226338 300 0.948750 0.046452 1.158750 0.013896 
13.327371 300 0.948750 0.046452 1.158750 0.013896 
13.428329 300 0.948750 0.046452 1.158750 0.013896 
13.529282 300 0.950000 0.045600 1.158750 0.013896 
13.630243 300 0.950000 0.045600 1.158750 0.013896 
13.731204 300 0.950000 0.045600 1.158750 0.013896 
13.832251 300 0.950000 0.045600 1.158750 0.013896 
13.933204 300 0.950000 0.045600 1.158750 0.013896 
14.034166 300 0.948750 0.045504 1.158750 0.013896 
14.135119 300 0.948750 0.045504 1.158750 0.013896 
14.236099 300 0.948750 0.045504 1.158750 0.013896 
14.337140 300 0.950000 0.045600 1.158750 0.013896 
14.438104 300 0.950000 0.045600 1.158750 0.013896 
14.539060 300 0.948750 0.045504 1.158750 0.013896 
14.640028 300 0.948750 0.045504 1.158750 0.013896 
14.740984 300 0.948750 0.045504 1.158750 0.013896 
14.842009 300 0.948750 0.046452 1.158750 0.013896 
14.942968 300 0.948750 0.046452 1.158750 0.013896 
15.043930 300 0.948750 0.046452 1.158750 0.013896 
15.144886 300 0.950000 0.045600 1.158750 0.013896 
15.245848 300 0.950000 0.045600 1.158750 0.013896 
15.346893 300 0.948750 0.045504 1.158750 0.013896 
15.447858 300 0.948750 0.045504 1.158750 0.013896 
15.548824 300 0.948750 0.045504 1.158750 0.013896 
15.649788 300 0.950000 0.045600 1.158750 0.013896 
15.750756 300 0.950000 0.045600 1.158750 0.013896 
15.851710 300 0.950000 0.045600 1.158750 0.013896 
15.952684 300 0.950000 0.045600 1.158750 0.013896 
16.053647 300 0.950000 0.045600 1.158750 0.013896 
16.154609 300 0.950000 0.045600 1.158750 0.013896 
16.255564 300 0.950000 0.045600 1.158750 0.013896 
16.356524 300 0.950000 0.045600 1.158750 0.013896 
16.457710 300 0.948750 0.045504 1.158750 0.013896 
16.558678 300 0.948750 0.045504 1.158750 0.013896 
16.659641 300 0.948750 0.045504 1.158750 0.013896 
16.760602 300 0.948750 0.045504 1.158750 0.013896 
16.861566 300 0.948750 0.045504 1.158750 0.013896 
16.962755 300 0.950000 0.045600 1.158750 0.013896 
17.063722 300 0.950000 0.045600 1.158750 0.013896 
17.164675 300 0.950000 0.045600 1.158750 0.013896 
17.265635 300 0.950000 0.045600 1.158750 0.013896 
17.366602 300 0.950000 0.045600 1.158750 0.013896 
17.467606 300 0.948750 0.045504 1.158750 0.013896 
17.568564 300 0.948750 0.045504 1.158750 0.013896 
17.669561 300 0.948750 0.045504 1.158750 0.013896 
17.770530 300 0.950000 0.048450 1.158750 0.013896 
17.871496 300 0.950000 0.048450 1.158750 0.013896 
17.972527 300 0.948750 0.047400 1.158750 0.013896 
18.073456 300 0.948750 0.047400 1.158750 0.013896 
18.174397 300 0.948750 0.047400 1.158750 0.013896 
18.275378 300 0.950000 0.045600 1.158750 0.013896 
18.376325 300 0.950000 0.045600 1.158750 0.013896 
18.477354 300 0.950000 0.045600 1.158750 0.013896 
18.578301 300 0.948750 0.045504 1.158750 0.013896 
18.679249 300 0.948750 0.045504 1.158750 0.013896 
18.780206 300 0.948750 0.045504 1.158750 0.013896 
18.881157 300 0.948750 0.045504 1.158750 0.013896 
18.982167 300 0.948750 0.045504 1.158750 0.013896 
19.083154 300 0.950000 0.045600 1.158750 0.013896 
19.184104 300 0.950000 0.045600 1.158750 0.013896 
19.285058 300 0.948750 0.045504 1.158750 0.013896 
19.386022 300 0.948750 0.045504 1.158750 0.013896 
19.487060 300 0.948750 0.045504 1.158750 0.013896 
19.588005 300 0.948750 0.047400 1.158750 0.013896 
19.688967 300 0.948750 0.047400 1.158750 0.013896 
19.789922 300 0.948750 0.047400 1.158750 0.013896 
19.890878 300 0.948750 0.048348 1.158750 0.013896 
19.991909 300 0.948750 0.048348 1.158750 0.013896 
20.092859 300 0.948750 0.045504 1.158750 0.013896 
20.193807 300 0.948750 0.045504 1.158750 0.013896 
20.294759 300 0.948750 0.045504 1.158750 0.013896 
20.395711 300 0.948750 0.045504 1.158750 0.013896 
20.496696 300 0.948750 0.045504 1.158750 0.013896 
20.597638 300 0.948750 0.045504 1.158750 0.013896 
20.698591 300 0.948750 0.045504 1.158750 0.013896 
20.799544 300 0.948750 0.045504 1.158750 0.013896 
20.900503 300 0.948750 0.045504 1.158750 0.013896 
21.001459 300 0.948750 0.045504 1.158750 0.013896 
21.102676 300 0.948750 0.045504 1.158750 0.013896 
21.203630 300 0.950000 0.046550 1.158750 0.013896 
21.304590 300 0.950000 0.046550 1.158750 0.013896 
21.405551 300 0.950000 0.045600 1.158750 0.013896 
21.506506 300 0.950000 0.045600 1.158750 0.013896 
21.607704 300 0.950000 0.045600 1.158750 0.013896 
21.708653 300 0.950000 0.045600 1.158750 0.013896 
21.809615 300 0.950000 0.045600 1.158750 0.013896 
21.910571 300 0.950000 0.045600 1.158750 0.013896 
22.011533 300 0.950000 0.045600 1.158750 0.013896 
22.112550 300 0.950000 0.045600 1.158750 0.013896 
22.213510 300 0.948750 0.045504 1.158750 0.013896 
22.314464 300 0.948750 0.045504 1.158750 0.013896 
22.415422 300 0.948750 0.045504 1.158750 0.013896 
22.516384 300 0.948750 0.046452 1.158750 0.013896 
22.617414 300 0.948750 0.046452 1.158750 0.013896 
22.718368 300 0.950000 0.046550 1.158750 0.013896 
22.819339 300 0.950000 0.046550 1.158750 0.013896 
22.920299 300 0.950000 0.046550 1.158750 0.013896 
23.021282 300 0.950000 0.045600 1.158750 0.013896 
23.122345 300 0.950000 0.045600 1.158750 0.013896 
23.223308 300 0.950000 0.045600 1.158750 0.013896 
23.324277 300 0.950000 0.047500 1.158750 0.013896 
23.425247 300 0.950000 0.047500 1.158750 0.013896 
23.526218 300 0.950000 0.047500 1.158750 0.013896 
23.627245 300 0.950000 0.047500 1.158750 0.013896 
23.728204 300 0.950000 0.047500 1.158750 0.013896 
23.829152 300 0.950000 0.047500 1.158750 0.013896 
23.930116 300 0.950000 0.047500 1.158750 0.013896 
24.031071 300 0.948750 0.045504 1.158750 0.013896 
24.132102 300 0.948750 0.045504 1.158750 0.013896 
24.233064 300 0.948750 0.045504 1.158750 0.013896 
24.334036 300 0.950000 0.046550 1.158750 0.013896 
24.434995 300 0.950000 0.046550 1.158750 0.013896 
24.536135 300 0.950000 0.046550 1.158750 0.013896 
24.637175 300 0.950000 0.046550 1.158750 0.013896 
24.738139 300 0.950000 0.046550 1.158750 0.013896 
24.839101 300 0.950000 0.045600 1.158750 0.013896 
24.940069 300 0.950000 0.045600 1.158750 0.013896 
25.041035 300 0.950000 0.045600 1.158750 0.013896 
25.142074 300 0.948750 0.045504 1.158750 0.013896 
25.243023 300 0.948750 0.045504 1.158750 0.013896 
25.343976 300 0.948750 0.046452 1.158750 0.013896 
25.444933 300 0.948750 0.046452 1.158750 0.013896 
25.545888 300 0.948750 0.046452 1.158750 0.013896 
25.646933 300 0.950000 0.046550 1.158750 0.013896 
25.747922 300 0.950000 0.046550 1.158750 0.013896 
25.848892 300 0.950000 0.046550 1.158750 0.013896 
25.949859 300 0.948750 0.050244 1.158750 0.013896 
26.050829 300 0.948750 0.050244 1.158750 0.013896 
26.151881 300 0.950000 0.046550 1.158750 0.013896 
26.252852 300 0.950000 0.046550 1.158750 0.013896 
26.353818 300 0.950000 0.046550 1.158750 0.013896 
26.454778 300 0.948750 0.045504 1.158750 0.013896 
26.555729 300 0.948750 0.045504 1.158750 0.013896 
26.656890 300 0.948750 0.045504 1.158750 0.013896 
26.757852 300 0.948750 0.045504 1.158750 0.013896 
26.858814 300 0.948750 0.045504 1.158750 0.013896 
26.959770 300 0.950000 0.046550 1.158750 0.013896 
27.060728 300 0.950000 0.046550 1.158750 0.013896 
27.161686 300 0.950000 0.046550 1.158750 0.013896 
27.262654 300 0.950000 0.046550 1.158750 0.013896 
27.363617 300 0.950000 0.046550 1.158750 0.013896 
27.464576 300 0.950000 0.045600 1.158750 0.013896 
27.565557 300 0.950000 0.045600 1.158750 0.013896 
27.666542 300 0.950000 0.045600 1.158750 0.013896 
27.767595 300 0.950000 0.048450 1.158750 0.013896 
27.868561 300 0.950000 0.048450 1.158750 0.013896 
27.969536 300 0.950000 0.048450 1.158750 0.013896 
28.070487 300 0.950000 0.046550 1.158750 0.013896 
28.171447 300 0.950000 0.046550 1.158750 0.013896 
28.272470 300 0.950000 0.046550 1.158750 0.013896 
28.373446 300 0.950000 0.046550 1.158750 0.013896 
28.474406 300 0.950000 0.046550 1.158750 0.013896 
28.575379 300 0.950000 0.046550 1.158750 0.013896 
28.676341 300 0.950000 0.046550 1.158750 0.013896 
28.777413 300 0.948750 0.046452 1.158750 0.013896 
28.878360 300 0.948750 0.046452 1.158750 0.013896 
28.979310 300 0.948750 0.046452 1.158750 0.013896 
29.080240 300 0.950000 0.045600 1.158750 0.013896 
29.181182 300 0.950000 0.045600 1.158750 0.013896 
29.282185 300 0.950000 0.045600 1.158750 0.013896 
29.383132 300 0.948750 0.046452 1.158750 0.013896 
29.484077 300 0.948750 0.046452 1.158750 0.013896 
29.585022 300 0.948750 0.046452 1.158750 0.013896 
29.685989 300 0.948750 0.046452 1.158750 0.013896 
29.787002 300 0.948750 0.046452 1.158750 0.013896 
29.887957 300 0.948750 0.046452 1.158750 0.013896 
29.988913 300 0.948750 0.046452 1.158750 0.013896 
30.089858 300 0.948750 0.046452 1.158750 0.013896 
30.190808 300 0.948750 0.045504 1.158750 0.013896 
30.291834 300 0.948750 0.045504 1.158750 0.013896 
30.392735 300 0.948750 0.045504 1.158750 0.013896 
30.493636 300 0.948750 0.045504 1.158750 0.013896 
