0.000186 1400 1.200000 0.018000 1.091250 1.369205 
0.100636 1400 1.200000 0.019200 1.090000 1.230610 
0.201061 1400 1.200000 0.019200 1.090000 1.230610 
0.301486 1400 1.200000 0.019200 1.090000 1.230610 
0.401907 1400 1.200000 0.018000 1.088750 1.152192 
0.502331 1400 1.200000 0.018000 1.088750 1.152192 
0.602840 1400 1.200000 0.018000 1.088750 1.200064 
0.703258 1400 1.200000 0.018000 1.088750 1.200064 
0.803644 1400 1.200000 0.018000 1.088750 1.200064 
0.904029 1400 1.200000 0.018000 1.091250 1.368114 
1.004499 1400 1.200000 0.018000 1.091250 1.368114 
1.104968 1400 1.200000 0.018000 1.090000 1.260040 
1.205393 1400 1.200000 0.018000 1.090000 1.260040 
1.305787 1400 1.200000 0.018000 1.090000 1.260040 
1.406163 1400 1.200000 0.018000 1.090000 1.364680 
1.506539 1400 1.200000 0.018000 1.090000 1.364680 
1.606910 1400 1.200000 0.018000 1.090000 1.364680 
1.707307 1400 1.200000 0.018000 1.090000 1.364680 
1.807726 1400 1.200000 0.018000 1.090000 1.364680 
1.908135 1400 1.200000 0.019200 1.090000 1.371220 
2.008512 1400 1.200000 0.019200 1.090000 1.371220 
2.109189 1400 1.200000 0.019200 1.090000 1.371220 
2.209584 1400 1.200000 0.018000 1.090000 1.313450 
2.309968 1400 1.200000 0.018000 1.090000 1.313450 
2.410360 1400 1.200000 0.018000 1.090000 1.313450 
2.510737 1400 1.200000 0.018000 1.091250 1.365932 
2.611130 1400 1.200000 0.018000 1.091250 1.365932 
2.711522 1400 1.200000 0.018000 1.091250 1.371387 
2.811897 1400 1.200000 0.018000 1.091250 1.371387 
2.912292 1400 1.200000 0.018000 1.091250 1.371387 
3.012917 1400 1.200000 0.018000 1.091250 1.370296 
3.113376 1400 1.200000 0.018000 1.091250 1.370296 
3.213762 1400 1.200000 0.018000 1.090000 1.312360 
3.314142 1400 1.200000 0.018000 1.090000 1.312360 
3.414512 1400 1.200000 0.018000 1.090000 1.312360 
3.514881 1400 1.200000 0.018000 1.091250 1.371387 
3.615261 1400 1.200000 0.018000 1.091250 1.371387 
3.715658 1400 1.200000 0.018000 1.091250 1.371387 
3.816048 1400 1.200000 0.018000 1.091250 1.371387 
3.916433 1400 1.200000 0.018000 1.091250 1.371387 
4.016805 1400 1.200000 0.018000 1.091250 1.367023 
4.117182 1400 1.200000 0.018000 1.091250 1.367023 
4.217569 1400 1.200000 0.018000 1.091250 1.367023 
4.317966 1400 1.200000 0.018000 1.091250 1.371387 
