0.000376 450 1.011250 0.095034 1.158750 0.013896 
0.101076 450 1.011250 0.095034 1.158750 0.013896 
0.201737 450 1.011250 0.095034 1.158750 0.013896 
0.302381 450 1.011250 0.092001 1.158750 0.013896 
0.403042 450 1.011250 0.092001 1.158750 0.013896 
0.503682 450 1.011250 0.095034 1.158750 0.013896 
0.604309 450 1.011250 0.095034 1.158750 0.013896 
0.704969 450 1.011250 0.095034 1.158750 0.013896 
0.805690 450 1.011250 0.094023 1.158750 0.013896 
0.906376 450 1.011250 0.094023 1.158750 0.013896 
1.007004 450 1.011250 0.094023 1.158750 0.013896 
1.107667 450 1.011250 0.095034 1.158750 0.013896 
1.208292 450 1.011250 0.095034 1.158750 0.013896 
1.308936 450 1.011250 0.094023 1.158750 0.013896 
1.409676 450 1.011250 0.094023 1.158750 0.013896 
1.510395 450 1.011250 0.094023 1.158750 0.013896 
1.611113 450 1.011250 0.078858 1.158750 0.013896 
1.711833 450 1.011250 0.078858 1.158750 0.013896 
1.812617 450 1.011250 0.078858 1.158750 0.013896 
1.913331 450 1.011250 0.078858 1.158750 0.013896 
2.014038 450 1.011250 0.078858 1.158750 0.013896 
2.114767 450 1.011250 0.074814 1.158750 0.013896 
2.215481 450 1.011250 0.074814 1.158750 0.013896 
2.316375 450 1.011250 0.074814 1.158750 0.013896 
2.417091 450 1.011250 0.074814 1.158750 0.013896 
2.517868 450 1.011250 0.074814 1.158750 0.013896 
2.620086 450 1.011250 0.074814 1.158750 0.013896 
2.720810 450 1.011250 0.074814 1.158750 0.013896 
2.821550 450 1.011250 0.074814 1.158750 0.013896 
2.922270 450 1.011250 0.076836 1.158750 0.013896 
3.023049 450 1.011250 0.076836 1.158750 0.013896 
3.123757 450 1.011250 0.076836 1.158750 0.013896 
3.224469 450 1.011250 0.080880 1.158750 0.013896 
3.325182 450 1.011250 0.080880 1.158750 0.013896 
3.425891 450 1.011250 0.074814 1.158750 0.013896 
3.526601 450 1.011250 0.074814 1.158750 0.013896 
3.627313 450 1.011250 0.074814 1.158750 0.013896 
3.728085 450 1.011250 0.075825 1.158750 0.013896 
3.828779 450 1.011250 0.075825 1.158750 0.013896 
3.929490 450 1.011250 0.075825 1.158750 0.013896 
4.030201 450 1.011250 0.074814 1.158750 0.013896 
4.130918 450 1.011250 0.074814 1.158750 0.013896 
4.231622 450 1.011250 0.074814 1.158750 0.013896 
4.332339 450 1.011250 0.074814 1.158750 0.013896 
4.433101 450 1.011250 0.074814 1.158750 0.013896 
4.533813 450 1.011250 0.074814 1.158750 0.013896 
4.634532 450 1.011250 0.074814 1.158750 0.013896 
4.735250 450 1.011250 0.074814 1.158750 0.013896 
4.835954 450 1.011250 0.074814 1.158750 0.013896 
4.936669 450 1.011250 0.074814 1.158750 0.013896 
5.037386 450 1.011250 0.074814 1.158750 0.013896 
5.138189 450 1.011250 0.074814 1.158750 0.013896 
5.238897 450 1.011250 0.074814 1.158750 0.013896 
5.339610 450 1.011250 0.074814 1.158750 0.013896 
5.440330 450 1.011250 0.074814 1.158750 0.013896 
5.541051 450 1.011250 0.074814 1.158750 0.013896 
5.642381 450 1.011250 0.074814 1.158750 0.013896 
5.743066 450 1.011250 0.074814 1.158750 0.013896 
5.843775 450 1.011250 0.075825 1.158750 0.013896 
5.944488 450 1.011250 0.075825 1.158750 0.013896 
6.045199 450 1.011250 0.074814 1.158750 0.013896 
6.145915 450 1.011250 0.074814 1.158750 0.013896 
6.246636 450 1.011250 0.074814 1.158750 0.013896 
6.347350 450 1.011250 0.074814 1.158750 0.013896 
6.448269 450 1.011250 0.074814 1.158750 0.013896 
6.548985 450 1.011250 0.074814 1.158750 0.013896 
6.649706 450 1.011250 0.075825 1.158750 0.013896 
6.750424 450 1.011250 0.075825 1.158750 0.013896 
6.851140 450 1.011250 0.074814 1.158750 0.013896 
6.951863 450 1.011250 0.074814 1.158750 0.013896 
7.052652 450 1.011250 0.074814 1.158750 0.013896 
7.153363 450 1.011250 0.075825 1.158750 0.013896 
7.254085 450 1.011250 0.075825 1.158750 0.013896 
7.354820 450 1.011250 0.075825 1.158750 0.013896 
7.455522 450 1.011250 0.074814 1.158750 0.013896 
7.556241 450 1.011250 0.074814 1.158750 0.013896 
7.656963 450 1.011250 0.074814 1.158750 0.013896 
7.757752 450 1.011250 0.074814 1.158750 0.013896 
7.858467 450 1.011250 0.074814 1.158750 0.013896 
7.959186 450 1.011250 0.074814 1.158750 0.013896 
8.059899 450 1.011250 0.074814 1.158750 0.013896 
8.160619 450 1.011250 0.075825 1.158750 0.013896 
8.261466 450 1.011250 0.075825 1.158750 0.013896 
8.362178 450 1.011250 0.075825 1.158750 0.013896 
8.462954 450 1.011250 0.075825 1.158750 0.013896 
8.563657 450 1.011250 0.075825 1.158750 0.013896 
8.664381 450 1.011250 0.075825 1.158750 0.013896 
8.765111 450 1.011250 0.074814 1.158750 0.013896 
8.865840 450 1.011250 0.074814 1.158750 0.013896 
8.966566 450 1.011250 0.074814 1.158750 0.013896 
9.067292 450 1.011250 0.074814 1.158750 0.013896 
9.168076 450 1.011250 0.074814 1.158750 0.013896 
9.268799 450 1.011250 0.075825 1.158750 0.013896 
9.369505 450 1.011250 0.075825 1.158750 0.013896 
9.470229 450 1.011250 0.075825 1.158750 0.013896 
9.570954 450 1.011250 0.078858 1.158750 0.013896 
9.671693 450 1.011250 0.078858 1.158750 0.013896 
9.772420 450 1.011250 0.074814 1.158750 0.013896 
9.873173 450 1.011250 0.074814 1.158750 0.013896 
9.973888 450 1.011250 0.074814 1.158750 0.013896 
10.074609 450 1.011250 0.074814 1.158750 0.013896 
10.175339 450 1.011250 0.074814 1.158750 0.013896 
10.276066 450 1.011250 0.074814 1.158750 0.013896 
10.376801 450 1.011250 0.074814 1.158750 0.013896 
10.477490 450 1.011250 0.074814 1.158750 0.013896 
10.578220 450 1.011250 0.074814 1.158750 0.013896 
10.678957 450 1.011250 0.074814 1.158750 0.013896 
10.779681 450 1.011250 0.074814 1.158750 0.013896 
10.880395 450 1.011250 0.074814 1.158750 0.013896 
10.981133 450 1.011250 0.074814 1.158750 0.013896 
11.081863 450 1.011250 0.075825 1.158750 0.013896 
11.182680 450 1.011250 0.075825 1.158750 0.013896 
11.283396 450 1.011250 0.075825 1.158750 0.013896 
11.384132 450 1.011250 0.074814 1.158750 0.013896 
11.484865 450 1.011250 0.074814 1.158750 0.013896 
11.585590 450 1.011250 0.079869 1.158750 0.013896 
11.686326 450 1.011250 0.079869 1.158750 0.013896 
11.787057 450 1.011250 0.079869 1.158750 0.013896 
11.887838 450 1.011250 0.074814 1.158750 0.013896 
11.988573 450 1.011250 0.074814 1.158750 0.013896 
12.089301 450 1.011250 0.074814 1.158750 0.013896 
12.190026 450 1.011250 0.074814 1.158750 0.013896 
12.290755 450 1.011250 0.074814 1.158750 0.013896 
12.391478 450 1.011250 0.074814 1.158750 0.013896 
12.492206 450 1.011250 0.074814 1.158750 0.013896 
12.593003 450 1.011250 0.074814 1.158750 0.013896 
12.693734 450 1.011250 0.074814 1.158750 0.013896 
12.794468 450 1.011250 0.074814 1.158750 0.013896 
12.895201 450 1.011250 0.074814 1.158750 0.013896 
12.995928 450 1.011250 0.074814 1.158750 0.013896 
13.096662 450 1.011250 0.074814 1.158750 0.013896 
13.197392 450 1.011250 0.074814 1.158750 0.013896 
13.298167 450 1.011250 0.074814 1.158750 0.013896 
13.398898 450 1.011250 0.074814 1.158750 0.013896 
13.499629 450 1.011250 0.075825 1.158750 0.013896 
13.600364 450 1.011250 0.075825 1.158750 0.013896 
13.701089 450 1.011250 0.075825 1.158750 0.013896 
13.801829 450 1.011250 0.075825 1.158750 0.013896 
13.902642 450 1.011250 0.075825 1.158750 0.013896 
14.003370 450 1.011250 0.074814 1.158750 0.013896 
14.104100 450 1.011250 0.074814 1.158750 0.013896 
14.204846 450 1.011250 0.074814 1.158750 0.013896 
14.305575 450 1.011250 0.075825 1.158750 0.013896 
14.406312 450 1.011250 0.075825 1.158750 0.013896 
14.507042 450 1.011250 0.074814 1.158750 0.013896 
14.607983 450 1.011250 0.074814 1.158750 0.013896 
14.708720 450 1.011250 0.074814 1.158750 0.013896 
14.809455 450 1.011250 0.074814 1.158750 0.013896 
14.910189 450 1.011250 0.074814 1.158750 0.013896 
15.010927 450 1.011250 0.074814 1.158750 0.013896 
15.111665 450 1.011250 0.075825 1.158750 0.013896 
15.212482 450 1.011250 0.075825 1.158750 0.013896 
15.313214 450 1.011250 0.074814 1.158750 0.013896 
15.413949 450 1.011250 0.074814 1.158750 0.013896 
15.514686 450 1.011250 0.074814 1.158750 0.013896 
15.615423 450 1.011250 0.074814 1.158750 0.013896 
15.716159 450 1.011250 0.074814 1.158750 0.013896 
15.816899 450 1.011250 0.074814 1.158750 0.013896 
15.917703 450 1.011250 0.074814 1.158750 0.013896 
16.018436 450 1.011250 0.074814 1.158750 0.013896 
16.119194 450 1.011250 0.074814 1.158750 0.013896 
16.219929 450 1.011250 0.074814 1.158750 0.013896 
16.320667 450 1.011250 0.074814 1.158750 0.013896 
16.421560 450 1.011250 0.075825 1.158750 0.013896 
16.522300 450 1.011250 0.075825 1.158750 0.013896 
16.623101 450 1.011250 0.075825 1.158750 0.013896 
16.723835 450 1.011250 0.075825 1.158750 0.013896 
16.824561 450 1.011250 0.075825 1.158750 0.013896 
16.925285 450 1.011250 0.074814 1.158750 0.013896 
17.026012 450 1.011250 0.074814 1.158750 0.013896 
17.126734 450 1.011250 0.074814 1.158750 0.013896 
17.227489 450 1.011250 0.074814 1.158750 0.013896 
17.328258 450 1.011250 0.074814 1.158750 0.013896 
17.429002 450 1.011250 0.077847 1.158750 0.013896 
17.529706 450 1.011250 0.077847 1.158750 0.013896 
17.630441 450 1.011250 0.077847 1.158750 0.013896 
17.731173 450 1.011250 0.077847 1.158750 0.013896 
17.831890 450 1.011250 0.077847 1.158750 0.013896 
17.932678 450 1.011250 0.077847 1.158750 0.013896 
18.033403 450 1.011250 0.077847 1.158750 0.013896 
18.134136 450 1.011250 0.077847 1.158750 0.013896 
18.234860 450 1.011250 0.075825 1.158750 0.013896 
18.335588 450 1.011250 0.075825 1.158750 0.013896 
18.436319 450 1.011250 0.075825 1.158750 0.013896 
18.537049 450 1.011250 0.075825 1.158750 0.013896 
18.637839 450 1.011250 0.075825 1.158750 0.013896 
18.738567 450 1.011250 0.075825 1.158750 0.013896 
18.839289 450 1.011250 0.075825 1.158750 0.013896 
18.940017 450 1.011250 0.075825 1.158750 0.013896 
19.040768 450 1.011250 0.074814 1.158750 0.013896 
19.141504 450 1.011250 0.074814 1.158750 0.013896 
19.242227 450 1.011250 0.074814 1.158750 0.013896 
19.343021 450 1.011250 0.074814 1.158750 0.013896 
19.443755 450 1.011250 0.074814 1.158750 0.013896 
