0.000464 350 0.948750 0.063516 1.158750 0.013896 
0.101315 350 0.948750 0.063516 1.158750 0.013896 
0.202094 350 0.948750 0.064464 1.158750 0.013896 
0.302882 350 0.948750 0.064464 1.158750 0.013896 
0.403629 350 0.948750 0.064464 1.158750 0.013896 
0.504390 350 0.948750 0.064464 1.158750 0.013896 
0.605185 350 0.948750 0.064464 1.158750 0.013896 
0.706045 350 0.948750 0.065412 1.158750 0.013896 
0.806894 350 0.948750 0.065412 1.158750 0.013896 
0.907763 350 0.948750 0.065412 1.158750 0.013896 
1.008505 350 0.948750 0.065412 1.158750 0.013896 
1.109254 350 0.948750 0.065412 1.158750 0.013896 
1.210002 350 0.948750 0.065412 1.158750 0.013896 
1.310749 350 0.948750 0.065412 1.158750 0.013896 
1.411502 350 0.948750 0.065412 1.158750 0.013896 
1.512240 350 0.948750 0.064464 1.158750 0.013896 
1.613000 350 0.948750 0.064464 1.158750 0.013896 
1.713864 350 0.948750 0.064464 1.158750 0.013896 
1.814754 350 0.948750 0.064464 1.158750 0.013896 
1.915607 350 0.948750 0.064464 1.158750 0.013896 
2.016453 350 0.948750 0.055932 1.158750 0.013896 
2.117246 350 0.948750 0.055932 1.158750 0.013896 
2.218090 350 0.948750 0.055932 1.158750 0.013896 
2.318943 350 0.948750 0.052140 1.158750 0.013896 
2.419798 350 0.948750 0.052140 1.158750 0.013896 
2.520653 350 0.948750 0.052140 1.158750 0.013896 
2.621504 350 0.948750 0.052140 1.158750 0.013896 
2.722431 350 0.948750 0.052140 1.158750 0.013896 
2.823272 350 0.948750 0.058776 1.158750 0.013896 
2.924113 350 0.948750 0.058776 1.158750 0.013896 
3.024937 350 0.948750 0.058776 1.158750 0.013896 
3.125776 350 0.948750 0.052140 1.158750 0.013896 
3.226621 350 0.948750 0.052140 1.158750 0.013896 
3.327534 350 0.948750 0.052140 1.158750 0.013896 
3.428372 350 0.948750 0.052140 1.158750 0.013896 
3.529248 350 0.948750 0.052140 1.158750 0.013896 
3.630089 350 0.948750 0.052140 1.158750 0.013896 
3.730920 350 0.948750 0.052140 1.158750 0.013896 
3.831757 350 0.948750 0.052140 1.158750 0.013896 
3.932659 350 0.948750 0.052140 1.158750 0.013896 
4.033486 350 0.948750 0.052140 1.158750 0.013896 
4.134332 350 0.948750 0.052140 1.158750 0.013896 
4.235169 350 0.948750 0.052140 1.158750 0.013896 
4.336016 350 0.948750 0.052140 1.158750 0.013896 
4.436854 350 0.948750 0.052140 1.158750 0.013896 
4.537760 350 0.948750 0.052140 1.158750 0.013896 
4.638600 350 0.948750 0.052140 1.158750 0.013896 
4.739444 350 0.948750 0.052140 1.158750 0.013896 
4.840293 350 0.948750 0.052140 1.158750 0.013896 
4.941141 350 0.950000 0.052250 1.158750 0.013896 
5.041981 350 0.950000 0.052250 1.158750 0.013896 
5.142894 350 0.950000 0.052250 1.158750 0.013896 
5.243746 350 0.950000 0.052250 1.158750 0.013896 
5.344599 350 0.950000 0.052250 1.158750 0.013896 
5.445442 350 0.950000 0.052250 1.158750 0.013896 
5.546290 350 0.950000 0.052250 1.158750 0.013896 
5.647143 350 0.950000 0.052250 1.158750 0.013896 
5.748051 350 0.948750 0.052140 1.158750 0.013896 
5.848892 350 0.948750 0.052140 1.158750 0.013896 
5.949743 350 0.948750 0.052140 1.158750 0.013896 
6.050587 350 0.950000 0.052250 1.158750 0.013896 
6.151435 350 0.950000 0.052250 1.158750 0.013896 
6.252248 350 0.948750 0.052140 1.158750 0.013896 
6.353097 350 0.948750 0.052140 1.158750 0.013896 
6.453946 350 0.948750 0.052140 1.158750 0.013896 
6.554791 350 0.948750 0.052140 1.158750 0.013896 
6.655640 350 0.948750 0.052140 1.158750 0.013896 
6.756488 350 0.948750 0.053088 1.158750 0.013896 
6.857419 350 0.948750 0.053088 1.158750 0.013896 
6.958263 350 0.948750 0.053088 1.158750 0.013896 
7.059115 350 0.948750 0.052140 1.158750 0.013896 
7.159966 350 0.948750 0.052140 1.158750 0.013896 
7.260815 350 0.948750 0.052140 1.158750 0.013896 
7.361670 350 0.948750 0.054036 1.158750 0.013896 
7.462592 350 0.948750 0.054036 1.158750 0.013896 
7.563440 350 0.948750 0.054984 1.158750 0.013896 
7.664286 350 0.948750 0.054984 1.158750 0.013896 
7.765135 350 0.948750 0.054984 1.158750 0.013896 
7.865988 350 0.950000 0.052250 1.158750 0.013896 
7.966844 350 0.950000 0.052250 1.158750 0.013896 
8.067758 350 0.950000 0.052250 1.158750 0.013896 
8.168601 350 0.950000 0.052250 1.158750 0.013896 
8.269619 350 0.950000 0.052250 1.158750 0.013896 
8.370480 350 0.948750 0.052140 1.158750 0.013896 
8.471333 350 0.948750 0.052140 1.158750 0.013896 
8.572231 350 0.948750 0.052140 1.158750 0.013896 
8.673083 350 0.948750 0.052140 1.158750 0.013896 
8.773935 350 0.948750 0.052140 1.158750 0.013896 
8.874779 350 0.948750 0.052140 1.158750 0.013896 
8.975628 350 0.948750 0.052140 1.158750 0.013896 
9.076454 350 0.948750 0.052140 1.158750 0.013896 
9.177383 350 0.948750 0.052140 1.158750 0.013896 
9.278238 350 0.948750 0.052140 1.158750 0.013896 
9.379114 350 0.948750 0.052140 1.158750 0.013896 
9.480027 350 0.950000 0.053200 1.158750 0.013896 
9.580907 350 0.950000 0.053200 1.158750 0.013896 
9.681759 350 0.948750 0.057828 1.158750 0.013896 
9.782679 350 0.948750 0.057828 1.158750 0.013896 
9.883543 350 0.948750 0.057828 1.158750 0.013896 
9.984398 350 0.948750 0.052140 1.158750 0.013896 
10.085246 350 0.948750 0.052140 1.158750 0.013896 
10.186104 350 0.948750 0.052140 1.158750 0.013896 
10.286968 350 0.948750 0.052140 1.158750 0.013896 
10.387898 350 0.948750 0.052140 1.158750 0.013896 
10.488747 350 0.948750 0.052140 1.158750 0.013896 
10.589617 350 0.948750 0.052140 1.158750 0.013896 
10.690492 350 0.948750 0.052140 1.158750 0.013896 
10.791337 350 0.948750 0.053088 1.158750 0.013896 
10.892234 350 0.948750 0.053088 1.158750 0.013896 
10.993105 350 0.950000 0.052250 1.158750 0.013896 
11.093970 350 0.950000 0.052250 1.158750 0.013896 
11.194847 350 0.950000 0.052250 1.158750 0.013896 
11.295704 350 0.948750 0.052140 1.158750 0.013896 
11.396572 350 0.948750 0.052140 1.158750 0.013896 
11.497502 350 0.948750 0.052140 1.158750 0.013896 
11.598377 350 0.948750 0.055932 1.158750 0.013896 
11.699242 350 0.948750 0.055932 1.158750 0.013896 
11.800102 350 0.948750 0.052140 1.158750 0.013896 
11.900954 350 0.948750 0.052140 1.158750 0.013896 
12.001820 350 0.948750 0.052140 1.158750 0.013896 
12.102754 350 0.948750 0.052140 1.158750 0.013896 
12.203616 350 0.948750 0.052140 1.158750 0.013896 
12.304474 350 0.948750 0.052140 1.158750 0.013896 
12.405342 350 0.948750 0.052140 1.158750 0.013896 
12.506207 350 0.948750 0.052140 1.158750 0.013896 
12.607074 350 0.948750 0.052140 1.158750 0.013896 
12.708169 350 0.948750 0.052140 1.158750 0.013896 
12.809037 350 0.948750 0.052140 1.158750 0.013896 
12.909908 350 0.948750 0.052140 1.158750 0.013896 
13.010780 350 0.948750 0.052140 1.158750 0.013896 
13.111638 350 0.948750 0.052140 1.158750 0.013896 
13.212579 350 0.948750 0.052140 1.158750 0.013896 
13.313449 350 0.948750 0.052140 1.158750 0.013896 
13.414338 350 0.950000 0.053200 1.158750 0.013896 
13.515201 350 0.950000 0.053200 1.158750 0.013896 
13.616058 350 0.950000 0.053200 1.158750 0.013896 
13.716921 350 0.950000 0.053200 1.158750 0.013896 
13.817862 350 0.950000 0.053200 1.158750 0.013896 
13.918727 350 0.948750 0.052140 1.158750 0.013896 
14.019596 350 0.948750 0.052140 1.158750 0.013896 
14.120462 350 0.948750 0.052140 1.158750 0.013896 
14.221328 350 0.950000 0.052250 1.158750 0.013896 
14.322253 350 0.950000 0.052250 1.158750 0.013896 
14.423109 350 0.948750 0.052140 1.158750 0.013896 
14.523961 350 0.948750 0.052140 1.158750 0.013896 
14.624804 350 0.948750 0.052140 1.158750 0.013896 
14.725659 350 0.948750 0.052140 1.158750 0.013896 
14.826517 350 0.948750 0.052140 1.158750 0.013896 
14.927450 350 0.948750 0.052140 1.158750 0.013896 
15.028292 350 0.948750 0.052140 1.158750 0.013896 
15.129148 350 0.948750 0.052140 1.158750 0.013896 
15.230001 350 0.948750 0.052140 1.158750 0.013896 
15.330867 350 0.948750 0.052140 1.158750 0.013896 
15.431752 350 0.948750 0.052140 1.158750 0.013896 
15.532667 350 0.950000 0.052250 1.158750 0.013896 
15.633522 350 0.950000 0.052250 1.158750 0.013896 
15.734372 350 0.948750 0.052140 1.158750 0.013896 
15.835238 350 0.948750 0.052140 1.158750 0.013896 
15.936093 350 0.948750 0.052140 1.158750 0.013896 
16.036939 350 0.948750 0.052140 1.158750 0.013896 
16.137856 350 0.948750 0.052140 1.158750 0.013896 
16.238712 350 0.948750 0.052140 1.158750 0.013896 
16.339571 350 0.948750 0.052140 1.158750 0.013896 
16.440575 350 0.948750 0.052140 1.158750 0.013896 
16.541441 350 0.950000 0.052250 1.158750 0.013896 
16.642372 350 0.950000 0.052250 1.158750 0.013896 
16.743229 350 0.950000 0.052250 1.158750 0.013896 
16.844092 350 0.948750 0.052140 1.158750 0.013896 
16.944954 350 0.948750 0.052140 1.158750 0.013896 
17.045807 350 0.948750 0.052140 1.158750 0.013896 
17.146669 350 0.948750 0.052140 1.158750 0.013896 
17.247596 350 0.948750 0.052140 1.158750 0.013896 
17.348459 350 0.948750 0.052140 1.158750 0.013896 
17.449342 350 0.948750 0.052140 1.158750 0.013896 
17.550224 350 0.948750 0.052140 1.158750 0.013896 
17.651092 350 0.948750 0.053088 1.158750 0.013896 
17.751959 350 0.948750 0.053088 1.158750 0.013896 
17.852888 350 0.948750 0.056880 1.158750 0.013896 
17.953760 350 0.948750 0.056880 1.158750 0.013896 
18.054617 350 0.948750 0.056880 1.158750 0.013896 
18.155472 350 0.950000 0.052250 1.158750 0.013896 
18.256335 350 0.950000 0.052250 1.158750 0.013896 
18.357397 350 0.950000 0.052250 1.158750 0.013896 
18.458266 350 0.948750 0.052140 1.158750 0.013896 
18.559130 350 0.948750 0.052140 1.158750 0.013896 
18.659994 350 0.948750 0.052140 1.158750 0.013896 
18.760863 350 0.948750 0.052140 1.158750 0.013896 
18.861730 350 0.948750 0.052140 1.158750 0.013896 
18.962661 350 0.948750 0.052140 1.158750 0.013896 
19.063521 350 0.948750 0.052140 1.158750 0.013896 
19.164395 350 0.948750 0.052140 1.158750 0.013896 
19.265259 350 0.948750 0.052140 1.158750 0.013896 
19.366124 350 0.948750 0.052140 1.158750 0.013896 
19.466992 350 0.948750 0.052140 1.158750 0.013896 
19.567893 350 0.948750 0.052140 1.158750 0.013896 
19.668769 350 0.948750 0.052140 1.158750 0.013896 
19.769642 350 0.948750 0.056880 1.158750 0.013896 
19.870509 350 0.948750 0.056880 1.158750 0.013896 
19.971382 350 0.950000 0.052250 1.158750 0.013896 
20.072260 350 0.950000 0.052250 1.158750 0.013896 
20.173114 350 0.950000 0.052250 1.158750 0.013896 
20.273961 350 0.948750 0.052140 1.158750 0.013896 
20.374826 350 0.948750 0.052140 1.158750 0.013896 
20.475681 350 0.950000 0.052250 1.158750 0.013896 
20.576547 350 0.950000 0.052250 1.158750 0.013896 
20.677481 350 0.950000 0.052250 1.158750 0.013896 
20.778355 350 0.950000 0.052250 1.158750 0.013896 
20.879223 350 0.950000 0.052250 1.158750 0.013896 
20.980084 350 0.950000 0.052250 1.158750 0.013896 
21.080953 350 0.950000 0.052250 1.158750 0.013896 
21.181813 350 0.950000 0.052250 1.158750 0.013896 
21.282745 350 0.948750 0.052140 1.158750 0.013896 
21.383616 350 0.948750 0.052140 1.158750 0.013896 
21.484481 350 0.948750 0.052140 1.158750 0.013896 
21.585357 350 0.948750 0.052140 1.158750 0.013896 
21.686219 350 0.948750 0.052140 1.158750 0.013896 
21.787094 350 0.948750 0.052140 1.158750 0.013896 
21.888023 350 0.950000 0.052250 1.158750 0.013896 
21.988901 350 0.950000 0.052250 1.158750 0.013896 
22.089761 350 0.948750 0.052140 1.158750 0.013896 
22.190632 350 0.948750 0.052140 1.158750 0.013896 
22.291503 350 0.948750 0.052140 1.158750 0.013896 
22.392444 350 0.950000 0.052250 1.158750 0.013896 
22.493305 350 0.950000 0.052250 1.158750 0.013896 
22.594164 350 0.948750 0.052140 1.158750 0.013896 
22.695043 350 0.948750 0.052140 1.158750 0.013896 
22.795917 350 0.948750 0.052140 1.158750 0.013896 
22.896782 350 0.950000 0.052250 1.158750 0.013896 
22.997894 350 0.950000 0.052250 1.158750 0.013896 
23.098766 350 0.950000 0.052250 1.158750 0.013896 
23.199634 350 0.950000 0.052250 1.158750 0.013896 
23.300506 350 0.950000 0.052250 1.158750 0.013896 
23.401371 350 0.950000 0.052250 1.158750 0.013896 
23.502269 350 0.950000 0.052250 1.158750 0.013896 
23.603144 350 0.950000 0.052250 1.158750 0.013896 
23.704011 350 0.950000 0.052250 1.158750 0.013896 
23.804874 350 0.950000 0.052250 1.158750 0.013896 
23.905732 350 0.948750 0.052140 1.158750 0.013896 
24.006607 350 0.948750 0.052140 1.158750 0.013896 
24.107715 350 0.948750 0.052140 1.158750 0.013896 
24.208578 350 0.948750 0.052140 1.158750 0.013896 
24.309451 350 0.948750 0.052140 1.158750 0.013896 
24.410324 350 0.948750 0.052140 1.158750 0.013896 
24.511343 350 0.948750 0.052140 1.158750 0.013896 
24.612248 350 0.948750 0.052140 1.158750 0.013896 
24.713110 350 0.950000 0.052250 1.158750 0.013896 
24.813981 350 0.950000 0.052250 1.158750 0.013896 
24.914863 350 0.950000 0.052250 1.158750 0.013896 
