0.000232 1100 1.200000 0.018000 0.990000 0.866250 
0.100779 1100 1.200000 0.018000 0.990000 0.767250 
0.201279 1100 1.200000 0.018000 0.990000 0.767250 
0.301772 1100 1.200000 0.018000 0.990000 0.732600 
0.402261 1100 1.200000 0.018000 0.990000 0.732600 
0.502736 1100 1.200000 0.018000 0.990000 0.732600 
0.603265 1100 1.200000 0.018000 0.990000 0.745470 
0.703817 1100 1.200000 0.018000 0.990000 0.745470 
0.804338 1100 1.200000 0.018000 0.990000 0.810810 
0.904835 1100 1.200000 0.018000 0.990000 0.810810 
1.005393 1100 1.200000 0.018000 0.990000 0.810810 
1.105881 1100 1.200000 0.018000 0.990000 0.810810 
1.206341 1100 1.200000 0.018000 0.990000 0.810810 
1.306817 1100 1.200000 0.018000 0.990000 0.810810 
1.407261 1100 1.200000 0.018000 0.990000 0.828630 
1.507704 1100 1.200000 0.018000 0.990000 0.828630 
1.608176 1100 1.200000 0.018000 0.990000 0.864270 
1.708648 1100 1.200000 0.018000 0.990000 0.864270 
1.809100 1100 1.200000 0.018000 0.990000 0.864270 
1.909542 1100 1.200000 0.018000 0.990000 0.866250 
2.009986 1100 1.200000 0.018000 0.990000 0.866250 
2.110424 1100 1.200000 0.018000 0.990000 0.866250 
2.210865 1100 1.200000 0.018000 0.990000 0.868230 
2.311327 1100 1.200000 0.018000 0.990000 0.868230 
2.411779 1100 1.200000 0.018000 0.990000 0.867240 
2.512237 1100 1.200000 0.018000 0.990000 0.867240 
2.612685 1100 1.200000 0.018000 0.990000 0.867240 
2.713163 1100 1.200000 0.018000 0.990000 0.865260 
2.813615 1100 1.200000 0.018000 0.990000 0.865260 
2.914119 1100 1.200000 0.018000 0.990000 0.869220 
3.014671 1100 1.200000 0.018000 0.990000 0.869220 
3.115147 1100 1.200000 0.018000 0.990000 0.869220 
3.215604 1100 1.200000 0.018000 0.990000 0.819720 
3.316086 1100 1.200000 0.018000 0.990000 0.819720 
3.416540 1100 1.200000 0.018000 0.990000 0.819720 
3.516985 1100 1.200000 0.018000 0.990000 0.865260 
3.617433 1100 1.200000 0.018000 0.990000 0.865260 
3.717875 1100 1.200000 0.018000 0.990000 0.866250 
3.818375 1100 1.200000 0.018000 0.990000 0.866250 
3.918825 1100 1.200000 0.018000 0.990000 0.866250 
4.019279 1100 1.200000 0.018000 0.990000 0.867240 
4.119727 1100 1.200000 0.018000 0.990000 0.867240 
4.220169 1100 1.200000 0.018000 0.990000 0.867240 
4.320641 1100 1.200000 0.018000 0.990000 0.866250 
4.421111 1100 1.200000 0.018000 0.990000 0.866250 
4.521559 1100 1.200000 0.018000 0.990000 0.862290 
4.622010 1100 1.200000 0.018000 0.990000 0.862290 
4.722468 1100 1.200000 0.018000 0.990000 0.862290 
4.822922 1100 1.200000 0.018000 0.990000 0.870210 
4.923398 1100 1.200000 0.018000 0.990000 0.870210 
5.023841 1100 1.200000 0.018000 0.990000 0.862290 
5.124287 1100 1.200000 0.018000 0.990000 0.862290 
5.224727 1100 1.200000 0.018000 0.990000 0.862290 
5.325191 1100 1.200000 0.018000 0.990000 0.865260 
5.425718 1100 1.200000 0.018000 0.990000 0.865260 
